BOM_solar_grid_data_201906/2019062120190621.grid
ncols 839
nrows 679
xllcenter 112.0500
yllcenter -43.9500
cellsize 0.0500
nodata_value 99999.90
[rows 102 to 135 of 679, columns 616 to 692 of 839]
19.18 19.18 19.16 19.15 19.16 19.17 19.15 19.15 19.16 19.15 19.15 19.15 19.17 19.17 19.17 19.19 19.18 19.17 19.17 19.16 19.16 19.15 19.16 19.15 19.16 19.15 19.16 19.16 19.16 19.15 19.15 19.16 19.18 19.18 19.19 19.18 19.19 19.19 19.19 19.19 19.20 19.20 19.21 19.21 19.22 19.22 19.21 19.18 19.18 19.18 19.20 19.20 19.20 19.20 19.20 19.20 19.20 19.20 19.20 99999.90 99999.90 99999.90 99999.90 99999.90 99999.90 99999.90 99999.90 99999.90 99999.90 99999.90 99999.90 99999.90 99999.90 99999.90 99999.90 99999.90 99999.90
19.11 19.14 19.14 19.16 19.14 19.15 19.15 19.12 19.12 19.11 19.10 19.10 19.15 19.16 19.16 19.16 19.16 19.16 19.14 19.15 19.15 19.14 19.14 19.14 19.14 19.14 19.15 19.15 19.15 19.15 19.14 19.13 19.14 19.16 19.16 19.15 19.15 19.15 19.15 19.16 19.17 19.17 19.17 19.17 19.20 19.22 19.22 19.19 19.19 19.19 19.12 19.12 19.12 19.12 19.12 19.12 19.12 19.12 19.12 19.01 99999.90 99999.90 99999.90 99999.90 99999.90 99999.90 99999.90 99999.90 99999.90 99999.90 99999.90 99999.90 99999.90 99999.90 99999.90 99999.90 99999.90
19.10 19.12 19.11 19.12 19.12 19.12 19.14 19.12 19.11 19.10 19.09 19.08 19.11 19.14 19.14 19.15 19.14 19.14 19.13 19.13 19.14 19.14 19.12 19.13 19.12 19.13 19.13 19.12 19.13 19.14 19.13 19.12 19.12 19.13 19.13 19.14 19.13 19.13 19.12 19.14 19.15 19.15 19.16 19.15 19.19 19.23 19.22 19.17 19.17 19.12 19.12 19.12 19.12 19.12 19.12 19.12 19.12 19.12 19.12 19.01 99999.90 99999.90 99999.90 99999.90 99999.90 99999.90 99999.90 99999.90 99999.90 99999.90 99999.90 99999.90 99999.90 99999.90 99999.90 99999.90 99999.90
19.08 19.08 19.04 19.07 19.09 19.09 19.09 19.08 19.11 19.10 19.04 19.06 19.08 19.09 19.10 19.12 19.11 19.12 19.11 19.11 19.11 19.12 19.10 19.09 19.10 19.09 19.09 19.09 19.10 19.10 19.10 19.10 19.09 19.10 19.10 19.11 19.11 19.12 19.11 19.11 19.11 19.12 19.13 19.14 19.15 19.14 19.16 19.16 19.12 19.12 19.12 19.12 19.12 19.12 19.12 19.12 19.12 19.12 19.12 19.01 99999.90 99999.90 99999.90 99999.90 99999.90 99999.90 99999.90 99999.90 99999.90 99999.90 99999.90 99999.90 99999.90 99999.90 99999.90 99999.90 99999.90
19.04 19.02 19.05 19.06 19.07 19.09 19.07 19.07 19.10 19.12 19.05 19.04 19.02 19.07 19.08 19.08 19.08 19.09 19.09 19.08 19.09 19.09 19.09 19.07 19.06 19.08 19.07 19.06 19.07 19.06 19.05 19.07 19.07 19.08 19.09 19.09 19.10 19.10 19.09 19.10 19.10 19.10 19.09 19.11 19.12 19.14 19.15 19.17 19.15 19.15 19.15 19.15 19.15 19.15 19.15 19.15 19.15 19.15 19.15 19.01 18.87 99999.90 99999.90 99999.90 99999.90 99999.90 99999.90 99999.90 99999.90 99999.90 99999.90 99999.90 99999.90 99999.90 99999.90 99999.90 99999.90
19.05 19.04 19.04 19.05 19.07 19.07 19.07 19.07 19.08 19.10 19.11 19.07 19.01 19.01 19.05 19.04 19.05 19.06 19.06 19.06 19.07 19.08 19.07 19.07 19.06 19.04 19.06 19.04 19.05 19.04 19.02 19.04 19.04 19.06 19.07 19.07 19.07 19.07 19.06 19.07 19.08 19.08 19.07 19.09 19.08 19.10 19.12 19.10 19.15 19.15 19.15 19.15 19.15 19.15 19.15 19.15 19.15 19.15 19.15 19.01 18.87 99999.90 99999.90 99999.90 99999.90 99999.90 99999.90 99999.90 99999.90 99999.90 99999.90 99999.90 99999.90 99999.90 99999.90 99999.90 99999.90
19.04 19.03 19.02 19.04 19.04 19.06 19.06 19.05 19.07 19.07 19.07 19.05 19.03 19.00 19.03 19.03 19.03 19.04 19.04 19.03 19.04 19.05 19.05 19.05 19.05 19.05 19.04 19.04 19.01 19.00 18.98 19.01 19.03 19.03 19.04 19.04 19.04 19.04 19.04 19.04 19.05 19.05 19.06 19.07 19.05 19.05 19.04 19.05 19.05 19.02 19.02 19.02 19.02 19.02 19.02 19.02 19.02 19.02 19.02 19.01 18.87 99999.90 99999.90 99999.90 99999.90 99999.90 99999.90 99999.90 99999.90 99999.90 99999.90 99999.90 99999.90 99999.90 99999.90 99999.90 99999.90
19.05 19.03 19.01 19.02 19.01 19.02 19.03 19.03 19.03 19.04 19.05 19.03 19.02 18.99 19.02 19.03 19.03 19.03 19.03 19.01 19.02 19.02 19.03 19.04 19.05 19.04 19.04 19.02 19.00 18.96 19.00 19.02 19.03 19.03 19.03 19.03 19.02 19.03 19.03 19.02 19.03 19.03 19.04 19.04 19.04 19.03 19.03 19.02 19.02 19.02 19.02 19.02 19.02 19.02 19.02 19.02 19.02 19.01 19.01 19.01 18.87 18.81 99999.90 99999.90 99999.90 99999.90 99999.90 99999.90 99999.90 99999.90 99999.90 99999.90 99999.90 99999.90 99999.90 99999.90 99999.90
19.04 19.02 19.02 19.02 18.97 18.99 18.99 19.00 19.01 19.01 19.01 19.00 19.01 19.01 19.00 19.00 19.01 19.01 19.00 19.00 19.01 19.00 19.01 19.01 19.02 19.01 19.01 18.99 18.97 18.97 18.97 18.98 19.01 19.02 19.03 19.01 19.01 19.00 19.00 19.00 19.01 19.01 19.02 19.03 19.02 19.01 19.00 18.99 18.99 18.99 18.99 18.99 18.99 18.99 19.01 19.01 19.01 19.01 19.01 19.01 18.87 18.81 99999.90 99999.90 99999.90 99999.90 99999.90 99999.90 99999.90 99999.90 99999.90 99999.90 99999.90 99999.90 99999.90 99999.90 99999.90
18.99 19.00 19.00 19.00 18.99 18.97 18.97 18.99 18.99 18.99 18.99 18.98 18.98 18.99 18.96 18.97 18.98 18.99 18.98 18.99 18.99 18.99 18.99 18.99 19.00 19.00 18.99 18.98 18.98 18.96 18.95 18.96 18.98 18.98 18.99 19.00 19.00 18.99 18.99 18.99 18.99 18.98 18.99 19.00 19.00 19.00 19.00 18.98 18.95 18.95 18.95 19.01 19.01 19.01 19.01 19.01 19.01 19.01 19.01 19.01 18.87 18.81 99999.90 99999.90 99999.90 99999.90 99999.90 99999.90 99999.90 99999.90 99999.90 99999.90 99999.90 99999.90 99999.90 99999.90 99999.90
18.98 18.98 18.98 18.97 19.00 18.98 18.97 18.97 18.98 18.97 18.97 18.96 18.96 18.94 18.92 18.95 18.97 18.97 18.97 18.98 18.98 18.98 18.98 18.98 18.98 18.98 18.98 18.97 18.96 18.96 18.96 18.96 18.96 18.96 18.96 18.97 18.97 18.98 18.98 18.97 18.98 18.98 18.97 18.96 18.96 18.96 18.96 18.97 18.97 18.97 19.01 19.01 19.01 19.01 19.01 19.01 19.01 19.01 18.87 18.87 18.87 18.81 99999.90 99999.90 99999.90 99999.90 99999.90 99999.90 99999.90 99999.90 99999.90 99999.90 99999.90 99999.90 99999.90 99999.90 99999.90
18.94 18.92 18.94 18.95 18.96 18.95 18.94 18.95 18.95 18.93 18.94 18.93 18.93 18.91 18.91 18.92 18.93 18.93 18.93 18.96 18.95 18.96 18.97 18.96 18.95 18.95 18.95 18.94 18.94 18.94 18.94 18.95 18.93 18.93 18.93 18.94 18.94 18.94 18.95 18.94 18.95 18.96 18.94 18.92 18.95 18.94 18.94 18.94 18.94 19.01 19.01 19.01 19.01 19.01 19.01 18.87 18.87 18.87 18.87 18.87 18.87 18.81 99999.90 99999.90 99999.90 99999.90 99999.90 99999.90 99999.90 99999.90 99999.90 99999.90 99999.90 99999.90 99999.90 99999.90 99999.90
18.90 18.92 18.92 18.93 18.92 18.92 18.93 18.93 18.93 18.92 18.91 18.92 18.91 18.89 18.87 18.89 18.92 18.92 18.89 18.93 18.93 18.93 18.94 18.95 18.93 18.93 18.92 18.93 18.94 18.94 18.93 18.93 18.91 18.91 18.92 18.92 18.92 18.92 18.93 18.92 18.93 18.96 18.93 18.93 18.94 18.93 18.93 18.92 18.93 19.03 19.03 19.03 18.87 18.87 18.87 18.87 18.87 18.87 18.87 18.87 18.87 18.81 99999.90 99999.90 99999.90 99999.90 99999.90 99999.90 99999.90 99999.90 99999.90 99999.90 99999.90 99999.90 99999.90 99999.90 99999.90
18.87 18.90 18.90 18.91 18.90 18.89 18.91 18.91 18.91 18.91 18.91 18.91 18.90 18.88 18.86 18.88 18.90 18.90 18.90 18.88 18.88 18.89 18.91 18.92 18.89 18.89 18.90 18.90 18.91 18.92 18.91 18.90 18.90 18.89 18.89 18.88 18.89 18.89 18.89 18.88 18.90 18.91 18.90 18.92 18.91 18.91 18.90 18.89 18.90 18.97 18.97 18.87 18.87 18.87 18.87 18.87 18.87 18.87 18.87 18.81 18.81 18.81 99999.90 99999.90 99999.90 99999.90 99999.90 99999.90 99999.90 99999.90 99999.90 99999.90 99999.90 99999.90 99999.90 99999.90 99999.90
18.83 18.87 18.88 18.88 18.87 18.87 18.87 18.88 18.87 18.87 18.89 18.89 18.87 18.86 18.84 18.84 18.87 18.87 18.87 18.88 18.85 18.86 18.90 18.89 18.88 18.89 18.89 18.89 18.89 18.89 18.88 18.88 18.88 18.88 18.87 18.85 18.87 18.86 18.85 18.86 18.88 18.87 18.87 18.88 18.90 18.91 18.89 18.90 18.88 18.85 18.87 18.87 18.87 18.87 18.87 18.87 18.81 18.81 18.81 18.81 18.81 18.81 99999.90 99999.90 99999.90 99999.90 99999.90 99999.90 99999.90 99999.90 99999.90 99999.90 99999.90 99999.90 99999.90 99999.90 99999.90
18.78 18.84 18.86 18.86 18.85 18.83 18.83 18.81 18.82 18.85 18.87 18.86 18.84 18.82 18.81 18.83 18.84 18.85 18.85 18.84 18.84 18.84 18.85 18.87 18.87 18.85 18.86 18.87 18.87 18.87 18.86 18.86 18.86 18.85 18.84 18.84 18.85 18.84 18.84 18.84 18.80 18.84 18.84 18.85 18.87 18.89 18.86 18.91 18.91 18.85 18.87 18.87 18.87 18.81 18.81 18.81 18.81 18.81 18.81 18.81 18.81 18.81 99999.90 99999.90 99999.90 99999.90 99999.90 99999.90 99999.90 99999.90 99999.90 99999.90 99999.90 99999.90 99999.90 99999.90 99999.90
18.64 18.74 18.81 18.80 18.82 18.80 18.78 18.76 18.78 18.84 18.84 18.83 18.81 18.80 18.79 18.80 18.80 18.80 18.82 18.83 18.82 18.81 18.83 18.83 18.82 18.82 18.83 18.84 18.84 18.85 18.84 18.84 18.84 18.84 18.82 18.82 18.82 18.82 18.82 18.81 18.79 18.82 18.82 18.83 18.84 18.86 18.92 18.77 18.82 18.74 18.80 18.80 18.81 18.81 18.81 18.81 18.81 18.81 18.81 18.81 18.81 18.81 99999.90 99999.90 99999.90 99999.90 99999.90 99999.90 99999.90 99999.90 99999.90 99999.90 99999.90 99999.90 99999.90 99999.90 99999.90
18.58 18.63 18.73 18.71 18.74 18.74 18.71 18.77 18.82 18.83 18.81 18.81 18.80 18.80 18.78 18.78 18.76 18.77 18.79 18.80 18.81 18.83 18.83 18.82 18.81 18.80 18.81 18.80 18.81 18.82 18.83 18.83 18.82 18.81 18.81 18.81 18.81 18.80 18.80 18.80 18.80 18.81 18.80 18.82 18.82 18.82 18.86 18.88 18.84 18.86 18.84 18.81 18.81 18.81 18.81 18.81 18.81 18.81 18.81 18.81 18.81 18.81 99999.90 99999.90 99999.90 99999.90 99999.90 99999.90 99999.90 99999.90 99999.90 99999.90 99999.90 99999.90 99999.90 99999.90 99999.90
18.60 18.57 18.72 18.72 18.73 18.72 18.76 18.74 18.72 18.75 18.77 18.80 18.81 18.80 18.79 18.77 18.75 18.77 18.77 18.75 18.78 18.82 18.82 18.81 18.80 18.78 18.76 18.76 18.78 18.80 18.80 18.81 18.81 18.81 18.79 18.79 18.79 18.78 18.77 18.77 18.78 18.78 18.79 18.80 18.80 18.80 18.80 18.81 18.84 18.79 18.85 18.81 18.81 18.81 18.81 18.81 18.81 18.81 18.81 18.81 18.81 18.81 18.57 99999.90 99999.90 99999.90 99999.90 99999.90 99999.90 99999.90 99999.90 99999.90 99999.90 99999.90 99999.90 99999.90 99999.90
18.56 18.64 18.71 18.73 18.76 18.76 18.76 18.74 18.74 18.76 18.78 18.79 18.79 18.78 18.76 18.77 18.76 18.74 18.76 18.74 18.76 18.78 18.79 18.79 18.80 18.78 18.75 18.74 18.75 18.77 18.78 18.77 18.78 18.78 18.77 18.78 18.78 18.77 18.76 18.77 18.76 18.77 18.77 18.77 18.77 18.78 18.78 18.77 18.78 18.85 18.89 18.36 18.36 18.36 18.36 18.36 18.36 18.36 18.36 18.36 18.36 18.36 18.57 18.55 99999.90 99999.90 99999.90 99999.90 99999.90 99999.90 99999.90 99999.90 99999.90 99999.90 99999.90 99999.90 99999.90
18.58 18.61 18.70 18.73 18.74 18.76 18.76 18.76 18.74 18.75 18.77 18.78 18.78 18.77 18.76 18.76 18.75 18.74 18.75 18.76 18.75 18.76 18.77 18.78 18.77 18.77 18.76 18.73 18.74 18.73 18.77 18.78 18.77 18.77 18.77 18.77 18.78 18.77 18.76 18.75 18.75 18.75 18.74 18.74 18.73 18.78 18.78 18.77 18.75 18.75 18.92 18.85 18.85 18.85 18.85 18.85 18.85 18.85 18.85 18.85 18.85 18.85 18.55 18.55 99999.90 99999.90 99999.90 99999.90 99999.90 99999.90 99999.90 99999.90 99999.90 99999.90 99999.90 99999.90 99999.90
18.55 18.58 18.66 18.72 18.73 18.74 18.74 18.74 18.72 18.73 18.75 18.75 18.74 18.74 18.75 18.74 18.72 18.73 18.72 18.72 18.71 18.74 18.74 18.74 18.73 18.73 18.74 18.72 18.72 18.72 18.74 18.75 18.75 18.75 18.74 18.74 18.75 18.74 18.73 18.75 18.74 18.73 18.71 18.73 18.79 18.82 18.80 18.78 18.77 18.75 18.84 18.95 18.95 18.95 18.95 18.95 18.95 18.95 18.95 18.95 18.95 18.95 18.55 18.55 18.52 99999.90 99999.90 99999.90 99999.90 99999.90 99999.90 99999.90 99999.90 99999.90 99999.90 99999.90 99999.90
18.62 18.67 18.64 18.66 18.72 18.71 18.70 18.71 18.70 18.70 18.71 18.71 18.72 18.71 18.72 18.73 18.72 18.71 18.69 18.69 18.66 18.70 18.71 18.72 18.71 18.71 18.70 18.70 18.71 18.71 18.72 18.72 18.72 18.73 18.72 18.72 18.73 18.72 18.72 18.73 18.73 18.72 18.71 18.72 18.77 18.75 18.76 18.73 18.73 18.75 18.78 18.79 18.79 18.79 18.79 18.79 18.79 18.79 18.79 18.79 18.79 18.79 18.55 18.55 18.52 18.52 99999.90 99999.90 99999.90 99999.90 99999.90 99999.90 99999.90 99999.90 99999.90 99999.90 99999.90
18.60 18.60 18.63 18.58 18.67 18.67 18.67 18.68 18.69 18.69 18.67 18.63 18.67 18.68 18.68 18.69 18.69 18.68 18.66 18.58 18.64 18.62 18.65 18.67 18.67 18.69 18.66 18.67 18.68 18.69 18.69 18.69 18.69 18.68 18.70 18.69 18.70 18.70 18.70 18.70 18.70 18.69 18.68 18.69 18.69 18.70 18.70 18.61 18.51 18.70 18.69 18.68 18.68 18.68 18.68 18.68 18.68 18.68 18.68 18.68 18.68 18.68 18.55 18.55 18.52 18.52 18.50 99999.90 99999.90 99999.90 99999.90 99999.90 99999.90 99999.90 99999.90 99999.90 99999.90
18.58 18.61 18.61 18.57 18.62 18.62 18.65 18.65 18.66 18.63 18.60 18.57 18.58 18.65 18.63 18.60 18.64 18.66 18.65 18.59 18.62 18.57 18.62 18.62 18.65 18.65 18.63 18.63 18.64 18.65 18.66 18.65 18.66 18.66 18.66 18.67 18.67 18.67 18.68 18.68 18.67 18.67 18.67 18.66 18.67 18.67 18.66 18.48 17.33 18.60 18.67 18.68 18.68 18.68 18.68 18.68 18.68 18.68 18.68 18.55 18.55 18.55 18.55 18.55 18.52 18.50 18.50 18.17 99999.90 99999.90 99999.90 99999.90 99999.90 99999.90 99999.90 99999.90 99999.90
18.49 18.58 18.59 18.58 18.55 18.55 18.57 18.60 18.63 18.61 18.60 18.56 18.59 18.63 18.62 18.57 18.56 18.61 18.60 18.56 18.55 18.54 18.60 18.59 18.58 18.60 18.61 18.62 18.62 18.62 18.61 18.64 18.64 18.65 18.65 18.66 18.65 18.65 18.65 18.65 18.66 18.65 18.66 18.65 18.65 18.65 18.64 18.65 17.74 17.89 18.61 18.61 18.61 18.68 18.68 18.57 18.57 18.55 18.55 18.55 18.55 18.55 18.55 18.52 18.50 18.50 18.17 18.17 99999.90 99999.90 99999.90 99999.90 99999.90 99999.90 99999.90 99999.90 99999.90
18.46 18.51 18.52 18.53 18.48 18.41 18.42 18.49 18.53 18.57 18.58 18.58 18.53 18.54 18.56 18.55 18.45 18.45 18.55 18.55 18.51 18.28 18.47 18.55 18.53 18.55 18.60 18.59 18.58 18.61 18.57 18.59 18.62 18.62 18.63 18.64 18.63 18.62 18.62 18.63 18.63 18.63 18.64 18.64 18.64 18.62 18.61 18.63 18.77 18.45 18.59 18.59 18.60 18.60 18.57 18.57 18.55 18.55 18.55 18.55 18.55 18.52 18.52 18.50 18.39 18.39 18.39 18.39 18.39 18.39 18.39 18.39 99999.90 99999.90 99999.90 99999.90 99999.90
18.41 18.46 18.45 18.48 18.48 18.52 18.40 18.36 18.39 18.43 18.53 18.47 18.49 18.52 18.53 18.55 18.53 18.54 18.59 18.52 18.36 18.19 18.22 18.34 18.52 18.52 18.58 18.60 18.54 18.56 18.59 18.58 18.57 18.59 18.61 18.61 18.60 18.60 18.60 18.61 18.61 18.61 18.62 18.61 18.62 18.61 18.60 18.59 18.67 18.39 18.38 18.60 18.60 18.57 18.57 18.55 18.55 18.55 18.55 18.55 18.52 18.52 18.50 18.50 18.39 18.39 18.39 18.39 18.39 18.39 18.39 18.39 99999.90 99999.90 99999.90 99999.90 99999.90
18.47 18.48 18.47 18.43 18.57 18.58 18.59 18.50 18.53 18.52 18.56 18.50 18.52 18.47 18.54 18.51 18.52 18.53 18.58 18.45 18.40 18.36 18.33 18.26 18.53 18.54 18.55 18.56 18.51 18.54 18.55 18.51 18.55 18.56 18.54 18.56 18.58 18.58 18.59 18.59 18.59 18.58 18.59 18.59 18.58 18.58 18.58 18.58 18.58 18.74 18.56 18.55 18.57 18.57 18.55 18.55 18.55 18.55 18.52 18.52 18.52 18.50 18.50 18.39 18.39 18.39 18.39 18.39 18.39 18.39 18.39 18.39 99999.90 99999.90 99999.90 99999.90 99999.90
18.48 18.49 18.53 18.54 18.52 18.57 18.55 18.53 18.55 18.56 18.53 18.56 18.57 18.58 18.56 18.57 18.56 18.49 18.49 18.52 18.50 18.47 18.44 18.36 18.37 18.51 18.50 18.48 18.50 18.48 18.50 18.50 18.52 18.55 18.54 18.56 18.57 18.57 18.57 18.58 18.58 18.57 18.56 18.57 18.57 18.57 18.56 18.57 18.57 18.70 18.62 18.62 18.58 18.55 18.55 18.55 18.52 18.52 18.52 18.52 18.50 18.50 18.17 18.39 18.39 18.39 18.39 18.39 18.39 18.39 18.39 18.39 99999.90 99999.90 99999.90 99999.90 99999.90
18.52 18.49 18.49 18.54 18.52 18.55 18.54 18.49 18.51 18.51 18.40 18.47 18.49 18.54 18.56 18.56 18.56 18.53 18.50 18.45 18.49 18.48 18.46 18.47 18.45 18.52 18.53 18.49 18.49 18.47 18.46 18.49 18.46 18.51 18.52 18.53 18.51 18.49 18.53 18.53 18.55 18.55 18.55 18.55 18.56 18.54 18.54 18.55 18.54 18.61 18.60 18.47 18.59 18.46 18.46 18.52 18.52 18.52 18.52 18.50 18.50 18.17 18.39 18.39 18.39 18.39 18.39 18.39 18.39 18.39 18.39 18.39 99999.90 99999.90 99999.90 99999.90 99999.90
18.52 18.52 18.52 18.48 18.53 18.52 18.53 18.49 18.48 18.42 18.37 18.39 18.48 18.51 18.51 18.53 18.52 18.53 18.51 18.47 18.47 18.42 18.47 18.36 18.36 18.51 18.52 18.50 18.48 18.47 18.46 18.48 18.46 18.48 18.48 18.49 18.49 18.47 18.47 18.52 18.52 18.53 18.53 18.52 18.53 18.53 18.53 18.55 18.54 18.55 18.51 18.56 18.55 18.51 18.52 18.52 18.52 18.52 18.50 18.50 18.17 18.17 18.39 18.39 18.39 18.39 18.39 18.39 18.39 18.39 18.39 18.39 99999.90 99999.90 99999.90 99999.90 99999.90
18.44 18.53 18.51 18.52 18.50 18.51 18.53 18.53 18.50 18.46 18.40 18.41 18.48 18.47 18.45 18.49 18.51 18.51 18.51 18.49 18.47 18.42 18.41 18.42 18.46 18.51 18.50 18.50 18.50 18.46 18.44 18.44 18.48 18.48 18.47 18.48 18.48 18.48 18.47 18.48 18.50 18.51 18.51 18.51 18.50 18.50 18.50 18.52 18.53 18.53 18.52 18.54 18.53 18.50 18.53 18.52 18.52 18.50 18.50 18.17 18.17 18.39 18.39 18.39 18.39 18.39 18.39 18.39 18.39 18.39 18.39 18.39 18.34 99999.90 99999.90 99999.90 99999.90
18.43 18.43 18.48 18.48 18.49 18.50 18.50 18.50 18.51 18.49 18.49 18.43 18.42 18.47 18.44 18.46 18.47 18.50 18.49 18.50 18.44 18.41 18.41 18.37 18.49 18.48 18.47 18.48 18.47 18.46 18.46 18.46 18.46 18.46 18.46 18.44 18.42 18.44 18.48 18.49 18.49 18.50 18.49 18.49 18.49 18.48 18.48 18.51 18.48 18.48 18.50 18.51 18.49 18.48 18.42 18.48 18.50 18.50 18.17 18.17 18.41 18.39 18.39 18.39 18.39 18.39 18.39 18.39 18.39 18.39 18.39 18.39 18.34 99999.90 99999.90 99999.90 99999.90
