BOM_solar_grid_data_201906/2019060120190601.grid
ncols 839
nrows 679
xllcenter 112.0500
yllcenter -43.9500
cellsize 0.0500
nodata_value 99999.90
[rows 238 to 271 of 679, columns 231 to 307 of 839]
16.59 16.67 16.70 16.70 16.66 16.62 16.47 16.22 16.49 16.75 16.71 16.69 16.69 16.82 16.86 16.81 16.71 16.82 16.86 16.83 16.81 16.82 16.86 16.86 16.89 16.85 16.83 16.81 16.81 16.80 16.81 16.80 16.82 16.82 16.81 16.82 16.81 16.83 16.83 16.81 16.80 16.82 16.83 16.80 16.80 16.81 16.80 16.82 16.82 16.83 16.81 16.84 16.85 16.84 16.85 16.84 16.83 16.83 16.82 16.82 16.82 16.81 16.82 16.82 16.82 16.82 16.84 16.83 16.83 16.81 16.76 16.80 16.78 16.83 16.82 16.76 16.80
16.50 16.54 16.62 16.58 16.57 16.17 16.31 16.33 16.73 16.66 16.62 16.67 16.69 16.82 16.81 16.79 16.78 16.80 16.77 16.74 16.77 16.79 16.82 16.81 16.85 16.82 16.79 16.79 16.79 16.80 16.79 16.78 16.81 16.79 16.80 16.81 16.81 16.81 16.80 16.81 16.79 16.82 16.80 16.80 16.80 16.80 16.81 16.82 16.81 16.80 16.77 16.77 16.81 16.81 16.83 16.79 16.79 16.77 16.79 16.80 16.81 16.80 16.81 16.82 16.82 16.83 16.83 16.84 16.82 16.82 16.83 16.80 16.82 16.83 16.79 16.80 16.81
16.25 16.44 16.49 16.54 16.42 16.21 16.52 16.53 16.57 16.62 16.76 16.59 16.68 16.72 16.69 16.68 16.77 16.79 16.78 16.78 16.79 16.77 16.79 16.80 16.77 16.76 16.77 16.76 16.77 16.78 16.75 16.76 16.79 16.79 16.78 16.81 16.78 16.79 16.76 16.76 16.78 16.80 16.80 16.81 16.81 16.79 16.78 16.80 16.79 16.79 16.78 16.77 16.79 16.80 16.81 16.80 16.78 16.80 16.79 16.80 16.82 16.79 16.73 16.79 16.77 16.80 16.81 16.82 16.77 16.78 16.79 16.81 16.81 16.77 16.79 16.80 16.80
16.66 16.61 16.67 16.72 16.70 16.54 16.59 16.73 16.74 16.77 16.80 16.76 16.72 16.77 16.79 16.74 16.74 16.75 16.75 16.74 16.76 16.75 16.74 16.78 16.75 16.74 16.76 16.74 16.75 16.76 16.75 16.76 16.78 16.79 16.77 16.77 16.77 16.77 16.75 16.80 16.80 16.78 16.77 16.77 16.77 16.77 16.78 16.78 16.79 16.78 16.79 16.79 16.78 16.78 16.80 16.78 16.80 16.80 16.80 16.80 16.79 16.79 16.75 16.77 16.79 16.81 16.81 16.79 16.77 16.79 16.79 16.80 16.80 16.75 16.79 16.78 16.78
16.62 16.60 16.50 16.39 16.67 16.63 16.66 16.74 16.72 16.77 16.75 16.74 16.73 16.73 16.79 16.78 16.74 16.73 16.72 16.71 16.71 16.74 16.73 16.73 16.72 16.72 16.74 16.74 16.74 16.73 16.74 16.73 16.74 16.75 16.74 16.73 16.73 16.75 16.76 16.75 16.75 16.75 16.74 16.75 16.76 16.74 16.73 16.75 16.75 16.73 16.72 16.75 16.76 16.74 16.74 16.75 16.76 16.75 16.74 16.75 16.72 16.73 16.76 16.77 16.76 16.77 16.77 16.77 16.78 16.76 16.77 16.76 16.76 16.75 16.77 16.75 16.73
16.63 16.69 16.62 15.84 16.64 16.70 16.64 16.70 16.67 16.67 16.72 16.65 16.50 16.66 16.69 16.71 16.77 16.71 16.74 16.75 16.74 16.71 16.71 16.70 16.64 16.70 16.70 16.70 16.71 16.72 16.73 16.71 16.71 16.72 16.72 16.69 16.69 16.72 16.74 16.73 16.73 16.72 16.73 16.73 16.73 16.69 16.70 16.71 16.73 16.71 16.72 16.72 16.73 16.73 16.72 16.74 16.73 16.72 16.72 16.70 16.68 16.70 16.72 16.71 16.72 16.72 16.73 16.74 16.74 16.73 16.73 16.73 16.73 16.74 16.75 16.73 16.71
16.54 16.54 16.61 15.91 15.94 16.65 16.65 16.64 16.65 16.60 16.69 16.67 16.57 16.53 16.70 16.68 16.74 16.68 16.72 16.72 16.69 16.68 16.68 16.68 16.71 16.70 16.69 16.69 16.68 16.69 16.67 16.67 16.69 16.69 16.69 16.69 16.69 16.69 16.70 16.72 16.72 16.72 16.70 16.70 16.68 16.70 16.71 16.71 16.69 16.70 16.70 16.69 16.67 16.65 16.67 16.69 16.67 16.69 16.68 16.67 16.67 16.67 16.68 16.64 16.66 16.69 16.69 16.70 16.72 16.71 16.70 16.70 16.73 16.71 16.72 16.68 16.71
16.57 16.55 16.67 16.59 15.19 16.49 16.65 16.61 16.63 16.64 16.65 16.71 16.73 16.70 16.63 16.66 16.67 16.66 16.66 16.70 16.73 16.66 16.66 16.67 16.69 16.69 16.65 16.66 16.66 16.66 16.66 16.67 16.64 16.67 16.67 16.67 16.67 16.69 16.67 16.68 16.67 16.67 16.68 16.67 16.66 16.68 16.67 16.66 16.65 16.65 16.63 16.65 16.64 16.64 16.63 16.62 16.61 16.65 16.66 16.64 16.60 16.69 16.68 16.67 16.68 16.68 16.67 16.65 16.68 16.67 16.68 16.67 16.71 16.69 16.69 16.67 16.67
16.61 16.56 16.59 16.60 16.07 15.94 16.60 16.61 16.59 16.57 16.64 16.67 16.63 16.63 16.63 16.62 16.64 16.63 16.63 16.64 16.64 16.65 16.65 16.65 16.62 16.62 16.63 16.63 16.63 16.63 16.64 16.64 16.63 16.65 16.63 16.63 16.63 16.64 16.63 16.63 16.64 16.63 16.64 16.64 16.64 16.63 16.63 16.63 16.65 16.65 16.63 16.63 16.60 16.54 16.59 16.60 16.57 16.60 16.66 16.62 16.56 16.58 16.64 16.64 16.66 16.65 16.63 16.61 16.65 16.64 16.62 16.64 16.66 16.67 16.64 16.60 16.58
16.58 16.59 16.62 16.59 16.37 16.49 16.57 16.58 16.60 16.60 16.60 16.63 16.60 16.63 16.65 16.61 16.61 16.61 16.60 16.61 16.62 16.61 16.61 16.62 16.61 16.61 16.61 16.60 16.61 16.61 16.61 16.62 16.61 16.61 16.62 16.63 16.63 16.62 16.63 16.63 16.63 16.63 16.63 16.64 16.63 16.63 16.63 16.63 16.63 16.63 16.63 16.64 16.64 16.64 16.64 16.63 16.53 16.55 16.64 16.64 16.63 16.62 16.64 16.62 16.62 16.60 16.56 16.60 16.64 16.63 16.54 16.53 16.54 16.60 16.60 16.65 16.65
16.54 16.59 16.60 16.58 15.52 16.46 16.56 16.55 16.58 16.60 16.60 16.59 16.60 16.60 16.60 16.60 16.59 16.59 16.60 16.61 16.59 16.60 16.58 16.60 16.60 16.59 16.58 16.60 16.60 16.60 16.60 16.60 16.61 16.61 16.62 16.60 16.61 16.61 16.61 16.61 16.62 16.61 16.61 16.61 16.61 16.61 16.60 16.62 16.61 16.62 16.60 16.63 16.61 16.62 16.62 16.60 16.61 16.56 16.60 16.61 16.60 16.59 16.61 16.61 16.63 16.60 16.61 16.61 16.62 16.61 16.64 16.62 16.63 16.57 16.57 16.61 16.62
16.56 16.57 16.56 15.86 14.83 16.16 16.56 16.57 16.56 16.58 16.57 16.56 16.57 16.57 16.58 16.58 16.57 16.59 16.59 16.59 16.58 16.57 16.58 16.59 16.58 16.58 16.59 16.58 16.58 16.58 16.58 16.58 16.58 16.57 16.58 16.58 16.59 16.59 16.59 16.59 16.60 16.58 16.58 16.59 16.58 16.56 16.54 16.53 16.55 16.55 16.54 16.56 16.56 16.58 16.58 16.56 16.58 16.58 16.58 16.57 16.58 16.57 16.58 16.58 16.60 16.59 16.58 16.58 16.56 16.55 16.59 16.57 16.50 16.52 16.50 16.45 16.47
16.51 16.51 16.46 15.62 16.38 16.51 16.52 16.53 16.52 16.53 16.54 16.55 16.54 16.56 16.53 16.53 16.56 16.55 16.53 16.56 16.55 16.55 16.54 16.55 16.54 16.54 16.53 16.52 16.53 16.53 16.55 16.55 16.55 16.54 16.54 16.55 16.55 16.54 16.54 16.54 16.53 16.55 16.54 16.54 16.53 16.54 16.47 16.27 16.40 16.53 16.55 16.55 16.55 16.55 16.55 16.55 16.54 16.52 16.51 16.48 16.51 16.52 16.51 16.50 16.53 16.54 16.56 16.55 16.54 16.49 16.43 16.42 16.41 16.43 16.31 16.41 16.43
16.50 16.50 16.11 16.40 16.51 16.44 16.50 16.53 16.51 16.53 16.52 16.52 16.52 16.53 16.53 16.52 16.52 16.53 16.52 16.56 16.54 16.54 16.54 16.52 16.52 16.52 16.52 16.52 16.53 16.52 16.52 16.52 16.52 16.53 16.54 16.53 16.54 16.54 16.54 16.53 16.53 16.52 16.53 16.46 16.29 16.38 16.42 16.46 16.53 16.53 16.54 16.53 16.53 16.54 16.49 16.50 16.46 16.42 16.46 16.48 16.51 16.53 16.50 16.48 16.53 16.53 16.52 16.53 16.51 16.38 16.29 16.25 16.32 16.19 16.29 16.37 16.43
15.98 16.27 16.44 16.50 16.50 16.44 16.50 16.50 16.50 16.49 16.50 16.50 16.50 16.50 16.50 16.50 16.52 16.52 16.52 16.53 16.53 16.52 16.51 16.51 16.50 16.49 16.50 16.50 16.51 16.51 16.50 16.50 16.50 16.51 16.51 16.51 16.51 16.52 16.52 16.52 16.52 16.52 16.51 16.45 16.37 16.32 16.38 16.47 16.51 16.51 16.50 16.50 16.51 16.52 16.49 16.50 16.51 16.51 16.45 16.46 16.49 16.51 16.52 16.51 16.52 16.50 16.50 16.49 16.42 16.48 16.49 16.26 16.11 15.95 15.95 16.22 16.46
16.21 16.48 16.47 16.48 16.50 16.49 16.46 16.49 16.49 16.50 16.49 16.48 16.49 16.48 16.48 16.48 16.50 16.50 16.48 16.49 16.51 16.49 16.50 16.48 16.48 16.48 16.48 16.49 16.49 16.48 16.48 16.49 16.48 16.48 16.49 16.48 16.47 16.48 16.47 16.49 16.49 16.50 16.49 16.49 16.47 16.46 16.43 16.45 16.45 16.47 16.48 16.49 16.48 16.48 16.48 16.49 16.47 16.47 16.41 16.38 16.43 16.43 16.45 16.46 16.46 16.46 16.45 16.42 16.40 16.41 16.30 15.99 15.64 15.54 16.14 16.45 16.39
16.45 16.45 16.45 16.46 16.47 16.48 16.45 16.46 16.47 16.46 16.47 16.48 16.47 16.48 16.48 16.48 16.49 16.48 16.48 16.48 16.48 16.47 16.46 16.47 16.46 16.46 16.47 16.46 16.46 16.46 16.46 16.46 16.46 16.47 16.46 16.46 16.44 16.44 16.45 16.46 16.45 16.47 16.46 16.44 16.43 16.41 16.44 16.45 16.45 16.45 16.45 16.46 16.47 16.47 16.46 16.44 16.43 16.38 16.26 16.22 16.33 16.29 16.29 16.35 16.39 16.41 16.41 16.32 16.19 16.10 15.75 15.55 15.61 15.92 16.20 16.45 16.46
16.42 16.44 16.42 16.43 16.41 16.42 16.43 16.43 16.43 16.44 16.43 16.46 16.46 16.44 16.45 16.45 16.45 16.44 16.46 16.45 16.45 16.44 16.44 16.44 16.44 16.44 16.45 16.44 16.44 16.44 16.44 16.45 16.44 16.45 16.45 16.44 16.44 16.41 16.45 16.45 16.41 16.42 16.37 16.32 16.34 16.41 16.43 16.39 16.29 16.33 16.40 16.43 16.44 16.44 16.44 16.38 16.39 16.32 16.09 16.15 16.15 15.91 15.93 16.13 16.33 16.38 16.44 16.44 16.24 16.41 16.44 16.07 16.04 16.19 16.41 16.46 16.43
16.40 16.44 16.42 16.42 16.43 16.43 16.42 16.42 16.41 16.41 16.40 16.43 16.44 16.44 16.44 16.43 16.44 16.42 16.43 16.44 16.43 16.43 16.44 16.43 16.42 16.43 16.42 16.41 16.41 16.43 16.42 16.42 16.41 16.43 16.43 16.42 16.42 16.42 16.41 16.42 16.43 16.43 16.43 16.35 16.39 16.42 16.43 16.41 16.41 16.40 16.40 16.41 16.42 16.41 16.39 16.35 16.40 16.31 16.26 16.29 16.22 15.74 15.82 15.88 16.17 16.31 16.41 16.38 16.38 16.32 16.34 16.25 16.32 16.34 16.37 16.39 16.39
16.36 16.38 16.39 16.39 16.39 16.39 16.39 16.39 16.39 16.40 16.39 16.39 16.40 16.38 16.41 16.40 16.41 16.42 16.43 16.42 16.41 16.40 16.40 16.40 16.39 16.39 16.38 16.38 16.39 16.40 16.38 16.39 16.39 16.41 16.39 16.40 16.39 16.39 16.38 16.40 16.40 16.40 16.40 16.39 16.39 16.39 16.40 16.39 16.39 16.37 16.38 16.38 16.40 16.37 16.35 16.36 16.33 16.40 16.40 15.89 15.55 15.64 16.31 16.34 16.21 16.12 16.16 16.25 16.33 16.24 16.11 16.09 16.15 16.14 16.24 16.23 16.17
16.34 16.34 16.35 16.38 16.37 16.35 16.33 16.36 16.37 16.36 16.38 16.38 16.38 16.38 16.38 16.39 16.39 16.38 16.38 16.38 16.38 16.36 16.37 16.38 16.37 16.37 16.37 16.36 16.37 16.36 16.34 16.35 16.35 16.35 16.34 16.36 16.36 16.36 16.35 16.36 16.38 16.38 16.37 16.34 16.35 16.35 16.35 16.34 16.34 16.33 16.30 16.29 16.32 16.34 16.32 16.13 16.09 16.22 16.26 15.96 16.02 16.22 16.31 16.23 16.24 16.27 16.25 16.23 16.24 16.14 16.08 16.03 15.93 15.90 16.19 16.26 16.11
16.36 16.36 16.37 16.35 16.35 16.35 16.33 16.31 16.36 16.33 16.34 16.34 16.35 16.37 16.37 16.38 16.37 16.37 16.37 16.36 16.36 16.36 16.34 16.35 16.35 16.34 16.33 16.32 16.29 16.27 16.25 16.32 16.33 16.32 16.31 16.31 16.32 16.34 16.34 16.33 16.34 16.32 16.32 16.31 16.29 16.24 16.18 16.18 16.21 16.25 16.29 16.28 16.28 16.35 16.34 16.33 16.34 16.33 16.34 16.31 16.28 16.18 16.18 16.18 16.16 16.20 16.11 16.20 16.17 15.98 15.99 15.49 15.35 15.77 16.19 16.07 15.80
16.29 16.29 16.32 16.32 16.35 16.33 16.32 16.33 16.34 16.34 16.34 16.35 16.35 16.36 16.36 16.35 16.33 16.34 16.33 16.34 16.33 16.33 16.33 16.33 16.32 16.33 16.32 16.30 16.25 16.30 16.32 16.32 16.31 16.27 16.26 16.28 16.31 16.30 16.29 16.28 16.27 16.30 16.30 16.31 16.27 16.15 15.97 16.05 15.94 15.89 15.92 16.02 16.15 16.31 16.30 16.27 16.27 16.32 16.30 16.32 16.30 16.21 16.18 16.05 16.01 15.99 16.07 16.09 15.93 15.85 15.57 15.53 15.83 16.00 15.94 15.73 15.13
16.28 16.27 16.28 16.30 16.30 16.32 16.33 16.31 16.33 16.32 16.29 16.32 16.32 16.32 16.32 16.31 16.32 16.32 16.31 16.32 16.32 16.32 16.30 16.31 16.30 16.31 16.30 16.30 16.30 16.31 16.30 16.30 16.29 16.30 16.31 16.30 16.29 16.29 16.27 16.25 16.26 16.26 16.27 16.27 16.28 16.21 16.19 16.05 15.75 15.82 15.92 16.07 16.13 16.15 16.13 16.12 16.19 16.21 16.22 16.18 16.18 15.96 15.90 15.70 15.76 15.88 15.94 16.05 15.78 15.88 16.03 16.07 15.98 15.80 15.70 15.86 16.05
16.29 16.26 16.24 16.25 16.28 16.29 16.30 16.31 16.31 16.29 16.31 16.31 16.31 16.31 16.30 16.30 16.29 16.30 16.29 16.31 16.30 16.29 16.28 16.28 16.28 16.28 16.29 16.28 16.28 16.28 16.28 16.27 16.28 16.26 16.28 16.28 16.28 16.27 16.24 16.24 16.26 16.27 16.18 16.07 16.02 16.11 16.21 16.18 16.22 16.22 16.15 16.11 16.17 16.06 16.01 16.12 16.08 16.15 16.14 16.05 16.13 15.72 15.50 15.45 15.42 15.56 15.59 15.57 15.48 15.82 15.74 15.57 15.60 15.85 15.64 15.82 15.85
16.27 16.27 16.23 16.21 16.23 16.26 16.27 16.28 16.25 16.25 16.26 16.28 16.25 16.27 16.26 16.26 16.28 16.29 16.29 16.30 16.27 16.25 16.26 16.26 16.26 16.25 16.26 16.26 16.27 16.24 16.25 16.25 16.24 16.22 16.24 16.23 16.21 16.20 16.21 16.22 16.22 16.24 16.17 16.20 16.23 16.20 16.18 16.18 16.16 16.12 15.96 16.01 16.10 16.09 16.13 16.11 16.02 15.87 15.88 16.02 15.86 15.73 15.51 15.45 15.64 15.37 15.48 15.64 15.40 15.31 15.67 15.68 15.78 15.65 15.90 16.24 15.90
16.24 16.25 16.25 16.21 16.22 16.22 16.21 16.24 16.24 16.25 16.25 16.24 16.23 16.25 16.26 16.26 16.27 16.26 16.27 16.25 16.24 16.23 16.25 16.23 16.23 16.23 16.21 16.21 16.23 16.23 16.23 16.22 16.18 16.09 16.05 16.08 16.10 16.13 16.17 16.17 16.15 16.13 16.17 16.19 16.08 16.11 16.13 16.06 16.07 15.97 15.77 15.79 15.93 16.03 15.76 15.87 15.34 15.50 15.83 15.73 15.63 15.63 15.39 15.25 15.33 15.43 15.67 15.95 15.82 15.82 15.49 15.28 15.29 15.59 16.01 16.25 16.24
16.13 16.21 16.23 16.19 16.16 16.15 16.18 16.21 16.22 16.23 16.23 16.23 16.23 16.23 16.22 16.23 16.22 16.22 16.24 16.22 16.21 16.22 16.22 16.22 16.21 16.20 16.21 16.20 16.21 16.21 16.21 16.20 16.20 16.19 16.15 16.02 15.97 15.96 16.02 16.06 15.97 15.74 15.96 16.13 16.08 16.05 16.04 16.01 15.95 15.90 15.80 15.73 15.52 15.54 15.40 15.73 15.78 15.88 15.84 15.40 15.27 15.04 14.78 15.18 15.38 15.55 15.77 15.49 15.63 15.23 15.01 15.21 15.34 15.72 16.11 16.20 16.17
16.11 16.19 16.20 16.22 16.21 16.22 16.18 16.15 16.13 16.18 16.18 16.17 16.18 16.20 16.21 16.21 16.20 16.20 16.20 16.21 16.19 16.18 16.19 16.19 16.19 16.17 16.18 16.17 16.17 16.17 16.17 16.16 16.15 16.16 16.16 16.15 16.11 16.04 16.04 16.07 15.99 15.77 15.56 15.94 16.05 16.00 15.83 15.76 15.89 15.99 15.94 15.89 15.50 15.13 15.16 15.63 15.63 15.75 15.64 15.41 15.19 14.69 14.90 15.55 15.65 15.62 15.34 15.55 15.19 15.00 15.01 15.15 15.34 15.74 15.61 15.65 15.69
16.11 16.10 16.10 16.14 16.17 16.19 16.19 16.17 16.19 16.20 16.20 16.18 16.19 16.19 16.20 16.19 16.20 16.18 16.18 16.15 16.16 16.15 16.14 16.15 16.17 16.14 16.15 16.15 16.15 16.15 16.14 16.08 16.01 16.08 16.12 16.12 16.11 16.12 16.07 16.08 16.11 16.03 15.90 15.60 15.87 15.82 15.90 16.02 15.92 15.78 15.66 15.30 15.61 15.77 15.72 15.56 15.38 15.48 15.58 15.17 14.77 14.30 14.82 15.39 15.27 15.32 15.17 15.30 14.66 14.59 14.65 15.05 15.43 15.61 15.65 15.86 15.54
16.08 16.03 15.96 16.01 16.12 16.14 16.16 16.15 16.16 16.17 16.16 16.15 16.15 16.14 16.16 16.18 16.18 16.17 16.15 16.14 16.14 16.13 16.12 16.12 16.13 16.12 16.11 16.10 16.11 16.11 16.12 16.08 15.97 15.85 16.09 16.07 16.05 16.04 15.97 16.00 15.96 15.85 15.76 15.68 15.51 15.65 15.73 15.79 15.48 15.07 15.17 15.17 15.28 14.96 14.93 15.00 15.05 15.33 14.88 14.68 14.79 14.89 15.27 15.04 14.77 14.11 14.59 14.70 14.52 14.12 14.84 15.43 15.64 15.75 15.57 15.32 14.91
16.12 16.05 16.03 16.03 16.06 16.02 16.00 16.00 16.05 16.07 16.08 16.10 16.12 16.14 16.15 16.13 16.13 16.12 16.12 16.12 16.11 16.09 16.08 16.02 16.00 16.09 16.10 16.10 16.09 16.06 16.04 16.09 16.08 16.04 15.99 15.95 15.94 15.97 16.02 16.03 15.92 15.90 15.44 15.23 14.75 15.21 15.32 14.98 14.60 14.38 14.58 14.59 14.26 14.14 14.44 14.62 14.58 14.45 14.25 14.28 14.59 14.93 15.27 14.99 14.28 14.02 14.41 14.54 14.55 14.82 15.22 15.53 15.57 15.51 15.47 15.35 15.47
16.12 16.10 16.08 16.07 16.07 16.08 16.07 15.99 15.98 16.00 16.02 16.02 16.06 16.10 16.10 16.08 16.07 16.07 16.08 16.10 16.07 16.06 16.07 16.04 16.04 16.07 16.06 16.05 16.05 16.07 16.07 16.04 15.99 15.98 15.87 15.85 15.89 15.93 15.91 15.78 15.54 15.55 15.62 15.67 14.82 14.09 14.12 13.69 13.67 13.61 13.51 14.37 14.79 14.76 15.13 15.15 14.67 13.91 14.24 14.38 13.86 14.70 15.20 14.92 14.58 14.74 14.79 15.16 14.99 15.16 15.10 15.31 15.34 15.33 15.28 15.46 15.88
16.10 16.08 16.07 16.08 16.05 16.08 16.07 16.04 16.02 16.01 16.01 16.00 16.00 16.04 16.07 16.10 16.12 16.11 16.06 16.06 16.04 16.06 16.07 16.07 16.03 16.00 15.99 15.98 15.96 15.95 15.92 15.85 15.83 15.77 15.79 15.43 15.15 15.14 14.96 14.62 14.79 14.91 15.05 15.14 15.16 15.23 15.16 15.21 14.96 14.63 14.63 15.04 15.23 15.41 15.31 14.91 14.62 14.33 14.32 14.74 14.84 14.90 14.52 14.98 15.21 15.10 15.34 15.75 15.64 15.49 15.16 15.28 15.32 15.36 15.84 16.17 15.96
