BOM_solar_grid_data_201906/2019062420190624.grid
ncols 839
nrows 679
xllcenter 112.0500
yllcenter -43.9500
cellsize 0.0500
nodata_value 99999.90
[rows 408 to 441 of 679, columns 462 to 538 of 839]
8.90 9.13 8.76 7.95 7.97 8.14 8.10 7.90 8.42 8.25 8.34 8.66 8.57 8.00 8.04 8.17 7.80 8.66 9.04 8.66 8.25 8.28 8.37 8.63 8.65 8.18 8.39 8.49 8.91 8.94 8.60 8.75 9.35 9.76 9.76 9.93 9.61 9.39 9.80 10.29 10.82 10.33 10.55 10.89 11.33 10.95 10.72 10.76 10.84 11.00 11.09 11.29 11.09 11.27 11.37 11.04 11.14 10.94 10.60 9.86 9.28 9.37 10.04 10.32 10.34 10.21 10.55 10.81 11.22 10.96 10.75 10.81 10.54 10.86 10.42 9.96 10.28
8.17 8.08 7.51 7.34 7.62 7.71 8.26 7.52 7.76 7.54 7.62 8.03 7.92 8.02 8.24 8.09 8.12 9.15 9.10 8.72 8.38 8.21 7.97 8.03 8.50 7.80 8.00 8.36 8.92 8.84 8.30 8.88 9.08 9.37 9.25 9.55 9.28 9.29 9.63 10.12 10.25 10.36 10.18 10.29 10.14 11.03 11.06 10.87 10.93 10.89 10.72 10.68 11.57 11.57 11.11 10.73 10.70 10.89 10.75 10.39 9.73 9.82 9.64 9.48 10.04 10.59 10.74 10.57 10.52 10.59 10.58 10.58 10.48 10.26 9.93 9.66 9.88
7.08 6.84 7.60 6.93 6.96 7.32 7.26 7.08 7.38 7.66 7.55 7.84 7.42 7.61 8.23 8.78 8.94 9.48 8.99 8.74 8.48 7.82 7.46 7.20 7.37 7.11 6.85 7.49 8.80 9.53 9.32 9.45 9.15 9.22 8.60 8.81 8.52 8.52 8.66 8.53 8.88 9.53 9.69 9.80 9.88 10.48 11.05 10.58 10.64 10.46 10.54 10.47 10.70 11.15 11.33 11.49 11.24 10.77 10.48 10.26 9.60 9.42 9.44 9.24 9.71 10.12 10.35 10.39 10.21 10.13 10.17 9.87 9.84 9.68 9.62 9.68 9.91
6.77 7.74 8.09 7.09 7.61 6.94 6.55 6.70 7.45 7.91 8.06 8.00 8.26 8.46 8.99 8.85 9.41 9.23 9.28 9.04 8.72 7.83 7.70 7.51 7.26 7.16 6.73 7.43 8.20 9.12 9.21 9.13 9.11 8.90 8.69 8.80 8.81 9.32 9.59 9.62 9.60 9.52 9.39 9.47 9.37 9.92 10.09 10.65 10.15 10.09 10.50 10.78 10.66 11.07 11.68 11.57 10.62 10.43 10.02 9.54 8.67 8.27 8.58 9.03 9.41 9.95 10.30 10.48 9.97 9.62 9.46 9.24 9.50 9.44 9.65 9.81 9.71
6.60 6.81 6.88 6.68 6.69 6.73 6.36 6.85 8.07 8.13 8.65 8.18 7.89 8.44 8.97 8.29 8.29 8.21 8.30 8.49 8.85 8.59 8.01 7.68 6.94 7.49 7.50 7.78 8.47 8.56 8.40 9.20 9.50 9.35 8.98 9.06 9.44 9.36 9.24 9.40 9.44 8.81 9.11 9.36 9.55 9.69 9.56 10.53 9.80 10.68 11.13 10.98 10.73 10.71 10.49 10.73 10.42 9.74 9.62 9.28 8.45 8.17 7.93 8.49 9.52 10.13 10.13 9.32 9.33 9.49 9.83 9.54 9.13 9.20 9.71 9.76 10.10
6.98 7.45 7.63 7.69 7.30 6.92 7.30 7.50 8.09 7.78 8.01 7.59 7.31 7.58 8.09 8.19 8.05 7.82 8.07 7.64 7.48 7.25 7.21 6.70 7.12 7.22 7.45 7.75 8.41 9.12 9.27 9.56 9.32 9.20 9.05 8.69 8.06 7.98 8.23 8.07 8.32 8.20 8.64 8.95 9.18 9.42 9.74 10.46 10.94 10.34 10.53 10.02 10.18 9.83 9.47 9.23 8.97 8.48 8.88 8.47 8.70 8.57 8.58 8.94 9.26 9.77 10.18 10.22 10.19 10.00 10.15 9.83 9.14 9.47 9.96 9.83 9.68
6.68 7.45 7.69 6.66 6.38 6.86 7.67 7.92 7.45 7.56 7.09 6.78 7.11 7.17 7.20 6.66 6.93 7.04 6.76 6.49 6.33 6.27 6.58 6.67 7.37 7.53 7.48 8.21 8.19 8.69 8.88 9.19 9.04 8.89 8.67 8.17 7.38 6.70 7.35 7.90 7.46 8.08 8.45 8.58 8.37 8.93 9.81 10.29 10.23 10.66 9.67 9.27 9.20 9.04 8.87 8.33 7.96 7.89 7.82 8.08 8.53 8.73 9.21 9.91 10.42 10.91 11.37 11.41 10.70 10.12 10.51 10.32 9.86 9.68 9.78 9.63 9.65
7.23 7.07 7.23 6.56 6.05 6.77 6.96 6.46 6.76 6.70 6.79 7.56 7.56 7.66 6.72 6.83 6.93 6.50 6.41 6.32 6.31 6.07 6.58 7.12 7.29 7.56 8.28 8.65 8.75 9.03 8.56 8.30 8.91 9.00 8.25 7.74 7.33 7.48 7.62 7.43 7.21 6.96 7.53 8.67 9.20 9.55 10.11 10.75 10.32 9.90 9.65 9.40 9.87 9.91 9.50 9.12 8.81 8.75 8.55 8.98 9.42 9.29 9.52 10.18 10.47 10.58 10.69 9.95 10.10 10.46 10.00 9.26 9.34 9.55 9.66 9.49 10.01
6.48 6.94 6.48 6.15 6.32 7.24 7.28 6.71 6.55 7.36 7.92 8.62 8.11 7.84 6.80 6.86 6.91 7.34 7.20 6.43 6.29 6.90 7.52 6.99 7.86 8.58 8.99 8.81 8.84 8.89 8.71 8.55 8.55 7.92 7.23 7.37 7.50 7.98 8.17 8.01 7.90 8.42 8.69 9.22 9.62 9.85 9.98 10.28 9.84 9.82 9.62 9.48 9.67 9.26 8.99 9.02 9.14 8.93 8.95 9.09 9.49 9.83 9.39 9.85 10.22 10.24 10.04 9.73 10.01 10.39 10.12 9.76 9.64 9.45 9.47 9.58 9.82
7.39 6.86 6.21 6.90 7.14 7.58 7.96 8.07 8.26 8.41 8.70 8.82 8.01 7.01 6.55 6.48 6.82 6.52 6.58 6.80 7.20 7.55 7.57 8.08 7.82 8.25 8.24 8.54 8.29 8.04 8.49 8.86 9.27 9.04 7.97 7.47 8.18 8.35 8.21 8.03 8.59 8.91 8.73 9.27 9.66 10.04 9.73 9.81 9.17 9.57 9.27 9.67 9.25 9.07 9.24 9.38 9.01 9.35 9.29 9.12 9.84 10.06 10.09 10.30 10.19 9.72 9.87 9.94 10.27 10.36 10.19 9.90 9.86 9.97 10.00 10.06 10.10
8.05 8.24 7.14 6.93 7.29 7.09 7.71 7.89 8.16 8.32 8.51 8.36 7.75 7.29 6.81 6.55 6.76 7.21 7.63 7.86 7.21 7.43 7.09 7.18 7.59 7.82 8.14 8.05 8.27 8.06 8.30 8.40 8.80 8.51 7.84 7.68 8.11 8.22 8.70 8.79 9.07 9.24 8.97 9.04 9.14 9.40 9.22 9.49 9.72 9.89 10.16 10.11 9.51 8.87 8.79 9.03 9.28 9.63 9.50 10.32 10.44 10.38 10.38 9.99 9.65 9.48 9.79 9.76 9.86 9.91 9.76 9.92 9.98 9.95 9.85 10.30 10.66
7.60 8.16 7.48 6.77 7.46 6.84 7.31 8.08 8.27 7.81 7.39 7.65 7.30 7.03 6.94 7.33 6.95 7.26 8.49 9.35 8.46 8.62 8.10 7.89 7.86 8.07 7.92 8.00 7.93 8.09 8.23 8.31 8.70 8.51 7.04 7.40 7.77 8.12 8.60 8.15 8.32 8.46 8.70 8.30 8.77 9.17 9.20 9.74 9.97 9.94 10.32 10.46 9.52 9.04 9.42 9.63 9.88 9.97 9.79 9.40 9.16 9.37 9.54 9.21 9.40 9.92 9.49 9.62 9.95 9.90 9.81 9.86 9.71 9.84 10.20 10.38 9.90
7.80 7.93 7.98 7.77 7.29 7.08 6.99 7.72 8.09 6.91 5.99 7.08 7.26 7.18 7.47 7.65 7.80 7.59 8.15 8.02 7.91 7.86 8.01 8.26 7.59 7.74 8.37 8.13 8.08 7.98 7.98 8.18 8.35 8.41 7.72 7.94 8.49 8.50 9.00 8.08 7.76 8.43 8.26 8.17 8.81 8.83 9.00 9.54 9.71 10.02 9.87 10.46 10.00 9.44 9.11 9.14 9.61 9.23 8.55 8.64 8.72 9.39 9.80 9.71 9.86 9.81 9.42 8.65 9.45 10.22 10.28 10.12 9.85 10.10 10.32 9.44 9.31
8.18 8.07 7.71 7.46 6.97 7.15 8.43 8.36 7.44 6.56 6.70 7.11 7.30 7.81 7.89 7.23 7.19 6.60 6.83 7.50 7.48 7.01 6.96 7.50 8.52 8.62 8.08 8.11 7.97 7.34 7.46 7.98 7.97 7.53 7.37 7.39 8.30 8.78 8.83 8.44 8.36 7.95 7.61 7.99 8.54 8.91 9.60 8.88 8.80 9.24 9.48 9.80 9.16 8.83 8.51 8.91 8.60 8.36 8.59 8.80 9.01 8.99 9.04 9.46 9.41 9.63 9.90 9.20 9.70 9.83 9.71 9.62 9.20 9.36 9.41 9.28 8.79
8.38 8.68 7.93 7.86 7.21 7.17 8.29 8.64 7.72 6.52 6.69 7.35 7.88 7.81 7.59 7.19 7.46 7.07 7.05 7.56 7.85 7.59 7.34 8.34 8.90 9.01 8.51 7.55 7.19 7.23 7.70 8.19 8.09 7.72 7.50 7.44 7.82 7.96 7.20 7.32 7.61 7.09 7.39 8.61 8.83 9.06 9.42 8.82 8.45 8.52 9.04 9.23 9.63 9.54 8.56 8.05 8.05 8.34 8.21 8.39 8.90 8.91 9.08 9.38 9.43 9.32 10.09 10.25 9.50 9.58 9.26 9.19 9.05 8.71 8.65 8.15 8.04
8.70 9.02 8.15 7.70 6.87 6.60 7.66 7.95 8.31 7.54 7.42 7.86 7.25 7.31 7.74 7.50 7.81 7.82 7.98 8.14 8.18 8.54 8.43 8.30 8.60 9.40 7.79 7.86 7.08 6.86 7.61 7.74 7.29 7.03 6.89 6.74 6.80 7.04 7.39 7.09 7.30 6.92 7.88 8.17 8.83 8.94 8.99 8.63 8.65 8.67 8.50 8.74 8.97 8.00 7.40 7.04 7.55 8.08 8.32 8.26 8.60 8.68 9.46 10.24 10.24 10.12 10.47 10.52 9.50 9.07 8.66 8.69 8.66 8.32 8.60 8.42 9.49
7.50 7.53 7.47 7.75 7.79 8.05 8.50 8.08 8.07 8.19 7.93 7.40 7.63 7.30 7.56 7.96 7.86 8.10 8.15 8.54 8.44 7.70 7.14 7.45 7.22 7.51 6.88 6.55 6.53 6.85 7.34 7.51 7.10 6.93 7.82 7.77 7.67 7.45 7.58 7.60 7.65 7.84 8.17 8.33 8.49 8.58 8.63 8.33 7.84 8.15 8.25 8.27 7.55 7.21 7.23 7.38 8.13 8.65 8.50 8.29 8.91 9.97 10.71 10.67 10.35 9.96 9.96 9.65 8.74 7.81 8.03 8.15 8.58 9.04 9.07 9.65 10.23
6.28 6.52 6.98 7.47 8.05 8.50 8.56 7.90 8.07 8.06 8.48 8.99 8.69 7.83 8.05 7.90 8.06 8.13 8.29 8.89 8.02 7.46 7.50 7.38 6.71 6.76 6.61 6.52 6.46 6.42 7.04 6.89 7.85 8.49 8.76 8.93 8.60 7.54 7.73 8.42 8.37 8.40 8.78 8.98 9.07 9.49 9.43 8.56 8.09 7.78 8.03 8.11 8.20 7.65 8.27 8.81 8.68 8.82 8.46 8.70 9.51 10.33 10.41 10.34 9.77 9.25 9.06 8.83 8.38 7.92 8.23 8.27 8.57 9.57 9.80 9.89 10.33
6.65 6.81 7.59 7.45 7.34 7.59 7.78 7.83 8.32 9.21 9.14 9.28 9.08 8.54 8.59 8.46 8.36 8.29 8.34 9.33 7.74 7.50 6.81 7.09 7.14 7.23 7.44 8.11 7.01 7.79 7.58 7.42 7.40 7.52 8.10 8.70 8.72 8.31 8.06 8.11 8.34 8.09 8.54 8.70 8.75 8.51 8.71 8.76 8.36 8.31 8.46 8.86 8.92 8.14 8.35 8.46 9.03 9.44 9.37 9.55 10.17 10.01 9.93 9.41 9.13 9.10 8.72 8.71 8.36 8.59 8.78 9.02 9.39 9.64 9.60 10.16 10.86
7.30 7.60 7.54 7.71 7.68 8.27 8.24 8.60 8.71 8.25 8.11 8.36 9.06 8.14 7.58 7.65 7.71 7.91 8.15 8.26 7.54 6.96 7.24 7.25 7.70 7.81 7.61 7.75 7.44 7.31 7.22 8.06 7.62 7.76 8.02 8.18 8.01 8.15 8.29 8.28 7.62 7.60 7.96 8.30 8.19 7.47 7.67 8.19 8.57 8.49 8.47 9.21 8.88 8.66 8.56 8.68 8.79 8.97 9.25 9.79 9.80 9.88 9.00 8.62 9.17 9.13 9.12 9.48 9.22 9.06 9.23 9.08 9.05 9.56 10.02 10.74 11.39
7.35 7.23 7.62 8.09 9.01 8.70 8.64 8.57 8.47 8.65 8.13 8.01 8.02 7.95 8.06 8.53 7.91 6.82 7.08 7.83 8.35 8.13 8.37 8.53 8.28 7.90 8.22 8.89 7.63 7.57 8.01 8.76 8.38 8.59 8.85 9.52 9.80 9.59 9.28 8.81 8.27 7.99 8.33 8.56 8.50 8.18 7.76 8.35 8.88 8.72 8.96 9.26 9.10 9.19 9.35 9.22 9.25 9.03 9.14 9.52 9.52 9.45 9.38 9.35 10.15 9.83 9.60 9.45 8.77 8.61 8.72 9.50 10.10 10.09 10.71 11.23 11.00
6.99 7.29 7.86 8.56 9.06 9.22 8.62 7.96 8.04 8.02 8.85 9.40 8.43 8.54 8.44 8.17 8.55 8.17 8.06 8.08 8.38 8.04 7.68 8.62 8.22 8.06 8.42 8.26 7.71 8.29 8.95 9.16 8.93 8.59 8.38 9.04 9.63 9.26 9.27 8.59 7.99 7.46 7.96 8.70 8.45 8.24 8.54 9.26 9.03 8.96 9.26 9.38 9.08 9.12 8.93 8.56 9.08 9.26 9.08 9.12 9.09 9.23 9.40 9.58 9.26 9.02 8.63 8.52 8.19 8.49 8.92 9.55 10.16 10.47 10.81 10.73 10.46
6.80 6.48 7.62 7.53 8.40 8.83 8.80 8.24 7.63 7.81 8.55 8.63 7.62 7.60 8.18 8.18 8.98 9.02 8.56 7.81 7.60 7.84 7.74 8.39 7.92 8.04 7.93 7.80 7.79 7.94 8.43 8.01 8.23 7.85 8.46 8.41 8.96 8.79 8.59 8.49 7.61 7.85 8.55 9.19 8.81 8.51 9.10 9.26 9.08 8.80 9.09 8.95 8.74 8.92 8.43 8.37 8.59 8.62 9.02 9.17 9.20 9.02 9.11 8.99 8.70 8.37 8.23 8.57 8.82 9.46 9.91 10.10 10.09 10.01 10.13 10.08 10.17
7.35 7.48 7.56 7.28 7.54 8.47 8.33 8.10 7.68 8.05 8.75 7.91 7.47 7.27 8.25 8.38 8.98 9.45 9.72 8.84 8.06 7.88 8.69 8.59 8.57 8.47 8.29 8.31 7.98 7.56 8.14 8.46 8.97 8.30 8.80 8.11 7.87 8.27 8.37 8.19 8.01 8.05 8.38 8.96 8.83 8.80 9.16 9.47 9.18 8.99 9.25 9.57 9.72 9.71 9.21 9.50 9.00 8.92 8.80 8.76 9.05 9.09 9.10 8.69 8.64 8.81 8.90 9.04 9.65 10.01 10.22 9.99 9.88 9.72 9.46 9.25 9.92
7.43 7.64 7.86 8.36 8.70 8.55 8.29 7.83 7.25 7.79 7.70 7.30 7.47 7.75 7.93 8.06 8.73 8.34 8.26 9.12 8.55 8.07 8.98 8.81 7.93 8.28 7.96 7.79 7.74 7.86 7.96 8.47 8.65 8.57 8.77 8.13 8.60 8.49 7.89 7.88 8.40 8.39 8.89 9.37 9.05 8.80 9.00 9.30 9.22 9.44 9.70 9.29 9.47 9.03 8.88 9.31 9.18 9.18 9.16 9.16 9.14 8.58 9.07 8.89 9.21 9.33 8.70 9.10 9.61 9.73 9.39 9.00 9.23 9.37 9.35 9.30 9.63
7.54 7.85 7.97 8.27 7.59 7.82 7.11 7.17 7.12 7.44 7.19 6.78 6.68 7.16 7.47 7.96 8.36 8.13 7.65 8.37 8.95 8.22 8.59 8.42 7.84 7.99 7.72 7.38 7.19 8.17 8.41 8.43 8.32 8.04 7.97 8.44 8.80 8.33 8.33 8.69 9.33 9.51 9.15 9.13 8.57 8.82 9.01 9.01 9.56 9.63 9.97 9.37 9.08 9.05 9.16 9.43 9.44 9.14 9.10 8.85 8.74 8.51 8.50 8.98 9.57 9.12 9.35 9.52 10.02 9.71 8.81 8.67 8.68 9.02 8.89 9.47 9.94
7.18 6.94 6.55 7.14 7.37 7.58 7.34 7.27 7.01 7.07 7.41 6.48 6.70 6.82 7.36 7.25 7.39 7.69 7.79 7.91 8.98 8.51 8.41 8.28 7.69 7.56 7.35 7.63 7.65 7.73 8.04 8.36 8.24 7.28 8.03 8.22 8.43 8.29 9.03 9.17 8.95 8.83 8.43 8.73 8.48 9.19 9.44 9.16 9.38 9.95 9.76 9.35 8.81 9.11 9.13 9.09 9.10 9.39 9.59 9.67 9.09 9.01 9.21 9.24 9.12 9.43 9.33 9.49 9.30 8.82 8.92 8.40 9.00 9.19 9.13 9.57 9.79
6.75 7.17 6.99 7.46 7.98 7.45 8.29 8.35 8.31 7.54 8.08 7.61 7.53 7.01 7.33 6.88 7.10 7.94 8.08 8.16 8.44 8.01 7.61 8.12 8.08 7.39 7.73 8.11 7.62 7.61 8.09 8.39 7.93 7.19 7.89 7.98 8.71 8.89 9.00 9.17 8.94 8.46 8.25 8.59 8.66 9.03 8.93 9.11 9.42 9.15 8.81 8.90 9.10 9.55 9.48 9.38 9.37 9.53 9.66 9.94 9.05 8.63 8.91 8.86 9.03 8.96 8.97 9.18 8.62 8.80 8.74 9.07 8.93 8.87 9.20 9.50 9.56
6.40 6.42 6.38 7.34 7.94 7.57 7.63 7.54 7.64 7.56 7.55 7.53 7.38 7.24 6.84 6.69 7.46 7.35 8.14 8.49 7.97 8.13 7.42 7.98 8.33 7.76 8.53 8.25 8.02 8.10 8.09 7.95 7.42 7.47 7.91 8.44 8.69 8.40 8.90 8.80 8.76 8.02 8.20 8.33 8.40 8.77 9.01 8.72 8.53 8.19 8.25 8.67 8.79 9.23 9.31 8.80 9.06 9.16 9.45 8.96 8.68 8.35 8.49 8.77 8.84 8.97 9.24 8.54 8.61 9.49 9.24 8.95 8.84 8.92 8.88 9.18 8.97
6.99 7.20 7.25 7.65 7.98 8.24 7.87 7.75 7.43 7.39 7.17 7.44 7.71 7.27 6.50 7.27 7.70 7.99 8.18 9.22 9.33 9.90 8.77 7.95 7.47 7.85 7.96 7.84 7.69 7.57 7.95 8.20 8.24 7.76 8.30 8.93 8.88 9.11 8.83 8.29 7.87 8.04 8.81 8.46 8.89 9.26 9.16 8.48 8.61 8.25 8.11 8.09 8.28 8.86 8.61 8.81 9.37 9.18 9.05 8.50 8.20 8.08 8.24 8.67 8.75 9.64 9.88 9.15 9.27 9.09 8.67 8.78 9.10 8.93 9.10 9.58 9.72
7.10 6.78 7.31 7.59 8.08 8.26 8.01 8.03 7.69 7.19 7.09 7.51 7.86 7.61 7.70 8.14 7.55 8.02 8.36 9.78 9.88 9.98 8.35 7.64 7.75 7.66 7.00 6.98 7.33 7.91 7.72 8.15 7.61 7.52 7.91 7.90 8.04 8.53 7.88 7.28 7.59 8.20 8.58 8.65 8.97 8.92 8.84 8.78 8.48 8.44 8.64 9.04 8.98 8.61 8.15 8.67 9.63 9.24 9.04 8.99 8.64 8.58 8.94 9.41 9.67 10.03 10.10 9.42 9.57 9.03 8.56 8.96 9.11 9.22 10.01 10.01 9.94
6.72 6.59 6.51 7.06 8.09 8.18 8.08 8.65 8.42 7.82 7.38 7.76 7.75 8.05 8.44 7.82 7.62 8.73 8.83 8.28 8.21 7.77 7.87 7.98 8.07 8.11 8.41 7.84 8.09 8.96 8.90 8.73 8.00 8.69 8.56 8.57 8.36 8.48 7.57 7.05 7.81 8.71 9.15 9.58 9.42 8.77 8.43 8.61 8.90 8.99 8.92 8.98 9.13 8.65 8.47 8.79 9.85 9.80 9.50 8.88 9.38 9.29 9.46 9.91 10.19 9.70 9.39 9.51 8.73 8.56 8.78 9.83 9.88 10.11 10.47 10.22 9.74
6.74 6.91 7.34 7.23 7.48 7.54 8.08 8.51 8.59 8.12 7.42 7.45 8.19 8.42 8.42 7.88 7.84 8.61 9.03 7.82 7.70 7.37 7.73 7.65 7.98 8.34 8.76 8.72 8.52 9.08 9.33 8.94 8.45 8.83 8.76 8.67 8.78 8.57 8.19 8.22 8.89 9.32 9.34 9.66 9.17 8.74 9.01 9.62 9.20 9.11 9.14 9.40 9.57 9.10 9.26 9.65 9.62 9.50 9.74 9.85 10.01 9.00 9.26 9.52 9.28 9.06 9.16 9.20 8.70 8.79 8.86 9.62 10.17 10.05 10.06 9.50 9.24
7.35 7.17 7.60 7.44 7.93 7.58 8.02 8.44 8.27 7.91 7.87 7.46 7.69 7.58 7.67 7.37 8.17 9.05 9.20 8.24 8.07 8.16 7.57 7.13 7.39 7.87 8.30 8.56 8.07 8.08 7.98 7.91 8.53 8.82 8.75 8.82 8.37 7.61 7.78 7.53 8.40 8.73 9.07 9.18 8.93 9.12 8.59 9.12 8.71 8.88 9.44 9.24 9.72 9.43 8.93 8.96 9.28 9.54 9.42 9.63 9.45 9.64 9.71 9.57 9.64 9.71 9.58 9.78 9.30 9.21 8.36 8.30 9.61 9.25 9.00 9.04 9.52
