BOM_solar_grid_data_201906/2019062720190627.grid
ncols 839
nrows 679
xllcenter 112.0500
yllcenter -43.9500
cellsize 0.0500
nodata_value 99999.90
[rows 374 to 407 of 679, columns 693 to 769 of 839]
13.41 13.43 13.42 13.42 13.42 13.27 13.38 13.39 13.42 13.39 13.38 13.41 13.41 13.42 13.42 13.41 13.42 13.42 13.42 13.39 13.35 13.33 13.37 13.38 13.40 13.38 13.38 13.37 13.37 13.37 13.40 13.41 13.43 13.41 13.44 13.43 13.45 13.44 13.44 13.45 13.45 13.44 13.41 13.40 13.43 13.44 13.40 13.40 13.38 13.38 13.37 13.37 13.38 13.37 13.40 13.40 13.40 13.38 13.36 13.38 13.37 13.35 13.30 13.32 13.32 13.39 13.39 13.38 13.34 13.39 13.37 13.19 13.25 13.06 13.21 13.18 12.93
13.37 13.39 13.38 13.36 13.39 13.37 13.40 13.39 13.40 13.39 13.37 13.40 13.41 13.41 13.39 13.38 13.40 13.40 13.37 13.37 13.37 13.36 13.36 13.36 13.35 13.38 13.36 13.36 13.37 13.38 13.38 13.39 13.40 13.43 13.43 13.43 13.42 13.40 13.42 13.42 13.42 13.41 13.40 13.40 13.40 13.41 13.41 13.38 13.37 13.37 13.36 13.35 13.36 13.37 13.38 13.38 13.38 13.37 13.36 13.35 13.37 13.35 13.35 13.33 13.35 13.30 13.20 13.17 13.32 13.29 13.35 12.91 13.05 13.22 13.37 13.18 13.13
13.37 13.36 13.35 13.35 13.32 13.33 13.33 13.34 13.37 13.37 13.39 13.39 13.39 13.38 13.40 13.40 13.38 13.36 13.35 13.37 13.38 13.37 13.37 13.34 13.34 13.37 13.36 13.33 13.37 13.37 13.37 13.36 13.40 13.39 13.39 13.39 13.40 13.41 13.40 13.39 13.39 13.39 13.38 13.37 13.38 13.38 13.39 13.39 13.35 13.34 13.35 13.35 13.37 13.35 13.35 13.36 13.36 13.34 13.36 13.34 13.35 13.35 13.29 13.34 13.33 13.29 13.33 13.33 13.17 13.04 13.28 13.18 13.16 13.19 13.00 13.24 13.26
13.34 13.35 13.33 13.33 13.33 13.31 13.30 13.33 13.33 13.35 13.37 13.36 13.36 13.36 13.35 13.33 13.33 13.34 13.35 13.37 13.35 13.35 13.34 13.33 13.35 13.34 13.33 13.32 13.32 13.33 13.35 13.37 13.38 13.38 13.38 13.38 13.38 13.38 13.40 13.38 13.38 13.37 13.36 13.37 13.36 13.36 13.37 13.35 13.31 13.32 13.33 13.33 13.34 13.33 13.34 13.34 13.34 13.33 13.35 13.34 13.34 13.34 13.32 13.30 13.32 13.34 13.29 13.21 13.16 13.30 13.31 13.33 13.26 13.22 13.18 13.11 13.33
13.32 13.31 13.29 13.31 13.31 13.29 13.30 13.32 13.31 13.33 13.34 13.34 13.29 13.31 13.30 13.29 13.29 13.32 13.32 13.32 13.33 13.31 13.30 13.31 13.31 13.31 13.30 13.30 13.30 13.31 13.31 13.34 13.35 13.36 13.36 13.36 13.37 13.37 13.36 13.36 13.34 13.33 13.34 13.33 13.33 13.32 13.31 13.33 13.33 13.31 13.31 13.31 13.31 13.31 13.32 13.32 13.33 13.32 13.30 13.30 13.29 13.29 13.30 13.30 13.28 13.30 13.32 13.28 13.26 13.24 12.81 13.28 13.28 13.24 13.22 13.31 13.25
13.26 13.27 13.28 13.27 13.27 13.28 13.29 13.29 13.30 13.29 13.28 13.29 13.30 13.28 13.27 13.28 13.28 13.30 13.30 13.28 13.29 13.30 13.30 13.30 13.29 13.29 13.29 13.28 13.29 13.30 13.32 13.32 13.33 13.33 13.33 13.34 13.33 13.33 13.33 13.34 13.32 13.32 13.32 13.33 13.31 13.30 13.31 13.32 13.32 13.31 13.30 13.29 13.29 13.30 13.29 13.30 13.28 13.27 13.24 13.23 13.25 13.28 13.23 13.22 13.10 13.27 13.27 13.26 13.25 13.23 13.26 13.25 13.28 13.28 13.26 13.21 13.16
13.24 13.23 13.26 13.24 13.25 13.24 13.26 13.28 13.27 13.24 13.24 13.23 13.25 13.26 13.30 13.29 13.28 13.29 13.29 13.29 13.29 13.29 13.28 13.28 13.26 13.26 13.27 13.26 13.29 13.28 13.30 13.32 13.32 13.30 13.31 13.30 13.31 13.31 13.31 13.30 13.30 13.29 13.28 13.27 13.27 13.30 13.29 13.31 13.30 13.29 13.27 13.26 13.24 13.24 13.24 13.26 13.26 13.26 13.25 13.25 13.25 13.19 12.96 13.23 13.24 13.27 13.11 13.20 13.26 13.23 13.24 13.24 13.23 13.18 13.23 13.25 13.21
13.22 13.23 13.24 13.24 13.25 13.24 13.24 13.22 13.21 13.22 13.22 13.23 13.22 13.24 13.28 13.26 13.27 13.27 13.27 13.27 13.26 13.26 13.26 13.26 13.23 13.23 13.24 13.22 13.24 13.27 13.27 13.29 13.29 13.29 13.28 13.30 13.30 13.29 13.28 13.29 13.27 13.27 13.27 13.28 13.27 13.28 13.26 13.27 13.27 13.27 13.29 13.26 13.19 13.23 13.22 13.23 13.19 13.15 13.14 13.09 12.98 13.17 13.19 13.17 13.08 13.21 13.21 13.17 13.22 13.24 13.25 13.21 13.21 13.20 13.21 13.21 13.20
13.21 13.21 13.21 13.24 13.23 13.22 13.21 13.20 13.18 13.19 13.21 13.23 13.23 13.22 13.23 13.23 13.23 13.24 13.25 13.25 13.25 13.24 13.23 13.22 13.19 13.20 13.20 13.19 13.19 13.23 13.22 13.24 13.25 13.25 13.24 13.26 13.26 13.27 13.26 13.26 13.26 13.26 13.25 13.26 13.20 13.25 13.24 13.24 13.26 13.26 13.27 13.25 13.22 13.21 13.19 13.20 13.21 13.21 13.21 13.22 13.18 13.21 12.93 13.19 13.00 13.20 13.12 13.19 13.15 13.15 13.22 13.21 13.21 13.19 13.19 13.17 13.18
13.18 13.17 13.18 13.21 13.22 13.20 13.16 13.10 12.97 13.08 13.20 13.17 13.20 13.21 13.22 13.22 13.21 13.22 13.22 13.22 13.22 13.22 13.20 13.19 13.19 13.19 13.20 13.21 13.21 13.23 13.21 13.20 13.21 13.22 13.23 13.22 13.22 13.22 13.23 13.22 13.20 13.21 13.22 13.22 13.22 13.21 13.25 13.22 13.24 13.23 13.22 13.21 13.20 13.18 13.18 13.17 13.18 13.16 13.13 13.05 13.06 13.14 13.15 13.15 13.08 13.18 13.18 13.19 13.20 13.20 13.12 13.12 13.19 13.18 13.14 12.93 13.13
13.15 13.15 13.17 13.18 13.17 13.08 12.84 12.80 13.15 13.17 13.07 13.14 13.21 13.21 13.20 13.18 13.19 13.21 13.22 13.20 13.20 13.20 13.18 13.16 13.16 13.17 13.22 13.22 13.21 13.22 13.20 13.20 13.19 13.19 13.21 13.20 13.19 13.17 13.18 13.19 13.18 13.20 13.22 13.21 13.19 13.19 13.22 13.23 13.22 13.21 13.21 13.19 13.17 13.14 13.15 13.17 13.18 13.17 13.18 13.15 13.13 13.15 13.06 12.88 13.06 13.09 12.86 12.74 13.16 12.96 12.90 12.59 12.96 12.34 12.51 12.73 12.69
13.04 13.10 13.14 13.15 13.15 13.17 13.13 13.16 13.01 12.93 12.90 13.17 13.19 13.16 13.16 13.15 13.17 13.17 13.18 13.19 13.19 13.16 13.15 13.15 13.15 13.15 13.19 13.19 13.21 13.19 13.17 13.17 13.18 13.20 13.21 13.21 13.19 13.16 13.15 13.17 13.17 13.19 13.20 13.19 13.19 13.18 13.20 13.20 13.19 13.18 13.17 13.18 13.16 13.16 13.14 13.13 13.14 13.14 13.15 13.15 13.12 13.08 13.14 13.14 13.15 13.15 13.13 13.15 13.12 12.85 13.10 13.10 13.07 12.93 12.84 13.03 13.11
13.11 13.11 13.12 13.11 13.12 13.14 13.12 12.90 12.84 12.82 13.07 13.14 13.06 13.13 13.13 13.14 13.13 13.15 13.15 13.15 13.16 13.13 13.10 13.11 13.12 13.16 13.14 13.17 13.18 13.15 13.16 13.15 13.16 13.18 13.17 13.18 13.15 13.11 13.12 13.12 13.15 13.15 13.17 13.17 13.17 13.16 13.15 13.16 13.15 13.15 13.14 13.13 13.13 13.12 13.09 13.09 13.09 13.09 13.09 13.09 13.10 13.10 13.04 13.10 13.11 13.02 13.07 13.14 13.07 13.11 13.02 12.87 12.92 12.95 12.96 12.92 12.95
13.06 13.01 13.06 13.12 13.12 13.08 12.94 12.75 12.99 13.07 12.88 13.02 13.00 13.11 13.09 13.14 13.13 13.12 13.13 13.14 13.14 13.09 13.09 13.07 13.12 13.16 13.15 13.17 13.17 13.15 13.13 13.13 13.13 13.14 13.14 13.11 13.11 13.10 13.07 13.09 13.11 13.13 13.15 13.14 13.14 13.14 13.14 13.14 13.13 13.13 13.13 13.13 13.12 13.12 13.12 13.08 13.08 13.07 13.06 13.06 13.05 13.05 13.07 13.01 12.98 13.07 12.93 12.91 12.92 12.99 12.77 12.91 12.83 12.88 12.73 13.03 12.98
13.07 13.07 13.07 13.07 13.08 13.05 12.99 12.92 12.97 12.82 12.73 12.87 13.03 13.09 13.11 13.12 13.11 13.11 13.11 13.08 13.11 13.08 13.09 13.13 13.13 13.11 13.14 13.14 13.10 13.09 13.07 13.10 13.13 13.13 13.10 13.11 13.07 13.05 13.05 13.07 13.09 13.13 13.13 13.14 13.12 13.12 13.11 13.10 13.11 13.10 13.11 13.11 13.12 13.12 13.11 13.10 13.07 13.06 13.06 13.05 13.05 13.06 12.95 12.98 13.02 13.02 13.07 12.87 12.98 13.05 13.06 12.97 12.94 12.95 12.96 12.99 12.99
12.98 13.07 13.06 13.05 13.01 13.03 13.02 12.97 12.95 12.76 12.80 13.05 13.02 13.02 13.07 13.06 13.05 13.10 13.08 13.06 13.08 13.07 13.07 13.12 13.11 13.10 13.10 13.09 13.11 13.08 13.06 13.09 13.11 13.09 13.07 13.10 13.05 13.06 13.07 13.08 13.08 13.09 13.08 13.08 13.09 13.08 13.07 13.08 13.07 13.06 13.06 13.07 13.10 13.09 13.08 13.08 13.06 13.05 13.03 13.05 13.04 12.99 12.61 13.03 13.04 13.02 12.89 12.89 12.58 12.81 12.84 12.78 12.84 12.76 12.88 12.89 12.94
12.97 12.93 12.86 13.03 13.05 13.07 13.08 13.09 13.01 13.07 12.98 12.89 12.91 12.89 12.99 13.01 13.05 13.06 13.05 13.06 13.04 13.07 13.07 13.08 13.08 13.07 13.05 13.07 13.08 13.07 13.05 13.08 13.09 13.06 13.07 13.09 13.05 13.05 13.07 13.06 13.07 13.07 13.07 13.07 13.07 13.07 13.05 13.05 13.06 13.05 13.04 13.03 13.02 13.02 13.03 13.03 13.04 13.02 13.02 13.01 13.02 13.03 13.03 13.03 13.04 12.92 12.72 13.03 12.98 12.95 12.91 12.93 13.02 12.97 12.95 12.98 12.98
12.93 12.69 12.71 13.01 13.02 13.04 13.05 13.06 13.06 12.99 12.91 12.76 12.60 12.73 12.94 13.01 13.02 13.04 13.01 13.03 13.03 13.09 13.09 13.06 13.07 13.04 13.05 13.04 13.04 13.03 13.04 13.03 13.05 13.03 13.05 13.03 13.04 13.06 13.07 13.07 13.05 13.05 13.05 13.05 13.03 13.03 13.03 13.05 13.04 13.04 13.02 13.03 13.02 13.01 13.01 13.01 13.03 13.01 12.99 12.99 12.99 13.01 13.02 13.03 13.03 13.01 12.82 13.01 13.01 13.00 12.91 12.87 12.75 12.97 13.00 12.95 12.88
12.73 12.54 12.67 12.78 13.03 13.05 13.03 13.04 13.04 13.05 13.05 12.86 12.91 12.75 12.98 12.99 12.98 13.00 12.99 12.98 12.99 13.05 13.02 13.06 13.03 13.04 13.04 13.02 13.02 13.01 13.01 13.02 13.01 12.98 12.99 13.02 13.02 13.04 13.03 13.01 13.02 13.04 13.04 13.02 13.02 13.01 13.00 13.02 13.03 13.03 13.01 13.01 13.00 13.03 13.02 13.02 13.00 12.98 12.99 12.99 12.99 12.99 12.98 12.96 12.90 12.87 12.47 12.95 12.95 12.89 12.76 12.72 12.82 12.84 12.83 12.75 12.75
12.69 12.69 12.62 12.80 12.96 12.96 13.01 13.01 13.01 13.02 13.02 13.00 12.99 12.97 12.95 12.95 12.95 12.94 12.93 12.93 12.99 12.95 12.95 12.99 13.02 13.02 13.00 13.01 13.01 13.03 12.99 12.97 13.00 12.99 13.01 12.99 12.99 13.00 13.01 13.00 12.99 13.00 13.00 12.99 12.99 12.98 12.99 12.98 12.98 12.98 12.98 12.99 12.99 13.00 12.99 12.97 12.94 12.96 12.96 12.97 12.96 12.95 12.96 12.95 12.94 12.95 12.55 12.64 12.95 12.91 12.68 12.92 12.93 12.74 12.39 12.53 12.49
12.69 12.73 12.73 12.87 12.97 12.93 12.97 12.97 12.99 12.99 13.01 12.99 12.96 12.97 12.91 12.89 12.91 12.90 12.90 12.91 12.92 12.94 12.93 12.98 13.01 12.99 12.99 13.00 12.99 13.01 12.98 12.99 12.99 12.99 12.96 12.96 12.99 12.98 12.98 12.98 12.98 12.98 12.99 12.98 12.97 12.96 12.97 12.96 12.97 12.98 12.96 12.94 12.94 12.94 12.94 12.93 12.94 12.97 12.99 12.86 12.89 12.85 12.90 12.83 12.85 12.91 12.92 12.92 12.92 12.89 12.82 12.88 12.86 12.83 12.71 12.52 12.78
12.62 12.69 12.73 12.72 12.88 12.84 12.86 12.96 12.95 12.96 12.97 12.97 12.97 12.92 12.91 12.90 12.88 12.88 12.93 12.92 12.93 12.95 12.95 12.95 12.96 12.97 12.98 12.99 12.99 12.97 12.97 12.97 12.96 12.95 12.96 12.96 12.97 12.97 12.98 12.98 12.98 12.96 12.95 12.95 12.96 12.95 12.95 12.94 12.94 12.93 12.91 12.91 12.91 12.91 12.91 12.92 12.94 12.94 12.91 12.93 12.94 12.90 12.90 12.85 12.70 12.88 12.84 12.84 12.84 12.87 12.86 12.88 12.83 12.88 12.76 12.41 12.85
12.53 12.56 12.50 12.58 12.67 12.72 12.70 12.86 12.89 12.91 12.93 12.95 12.94 12.82 12.93 12.89 12.88 12.77 12.94 12.96 12.95 12.95 12.95 12.95 12.96 12.94 12.97 12.95 12.96 12.95 12.95 12.95 12.92 12.93 12.96 12.98 12.96 12.95 12.96 12.95 12.94 12.96 12.94 12.93 12.93 12.93 12.92 12.91 12.93 12.92 12.90 12.92 12.89 12.90 12.91 12.87 12.92 12.87 12.71 12.85 12.75 12.79 12.88 12.77 12.85 12.86 12.85 12.81 12.83 12.86 12.84 12.69 12.67 12.75 12.84 12.75 12.78
12.39 12.60 12.72 12.70 12.79 12.71 12.91 12.90 12.90 12.90 12.90 12.91 12.91 12.88 12.91 12.89 12.90 12.96 12.94 12.93 12.93 12.94 12.94 12.94 12.95 12.94 12.94 12.93 12.93 12.92 12.93 12.91 12.93 12.93 12.94 12.94 12.94 12.92 12.92 12.91 12.90 12.91 12.92 12.92 12.92 12.91 12.91 12.91 12.90 12.89 12.88 12.90 12.87 12.90 12.87 12.91 12.88 12.77 12.85 12.90 12.87 12.82 12.40 12.77 12.81 12.68 12.57 12.72 12.82 12.85 12.84 12.63 12.55 12.00 11.68 11.78 12.53
12.43 12.60 12.76 12.75 12.76 12.81 12.88 12.87 12.88 12.88 12.86 12.87 12.87 12.87 12.87 12.84 12.87 12.90 12.91 12.92 12.92 12.92 12.93 12.91 12.91 12.89 12.90 12.90 12.89 12.88 12.90 12.91 12.92 12.90 12.89 12.89 12.88 12.90 12.89 12.90 12.88 12.88 12.89 12.88 12.89 12.87 12.88 12.88 12.87 12.87 12.87 12.87 12.88 12.89 12.88 12.89 12.89 12.85 12.88 12.89 12.87 12.84 12.79 12.44 12.50 12.74 12.64 12.67 12.62 12.14 12.31 12.38 12.27 12.67 12.40 12.24 12.48
12.29 12.36 12.76 12.75 12.83 12.84 12.84 12.85 12.86 12.87 12.86 12.82 12.85 12.86 12.85 12.84 12.84 12.86 12.87 12.89 12.89 12.89 12.89 12.90 12.87 12.89 12.87 12.87 12.85 12.86 12.88 12.88 12.89 12.88 12.88 12.89 12.87 12.88 12.90 12.88 12.89 12.88 12.88 12.88 12.88 12.86 12.87 12.84 12.84 12.85 12.83 12.84 12.84 12.84 12.85 12.85 12.85 12.83 12.84 12.85 12.85 12.85 12.82 12.76 12.67 12.32 12.25 12.60 12.55 12.28 12.46 12.70 12.50 12.27 12.20 12.72 12.73
12.68 12.55 12.63 12.75 12.84 12.84 12.82 12.82 12.82 12.83 12.84 12.83 12.83 12.84 12.85 12.86 12.87 12.86 12.86 12.86 12.85 12.84 12.84 12.85 12.83 12.84 12.84 12.85 12.85 12.84 12.84 12.84 12.85 12.86 12.88 12.87 12.88 12.87 12.87 12.85 12.84 12.83 12.84 12.84 12.85 12.82 12.83 12.85 12.85 12.84 12.82 12.82 12.82 12.83 12.83 12.82 12.83 12.82 12.83 12.83 12.82 12.82 12.81 12.80 12.77 12.46 12.68 12.64 12.50 12.69 12.74 12.55 12.60 12.60 12.49 12.71 12.70
12.80 12.70 12.59 12.72 12.84 12.79 12.81 12.81 12.82 12.83 12.81 12.82 12.82 12.82 12.84 12.84 12.84 12.83 12.83 12.81 12.81 12.84 12.84 12.83 12.84 12.84 12.84 12.84 12.84 12.84 12.82 12.80 12.81 12.82 12.83 12.84 12.85 12.85 12.84 12.84 12.83 12.82 12.81 12.82 12.81 12.81 12.80 12.80 12.81 12.80 12.79 12.79 12.79 12.79 12.80 12.81 12.79 12.79 12.79 12.79 12.79 12.79 12.69 12.45 12.73 12.12 12.58 12.70 12.66 12.66 12.38 12.69 12.72 12.57 12.63 12.73 12.72
12.77 12.78 12.77 12.80 12.79 12.76 12.77 12.77 12.78 12.81 12.79 12.77 12.78 12.80 12.80 12.81 12.79 12.81 12.81 12.83 12.83 12.81 12.83 12.82 12.82 12.81 12.82 12.84 12.83 12.82 12.79 12.79 12.79 12.79 12.78 12.79 12.81 12.83 12.81 12.81 12.82 12.80 12.79 12.78 12.77 12.77 12.78 12.78 12.77 12.76 12.76 12.76 12.76 12.76 12.76 12.75 12.75 12.76 12.75 12.77 12.77 12.77 12.65 12.64 12.38 12.70 12.66 12.67 12.65 12.61 12.72 12.64 12.68 12.66 12.74 12.74 12.72
12.61 12.75 12.76 12.75 12.75 12.77 12.76 12.77 12.79 12.79 12.75 12.76 12.79 12.81 12.80 12.77 12.78 12.79 12.78 12.80 12.80 12.81 12.81 12.81 12.80 12.81 12.81 12.80 12.80 12.80 12.78 12.79 12.79 12.80 12.77 12.77 12.78 12.79 12.79 12.76 12.78 12.78 12.77 12.76 12.75 12.74 12.75 12.75 12.75 12.75 12.75 12.75 12.74 12.74 12.73 12.73 12.72 12.73 12.73 12.74 12.75 12.61 12.21 12.25 12.26 12.04 11.73 12.24 12.58 12.52 12.63 12.64 12.66 12.41 12.62 12.69 12.69
12.73 12.76 12.70 12.73 12.72 12.74 12.76 12.74 12.77 12.76 12.76 12.77 12.78 12.78 12.79 12.80 12.80 12.77 12.76 12.75 12.76 12.77 12.78 12.77 12.77 12.78 12.78 12.77 12.78 12.78 12.78 12.78 12.78 12.77 12.76 12.74 12.74 12.73 12.73 12.74 12.74 12.74 12.73 12.74 12.73 12.72 12.72 12.73 12.72 12.72 12.72 12.71 12.71 12.71 12.71 12.71 12.72 12.72 12.71 12.72 12.72 12.72 12.63 12.61 11.84 11.83 12.01 12.23 12.61 12.58 12.51 12.59 12.62 12.65 12.69 12.65 12.60
12.62 12.66 12.72 12.72 12.71 12.73 12.73 12.74 12.73 12.74 12.68 12.76 12.76 12.76 12.77 12.74 12.75 12.75 12.74 12.73 12.74 12.74 12.76 12.75 12.74 12.75 12.75 12.75 12.74 12.76 12.75 12.76 12.77 12.77 12.76 12.72 12.74 12.73 12.72 12.72 12.72 12.72 12.71 12.71 12.70 12.68 12.68 12.68 12.69 12.69 12.68 12.69 12.68 12.69 12.71 12.70 12.70 12.68 12.69 12.71 12.67 12.70 12.67 12.55 12.09 12.20 11.91 11.28 11.48 12.40 12.59 12.61 12.61 12.61 12.65 12.64 12.65
12.60 12.60 12.63 12.65 12.68 12.69 12.68 12.70 12.71 12.71 12.74 12.72 12.74 12.72 12.70 12.70 12.70 12.71 12.71 12.71 12.71 12.72 12.71 12.69 12.71 12.71 12.72 12.72 12.71 12.69 12.71 12.73 12.73 12.73 12.73 12.72 12.69 12.72 12.69 12.68 12.69 12.65 12.65 12.66 12.68 12.69 12.68 12.69 12.68 12.66 12.63 12.65 12.65 12.67 12.68 12.67 12.67 12.67 12.66 12.67 12.65 12.61 12.57 12.56 12.52 12.38 12.26 12.39 12.55 12.58 12.57 12.60 12.58 12.59 12.62 12.64 12.64
12.58 12.58 12.59 12.58 12.60 12.64 12.65 12.64 12.67 12.72 12.72 12.74 12.73 12.67 12.64 12.65 12.70 12.70 12.70 12.68 12.70 12.70 12.70 12.66 12.66 12.69 12.68 12.67 12.66 12.67 12.70 12.69 12.72 12.72 12.70 12.70 12.67 12.67 12.67 12.66 12.66 12.66 12.66 12.63 12.63 12.68 12.68 12.68 12.66 12.66 12.61 12.62 12.61 12.62 12.65 12.66 12.65 12.66 12.65 12.66 12.65 12.64 12.62 12.63 12.62 12.64 12.58 12.58 12.58 12.55 12.55 12.59 12.57 12.59 12.61 12.63 12.62
