BOM_solar_grid_data_201906/2019061920190619.grid
ncols 839
nrows 679
xllcenter 112.0500
yllcenter -43.9500
cellsize 0.0500
nodata_value 99999.90
[rows 170 to 203 of 679, columns 154 to 230 of 839]
99999.90 99999.90 99999.90 99999.90 99999.90 99999.90 99999.90 99999.90 99999.90 99999.90 99999.90 99999.90 99999.90 99999.90 99999.90 99999.90 99999.90 99999.90 99999.90 99999.90 99999.90 99999.90 99999.90 99999.90 99999.90 99999.90 17.17 17.31 17.48 17.48 17.48 17.48 17.48 17.48 17.48 17.48 17.48 17.52 17.52 17.52 17.52 17.52 17.51 17.52 17.51 17.60 17.67 17.59 17.52 17.57 17.58 17.56 17.62 17.56 17.50 17.55 17.13 17.02 16.89 17.11 16.94 17.16 17.09 17.11 16.70 16.66 16.99 17.03 16.76 17.23 17.28 17.33 17.28 16.89 17.03 17.02 16.96
99999.90 99999.90 99999.90 99999.90 99999.90 99999.90 99999.90 99999.90 99999.90 99999.90 99999.90 99999.90 99999.90 99999.90 99999.90 99999.90 99999.90 99999.90 99999.90 99999.90 99999.90 99999.90 99999.90 99999.90 99999.90 99999.90 17.17 17.31 17.48 17.48 17.48 17.48 17.48 17.48 17.48 17.48 17.48 17.48 17.55 17.57 17.57 17.57 17.51 17.46 17.51 17.63 17.60 17.66 17.68 17.63 17.67 17.61 17.62 17.43 17.49 17.54 17.08 17.10 17.06 17.30 17.39 17.11 17.21 16.94 16.73 16.67 16.58 16.83 16.82 16.79 17.04 17.06 17.03 16.75 17.04 17.03 16.96
99999.90 99999.90 99999.90 99999.90 99999.90 99999.90 99999.90 99999.90 99999.90 99999.90 99999.90 99999.90 99999.90 99999.90 99999.90 99999.90 99999.90 99999.90 99999.90 99999.90 99999.90 99999.90 99999.90 99999.90 99999.90 17.02 17.17 17.31 17.48 17.48 17.48 17.48 17.48 17.48 17.48 17.48 17.48 17.48 17.48 17.55 17.63 17.63 17.48 17.51 17.55 17.56 17.60 17.60 17.63 17.64 17.70 17.62 17.58 17.42 17.44 17.45 17.38 16.87 17.09 17.34 17.56 17.30 17.07 17.10 17.14 16.75 16.60 16.65 16.86 16.64 16.61 17.01 16.65 16.74 16.85 16.91 16.90
99999.90 99999.90 99999.90 99999.90 99999.90 99999.90 99999.90 99999.90 99999.90 99999.90 99999.90 99999.90 99999.90 99999.90 99999.90 99999.90 99999.90 99999.90 99999.90 99999.90 99999.90 99999.90 99999.90 99999.90 17.32 17.02 17.17 17.31 17.48 17.48 17.48 17.48 17.48 17.48 17.48 17.48 17.48 17.48 17.48 17.55 17.55 17.56 17.58 17.56 17.54 17.55 17.50 17.57 17.55 17.56 17.53 17.49 17.49 17.51 17.32 17.33 17.27 17.14 17.24 17.43 17.24 17.38 17.21 17.21 17.21 16.92 16.76 16.47 16.59 17.03 16.72 16.39 16.68 16.51 16.95 16.38 16.66
99999.90 99999.90 99999.90 99999.90 99999.90 99999.90 99999.90 99999.90 99999.90 99999.90 99999.90 99999.90 99999.90 99999.90 99999.90 99999.90 99999.90 99999.90 99999.90 99999.90 99999.90 99999.90 99999.90 99999.90 17.32 17.32 17.17 17.31 17.31 17.31 17.48 17.48 17.48 17.48 17.48 17.48 17.48 17.48 17.48 17.50 17.52 17.50 17.52 17.52 17.56 17.50 17.42 17.47 17.41 17.48 17.49 17.29 17.30 17.28 17.37 17.13 16.94 16.95 17.06 17.20 17.15 17.32 17.08 17.38 17.17 17.29 16.81 16.81 16.42 16.80 16.81 16.55 16.86 16.73 16.87 16.59 16.66
99999.90 99999.90 99999.90 99999.90 99999.90 99999.90 99999.90 99999.90 99999.90 99999.90 99999.90 99999.90 99999.90 99999.90 99999.90 99999.90 99999.90 99999.90 99999.90 99999.90 99999.90 99999.90 99999.90 16.91 17.32 17.32 17.17 17.17 17.17 17.31 17.31 17.31 17.31 17.31 17.48 17.48 17.48 17.48 17.48 17.46 17.49 17.50 17.50 17.41 17.40 17.39 17.42 17.39 17.31 17.49 17.46 17.33 17.27 17.32 17.26 17.10 17.26 16.86 17.15 16.92 17.29 16.91 17.44 17.22 17.40 17.24 17.04 17.08 16.44 16.96 16.77 17.06 16.92 16.72 17.32 16.97 17.17
99999.90 99999.90 99999.90 99999.90 99999.90 99999.90 99999.90 99999.90 99999.90 99999.90 99999.90 99999.90 99999.90 99999.90 99999.90 99999.90 99999.90 99999.90 99999.90 99999.90 99999.90 99999.90 16.96 16.91 17.32 17.32 17.32 17.17 17.17 17.17 17.17 17.31 17.31 17.31 17.31 17.31 17.42 17.42 17.42 17.46 17.45 17.50 17.54 17.47 17.43 17.34 17.33 17.49 17.32 17.44 17.41 17.51 17.41 17.29 17.13 17.38 17.14 16.81 16.94 17.19 17.18 17.36 17.04 16.74 17.08 17.15 17.38 17.01 16.80 17.12 17.10 17.01 16.94 16.88 17.06 17.38 17.41
99999.90 99999.90 99999.90 99999.90 99999.90 99999.90 99999.90 99999.90 99999.90 99999.90 99999.90 99999.90 99999.90 99999.90 99999.90 99999.90 99999.90 99999.90 99999.90 99999.90 99999.90 17.13 16.96 16.96 17.32 17.32 17.32 17.32 17.32 17.17 17.17 17.17 17.17 17.31 17.31 17.31 17.31 17.44 17.44 17.52 17.52 17.45 17.53 17.46 17.38 17.39 17.39 17.42 17.34 17.35 17.45 17.42 17.50 17.12 17.13 17.15 16.93 17.35 17.14 17.34 17.25 17.19 17.13 16.92 16.74 17.33 17.21 17.08 17.07 16.86 16.95 16.86 17.08 17.03 17.33 17.36 17.45
99999.90 99999.90 99999.90 99999.90 99999.90 99999.90 99999.90 99999.90 99999.90 99999.90 99999.90 99999.90 99999.90 99999.90 99999.90 99999.90 99999.90 99999.90 99999.90 99999.90 17.10 17.13 17.13 16.96 17.32 17.32 17.32 17.32 17.32 17.32 17.17 17.17 17.17 17.17 17.17 17.31 17.31 17.31 17.42 17.52 17.47 17.42 17.31 17.31 17.34 17.40 17.41 17.36 17.41 17.26 17.00 17.28 16.94 17.28 17.09 17.25 16.93 17.11 17.44 17.36 17.34 17.41 17.18 16.77 16.85 16.75 17.27 17.26 17.17 16.80 16.72 17.26 17.09 16.82 17.07 16.98 17.43
99999.90 99999.90 99999.90 99999.90 99999.90 99999.90 99999.90 99999.90 99999.90 99999.90 99999.90 99999.90 99999.90 99999.90 99999.90 99999.90 99999.90 99999.90 99999.90 17.21 17.10 17.10 17.13 17.13 16.96 17.32 17.32 17.32 17.32 17.32 17.32 17.02 17.17 17.17 17.17 17.17 17.29 17.29 17.44 17.49 17.51 17.47 17.35 17.31 17.28 17.40 17.48 17.47 17.48 17.33 17.20 17.07 17.28 17.15 17.11 16.95 17.04 17.00 16.93 16.93 17.44 17.33 17.16 17.17 17.13 17.05 16.56 16.85 17.34 17.31 16.64 17.38 17.04 16.72 16.55 17.25 17.34
99999.90 99999.90 99999.90 99999.90 99999.90 99999.90 99999.90 99999.90 99999.90 99999.90 99999.90 99999.90 99999.90 99999.90 99999.90 99999.90 99999.90 99999.90 17.12 17.21 17.21 17.10 17.10 17.13 17.13 16.96 16.96 17.32 17.32 17.32 17.32 17.32 17.02 17.02 17.17 17.17 17.17 17.16 17.34 17.36 17.39 17.38 17.37 17.33 17.30 17.43 17.49 17.45 17.54 17.50 17.37 17.27 17.18 17.29 16.99 17.21 16.92 17.13 16.99 17.23 16.91 17.17 16.99 17.12 17.30 17.36 17.20 17.18 17.21 17.11 17.09 17.34 17.00 16.62 17.04 17.23 17.48
99999.90 99999.90 99999.90 99999.90 99999.90 99999.90 99999.90 99999.90 99999.90 99999.90 99999.90 99999.90 99999.90 99999.90 99999.90 99999.90 17.14 17.14 17.14 17.14 17.14 17.14 17.10 17.10 17.13 17.13 16.96 16.96 17.32 17.32 17.32 17.32 17.32 17.02 17.02 17.04 17.04 17.29 17.28 17.33 17.37 17.35 17.30 17.35 17.35 17.42 17.39 17.38 17.47 17.48 17.30 17.15 17.21 17.28 17.15 16.81 17.11 16.89 17.17 16.89 17.15 17.06 16.73 16.92 17.42 17.21 17.25 17.40 17.12 17.10 16.91 16.86 16.99 16.63 17.03 17.22 17.56
99999.90 99999.90 99999.90 99999.90 99999.90 99999.90 99999.90 99999.90 99999.90 99999.90 99999.90 99999.90 99999.90 99999.90 17.02 17.02 17.02 17.02 17.02 17.02 17.02 17.14 17.14 17.10 17.10 17.13 17.13 16.96 16.96 16.91 17.32 17.32 17.32 17.32 17.02 17.02 17.03 17.29 17.34 17.45 17.39 17.19 17.30 17.46 17.45 17.38 17.40 17.47 17.32 17.36 17.35 17.16 16.81 16.91 17.14 17.31 17.13 17.07 17.16 17.08 17.37 17.06 17.23 17.07 17.18 17.44 17.44 17.12 17.10 17.21 17.23 16.99 17.03 16.96 16.76 17.10 17.23
99999.90 99999.90 99999.90 99999.90 99999.90 99999.90 99999.90 99999.90 99999.90 99999.90 99999.90 99999.90 17.01 17.01 17.01 17.01 17.01 17.01 17.01 17.02 17.02 17.14 17.14 17.21 17.10 17.10 17.13 17.13 16.96 16.96 16.91 16.91 17.32 17.32 17.32 17.11 17.30 17.27 17.32 17.35 17.35 17.25 17.33 17.44 17.46 17.47 17.40 17.36 17.40 17.36 17.40 17.17 17.18 17.26 17.30 17.18 17.21 17.11 17.36 17.32 17.52 17.33 17.36 17.32 17.18 17.56 16.92 17.33 16.87 17.27 17.33 16.94 16.78 17.17 17.20 17.37 17.15
99999.90 99999.90 99999.90 99999.90 99999.90 99999.90 99999.90 99999.90 99999.90 99999.90 16.83 16.83 16.83 16.83 16.83 16.83 16.83 17.01 17.01 17.02 17.02 17.02 17.14 17.14 17.21 17.10 17.10 17.13 17.13 16.96 16.96 16.91 16.91 16.82 16.82 17.15 17.24 17.07 16.94 17.32 17.32 17.26 17.24 17.38 17.44 17.43 17.39 17.39 17.39 17.36 17.31 17.37 17.40 17.22 17.32 17.35 17.49 17.12 17.29 16.97 17.34 17.13 17.06 17.49 17.29 17.29 17.11 17.27 16.68 17.41 17.44 17.30 17.40 17.48 17.15 17.29 17.01
99999.90 99999.90 99999.90 99999.90 99999.90 99999.90 99999.90 16.98 16.98 16.98 16.98 16.98 16.98 16.98 16.98 16.98 16.83 17.01 17.01 17.01 17.02 17.02 17.14 17.14 17.14 17.21 17.10 17.10 17.13 17.13 16.96 16.96 16.91 16.91 16.87 16.97 17.26 16.96 16.86 17.09 17.39 17.29 17.21 17.37 17.49 17.46 17.37 17.41 17.42 17.39 17.27 17.21 17.24 17.21 17.37 17.50 17.10 17.42 17.22 17.19 17.04 16.96 16.97 17.07 17.05 17.40 17.26 17.38 16.85 17.36 17.47 17.37 17.37 17.45 17.33 17.30 17.19
99999.90 99999.90 99999.90 99999.90 16.97 16.97 16.97 16.97 16.97 16.97 16.97 16.97 16.97 16.98 16.98 16.98 16.83 16.83 17.01 17.01 17.02 17.02 17.02 17.14 17.14 17.21 17.21 17.10 17.10 17.13 17.13 16.96 16.96 16.66 16.90 17.02 17.25 16.96 17.12 17.19 17.37 17.39 17.29 17.41 17.45 17.45 17.43 17.41 17.36 17.30 17.42 17.26 17.01 17.15 17.30 17.49 17.26 17.34 17.26 16.88 17.03 16.98 17.33 17.18 17.25 17.07 17.13 17.40 17.15 17.32 17.25 17.45 17.38 17.12 17.43 17.20 17.20
99999.90 99999.90 16.96 16.96 16.96 16.96 16.96 16.96 16.96 16.97 16.97 16.97 16.97 16.98 16.98 16.98 16.83 16.83 17.01 17.01 17.01 17.02 17.02 17.14 17.14 17.14 17.21 17.21 17.10 17.10 17.13 17.13 16.64 16.75 16.97 17.12 17.18 17.21 17.33 17.39 17.39 17.39 17.33 17.39 17.42 17.42 17.35 17.40 17.39 17.25 17.27 17.34 17.19 17.29 17.09 17.25 17.13 17.00 17.38 17.03 17.20 17.17 17.15 17.27 17.33 17.32 17.35 17.31 17.39 17.17 17.49 17.45 17.22 17.34 17.22 17.14 16.63
16.84 16.84 16.84 16.84 16.84 16.84 16.84 16.88 16.96 16.97 16.97 16.97 16.97 16.98 16.98 16.98 16.98 16.83 16.83 17.01 17.01 17.02 17.02 17.02 17.14 17.14 17.12 17.21 17.21 17.10 17.10 16.82 16.84 17.20 17.11 17.10 17.30 17.32 17.32 17.36 17.41 17.39 17.35 17.35 17.33 17.37 17.37 17.39 17.32 17.39 17.35 17.31 17.25 17.30 17.26 17.33 16.96 17.18 16.97 17.13 17.02 16.66 17.01 17.20 17.18 17.33 17.25 17.44 17.38 17.47 17.49 17.32 17.26 17.10 16.82 16.63 16.40
16.70 16.83 16.84 16.84 16.84 16.84 16.84 16.88 16.96 16.96 16.97 16.97 16.97 16.97 16.98 16.98 16.98 16.83 16.83 17.01 17.01 17.01 17.02 17.02 17.14 17.14 17.14 17.12 17.21 17.21 16.75 16.82 17.02 17.01 17.01 17.14 17.23 17.28 17.36 17.37 17.35 17.39 17.37 17.36 17.36 17.37 17.42 17.42 17.35 17.38 17.42 17.33 17.37 17.33 17.16 17.32 17.15 17.37 17.29 17.16 17.29 17.26 17.08 17.18 17.21 17.26 17.36 17.40 17.38 17.46 17.29 17.35 17.22 17.20 16.99 16.87 17.04
16.70 16.83 16.84 16.84 16.84 16.84 16.84 16.88 16.69 16.96 16.97 16.97 16.97 16.97 16.98 16.98 16.98 16.83 16.83 16.83 17.01 17.01 17.02 17.02 17.02 17.14 17.14 17.12 17.12 16.92 16.92 17.08 16.99 16.92 16.99 17.13 17.13 17.25 17.27 17.32 17.29 17.35 17.36 17.32 17.34 17.36 17.36 17.39 17.34 17.37 17.43 17.43 17.38 17.31 17.29 17.34 17.22 17.34 17.23 17.10 17.09 17.32 17.03 17.19 17.32 17.33 17.43 17.41 17.37 17.39 17.36 17.37 17.26 17.27 17.32 17.30 17.18
16.70 16.83 16.87 16.84 16.84 16.84 16.84 16.88 16.69 16.96 16.96 16.97 16.97 16.97 16.98 16.98 16.98 16.98 16.83 16.83 17.01 17.01 17.01 17.02 17.02 17.14 17.14 17.06 17.09 17.02 17.13 17.13 17.00 16.99 17.06 17.10 17.19 17.17 17.30 17.35 17.30 17.28 17.32 17.31 17.33 17.36 17.35 17.30 17.36 17.36 17.41 17.42 17.34 17.24 17.19 17.22 17.40 17.30 17.06 17.35 17.08 17.17 17.25 17.31 17.42 17.44 17.42 17.41 17.38 17.35 17.27 17.34 17.29 17.34 17.34 17.34 16.99
16.70 16.83 16.87 16.84 16.84 16.84 16.84 16.88 16.69 16.96 16.96 16.97 16.97 16.97 16.97 16.98 16.98 16.98 16.83 16.83 16.83 17.01 17.01 17.02 17.02 16.99 17.06 16.96 17.09 17.03 17.30 17.15 17.08 17.10 17.07 17.11 17.14 17.25 17.29 17.28 17.26 17.25 17.25 17.30 17.26 17.29 17.35 17.31 17.38 17.33 17.28 17.33 17.32 17.31 17.06 17.28 17.36 17.18 17.22 17.29 17.33 17.29 17.35 17.44 17.44 17.34 17.37 17.36 17.31 17.28 17.30 17.27 17.34 17.31 17.31 17.20 17.04
16.70 16.83 16.87 16.84 16.84 16.84 16.84 16.88 16.69 16.96 16.96 16.96 16.97 16.97 16.97 16.98 16.98 16.98 16.97 16.83 16.83 17.01 17.01 16.93 16.97 17.07 17.21 17.19 17.18 17.13 17.22 17.21 17.10 17.03 17.15 17.16 17.09 17.23 17.25 17.23 17.20 17.23 17.28 17.31 17.22 17.26 17.29 17.27 17.32 17.31 17.21 17.29 17.32 17.09 17.15 17.14 17.28 17.22 17.35 17.36 17.35 17.31 17.39 17.40 17.41 17.40 17.36 17.38 17.33 17.27 17.19 17.29 17.29 17.27 17.23 17.09 17.06
16.70 16.83 16.87 16.84 16.84 16.84 16.84 16.88 16.69 16.62 16.96 16.96 16.97 16.97 16.97 16.93 16.98 16.98 16.97 16.83 16.83 16.85 17.06 17.17 17.24 17.26 17.24 17.16 17.19 17.03 16.93 17.03 16.50 16.81 17.13 17.15 16.88 17.10 17.02 17.10 17.17 17.21 17.26 17.27 17.29 17.27 17.25 17.26 17.24 17.25 17.28 17.20 17.32 17.26 17.11 17.14 17.22 17.32 17.34 17.31 17.23 17.34 17.31 17.31 17.35 17.33 17.27 17.24 17.27 17.15 17.19 17.28 17.27 17.16 17.14 16.96 16.87
16.70 16.83 16.87 16.95 16.84 16.84 16.84 16.88 16.69 16.62 16.96 16.96 16.96 16.97 16.97 16.93 16.98 16.98 16.97 17.04 17.05 17.03 17.20 17.20 17.23 17.25 17.26 17.22 17.18 17.06 16.84 16.91 17.11 17.16 17.10 17.10 17.17 17.20 17.21 17.17 17.17 17.18 17.30 17.23 17.22 17.24 17.21 17.14 17.16 17.24 17.22 17.20 17.30 17.30 17.10 17.19 17.25 17.36 17.32 17.27 17.28 17.34 17.32 17.33 17.26 17.18 17.24 17.20 17.30 17.22 17.18 17.26 17.14 17.09 16.87 16.81 16.40
16.70 16.83 16.87 16.95 16.84 16.84 16.84 16.88 16.69 16.62 16.82 16.96 16.96 16.97 16.97 16.93 16.85 16.89 16.90 16.98 17.00 16.98 17.06 17.19 17.22 17.24 17.20 17.14 17.12 17.21 17.09 17.07 17.11 17.12 17.18 17.17 17.18 17.17 17.14 17.16 17.13 17.13 17.22 17.16 17.14 17.11 17.15 17.20 17.18 17.24 17.21 17.20 17.22 17.20 17.27 17.17 17.20 17.27 17.30 17.27 17.29 17.33 17.24 17.18 17.21 17.20 17.23 17.25 17.26 17.25 17.20 17.13 17.16 17.10 16.75 16.72 16.66
16.70 16.83 16.87 16.95 16.79 16.84 16.84 16.88 16.69 16.62 16.82 16.96 16.96 16.96 17.00 16.98 16.80 16.83 16.89 16.94 16.88 16.93 16.92 16.97 17.15 17.17 17.19 17.17 17.11 17.21 17.13 17.10 17.13 17.15 17.17 17.11 17.14 17.17 17.17 17.21 17.18 17.14 17.15 17.17 17.21 17.14 17.15 17.13 17.17 17.20 17.20 17.15 17.18 17.24 17.20 17.13 17.05 16.93 17.19 17.26 17.25 17.17 17.23 17.14 17.11 17.05 17.24 17.28 17.24 17.22 17.20 17.19 17.18 17.03 16.94 16.97 16.93
16.70 16.83 16.87 16.95 16.79 16.84 16.84 16.88 16.69 16.62 16.82 16.92 16.92 16.96 16.91 16.94 16.99 16.99 17.01 17.00 16.89 16.88 16.96 17.00 17.06 17.04 17.17 17.12 17.10 17.11 17.18 17.09 17.08 17.11 17.08 17.05 17.10 17.12 17.18 17.22 17.20 17.20 17.19 17.18 17.14 17.11 17.13 17.17 17.20 17.24 17.20 17.22 17.19 17.22 17.17 17.20 17.07 17.09 17.15 17.23 17.20 17.12 17.15 17.14 17.19 17.16 17.23 17.26 17.22 17.23 17.27 17.21 17.13 17.02 16.98 16.94 16.82
16.70 16.83 16.87 16.95 16.79 16.76 16.70 16.84 16.86 16.87 16.83 16.84 16.91 17.00 16.99 16.98 17.05 17.01 16.97 16.98 16.96 16.94 16.97 17.04 17.03 16.95 17.04 17.10 17.11 17.09 17.12 17.08 17.07 17.11 17.03 17.06 17.08 17.06 17.10 17.18 17.10 17.08 17.14 17.13 17.13 17.12 17.17 17.20 17.20 17.21 17.22 17.22 17.27 17.26 17.16 17.17 17.16 17.16 17.01 17.07 17.03 16.86 17.13 17.20 17.20 17.16 17.13 17.21 17.26 17.26 17.19 17.04 16.88 16.57 17.00 17.04 16.66
16.57 16.85 16.79 16.81 16.84 16.82 16.79 16.84 16.96 16.98 16.91 16.92 17.00 17.04 17.04 17.05 17.04 16.99 16.94 17.00 16.95 16.97 16.95 16.99 16.97 16.99 16.96 17.03 17.07 17.06 17.10 17.08 17.06 17.03 17.06 17.05 17.09 17.00 17.05 17.11 17.09 17.12 17.09 17.05 17.09 17.11 17.14 17.14 17.18 17.18 17.20 17.16 17.20 17.20 17.22 17.19 17.07 17.14 17.03 17.07 17.00 17.10 17.18 17.09 17.18 17.12 17.14 17.23 17.23 17.17 17.04 16.88 16.88 16.73 16.89 16.67 16.43
16.69 16.74 16.84 16.91 16.82 16.77 16.73 16.80 16.96 16.99 17.01 16.94 16.98 17.04 17.05 17.09 17.05 17.08 17.02 16.99 17.00 16.87 16.98 17.10 17.07 17.03 16.98 17.07 17.10 17.09 17.13 17.07 17.04 17.01 16.94 17.02 17.06 16.95 16.87 16.95 16.97 17.05 17.09 17.06 17.09 17.15 17.13 17.10 17.15 17.14 17.13 17.20 17.19 17.13 17.12 17.17 17.18 17.19 17.13 17.11 17.00 17.09 16.84 16.99 16.99 17.06 17.12 17.13 17.14 17.03 16.98 16.90 16.94 16.66 16.38 16.45 16.12
16.80 16.71 16.75 16.80 16.74 16.79 16.62 16.85 16.91 16.88 17.05 16.99 16.92 16.97 17.00 17.04 16.99 17.03 17.06 17.03 17.01 17.00 17.04 17.11 17.11 17.12 17.07 17.11 17.11 17.15 17.09 17.06 16.99 17.03 16.99 17.02 17.01 16.94 16.91 16.98 16.96 17.01 17.00 16.97 17.06 17.09 17.11 17.10 17.07 17.12 17.13 17.19 17.16 17.11 17.09 17.07 17.15 17.10 17.00 16.97 16.95 16.86 16.83 17.02 17.00 17.15 17.03 17.05 17.03 17.01 16.91 16.80 16.51 16.68 16.03 16.03 16.23
16.89 16.86 16.77 16.86 16.81 16.87 16.83 16.89 16.97 17.01 17.04 17.02 16.97 16.95 17.04 17.06 17.02 16.98 17.05 17.06 17.08 17.03 16.97 17.06 17.07 17.06 17.06 17.10 17.10 17.15 17.17 17.05 16.98 17.01 16.97 16.95 16.94 17.02 16.93 16.93 16.95 16.96 17.01 16.95 17.02 17.09 17.10 17.12 17.09 17.10 17.10 17.15 17.13 17.07 17.09 17.10 17.12 16.96 16.80 16.83 16.59 16.78 16.97 16.86 16.85 16.88 16.87 16.92 16.91 16.92 16.85 16.64 16.60 16.72 16.36 15.95 16.04
