BOM_solar_grid_data_201906/2019061020190610.grid
ncols 839
nrows 679
xllcenter 112.0500
yllcenter -43.9500
cellsize 0.0500
nodata_value 99999.90
[rows 68 to 101 of 679, columns 462 to 538 of 839]
14.63 15.55 15.84 15.56 15.68 15.97 16.01 15.76 15.96 16.98 17.98 19.05 19.30 19.76 19.60 19.29 19.29 19.29 19.01 19.01 19.01 19.01 19.01 19.01 19.01 16.56 16.70 16.70 16.70 18.69 18.69 18.69 18.69 18.69 18.69 18.69 18.69 19.07 19.07 19.07 19.07 19.07 19.07 19.07 19.07 99999.90 99999.90 99999.90 99999.90 99999.90 99999.90 99999.90 99999.90 99999.90 99999.90 99999.90 99999.90 99999.90 99999.90 99999.90 99999.90 99999.90 99999.90 99999.90 99999.90 99999.90 99999.90 99999.90 99999.90 99999.90 99999.90 99999.90 99999.90 99999.90 99999.90 99999.90 99999.90
15.64 15.37 14.67 14.92 15.38 15.73 15.97 16.28 16.27 16.82 17.65 17.99 19.11 19.75 19.75 19.29 19.29 19.29 19.01 19.01 19.01 19.01 19.01 19.01 19.01 19.01 18.66 18.66 18.69 18.69 18.69 18.69 18.69 18.69 18.69 18.69 19.07 19.07 19.07 19.07 19.07 19.07 19.07 19.07 19.07 99999.90 99999.90 99999.90 99999.90 99999.90 99999.90 99999.90 99999.90 99999.90 99999.90 99999.90 99999.90 99999.90 99999.90 99999.90 99999.90 99999.90 99999.90 99999.90 99999.90 99999.90 99999.90 99999.90 99999.90 99999.90 99999.90 99999.90 99999.90 99999.90 99999.90 99999.90 99999.90
16.14 15.41 15.00 15.81 16.39 15.79 15.70 15.57 16.36 17.30 17.49 17.66 18.55 19.82 19.82 19.82 19.61 19.29 19.01 19.01 19.01 19.01 19.01 19.01 18.89 18.66 18.66 18.66 18.66 18.69 18.69 18.69 18.69 18.69 18.69 18.69 19.07 19.07 19.07 19.07 19.07 19.07 19.07 19.07 19.07 99999.90 99999.90 99999.90 99999.90 99999.90 99999.90 99999.90 99999.90 99999.90 99999.90 99999.90 99999.90 99999.90 99999.90 99999.90 99999.90 99999.90 99999.90 99999.90 99999.90 99999.90 99999.90 99999.90 99999.90 99999.90 99999.90 99999.90 99999.90 99999.90 99999.90 99999.90 99999.90
15.97 14.75 15.04 15.98 16.41 16.50 16.38 15.66 15.84 16.54 16.85 17.79 18.50 19.55 19.55 19.61 19.61 19.28 19.28 18.89 18.89 18.89 18.89 18.89 18.89 18.66 18.66 18.66 18.66 18.69 18.69 18.69 18.69 18.69 18.69 19.07 19.07 19.07 19.07 19.07 19.07 19.07 19.07 19.07 19.07 99999.90 99999.90 99999.90 99999.90 99999.90 99999.90 99999.90 99999.90 99999.90 99999.90 99999.90 99999.90 99999.90 99999.90 99999.90 99999.90 99999.90 99999.90 99999.90 99999.90 99999.90 99999.90 99999.90 99999.90 99999.90 99999.90 99999.90 99999.90 99999.90 99999.90 99999.90 99999.90
15.32 14.88 15.81 16.24 16.42 16.46 16.61 16.28 16.08 16.53 16.69 17.35 18.02 19.10 19.61 19.61 19.61 19.28 19.28 18.89 18.89 18.89 18.89 18.89 18.89 18.66 18.66 18.66 18.66 18.69 18.69 18.69 18.69 18.69 19.07 19.07 19.07 19.07 19.07 19.07 19.07 19.07 19.07 19.07 19.07 99999.90 99999.90 99999.90 99999.90 99999.90 99999.90 99999.90 99999.90 99999.90 99999.90 99999.90 99999.90 99999.90 99999.90 99999.90 99999.90 99999.90 99999.90 99999.90 99999.90 99999.90 99999.90 99999.90 99999.90 99999.90 99999.90 99999.90 99999.90 99999.90 99999.90 99999.90 99999.90
16.00 15.49 16.16 16.92 16.98 16.34 16.81 16.45 16.79 17.04 17.26 17.64 17.98 19.05 19.41 19.41 19.28 19.28 19.28 18.89 18.89 18.89 18.89 18.89 18.89 18.66 18.66 18.66 18.66 18.53 18.69 18.69 18.69 18.69 19.07 19.07 19.07 19.07 19.07 19.07 19.07 19.07 19.07 19.07 19.07 99999.90 99999.90 99999.90 99999.90 99999.90 99999.90 99999.90 99999.90 99999.90 99999.90 99999.90 99999.90 99999.90 99999.90 99999.90 99999.90 99999.90 99999.90 99999.90 99999.90 99999.90 99999.90 99999.90 99999.90 99999.90 99999.90 99999.90 99999.90 99999.90 99999.90 99999.90 99999.90
15.94 16.22 16.44 16.60 17.63 17.04 16.75 16.74 17.06 17.12 17.00 17.26 17.77 18.70 19.58 19.58 19.28 19.28 19.28 19.28 19.04 19.04 19.04 19.04 19.04 18.66 18.66 18.66 18.66 18.53 18.53 18.69 18.69 19.07 19.07 19.07 19.07 19.07 19.07 19.07 19.07 19.07 19.07 19.07 19.07 18.94 99999.90 99999.90 99999.90 99999.90 99999.90 99999.90 99999.90 99999.90 99999.90 99999.90 99999.90 99999.90 99999.90 99999.90 99999.90 99999.90 99999.90 99999.90 99999.90 99999.90 99999.90 99999.90 99999.90 99999.90 99999.90 99999.90 99999.90 99999.90 99999.90 99999.90 99999.90
15.75 16.44 16.92 17.09 17.49 17.05 16.57 16.70 17.18 17.18 16.86 16.90 17.58 19.25 19.70 19.61 19.54 19.28 19.28 19.28 19.04 19.04 19.04 19.04 18.49 18.66 18.66 18.66 18.33 18.58 18.58 18.58 18.50 19.07 19.07 19.07 19.07 19.07 19.07 19.07 19.07 19.07 19.07 19.07 19.07 18.94 99999.90 99999.90 99999.90 99999.90 99999.90 99999.90 99999.90 99999.90 99999.90 99999.90 99999.90 99999.90 99999.90 99999.90 99999.90 99999.90 99999.90 99999.90 99999.90 99999.90 99999.90 99999.90 99999.90 99999.90 99999.90 99999.90 99999.90 99999.90 99999.90 99999.90 99999.90
16.12 16.39 16.88 17.61 17.22 17.01 16.38 16.49 17.04 17.28 17.03 17.30 18.54 19.36 19.67 19.74 19.71 19.71 19.71 19.28 19.04 19.04 19.04 19.04 18.49 18.49 18.36 18.36 18.33 18.43 18.16 18.50 18.50 19.15 19.15 19.15 19.15 19.15 19.15 19.15 19.15 19.15 19.15 19.15 19.15 18.94 99999.90 99999.90 99999.90 99999.90 99999.90 99999.90 99999.90 99999.90 99999.90 99999.90 99999.90 99999.90 99999.90 99999.90 99999.90 99999.90 99999.90 99999.90 99999.90 99999.90 99999.90 99999.90 99999.90 99999.90 99999.90 99999.90 99999.90 99999.90 99999.90 99999.90 99999.90
16.51 16.40 16.78 17.34 17.74 16.56 16.38 16.80 17.14 17.42 17.62 17.80 18.47 19.09 19.57 19.60 19.47 19.47 19.47 19.47 19.04 19.04 19.04 18.49 18.49 18.49 18.49 18.45 18.30 18.37 18.19 18.15 18.59 18.84 19.15 19.15 19.15 19.15 19.15 19.15 19.15 19.15 19.15 19.15 19.15 18.94 99999.90 99999.90 99999.90 99999.90 99999.90 99999.90 99999.90 99999.90 99999.90 99999.90 99999.90 99999.90 99999.90 99999.90 99999.90 99999.90 99999.90 99999.90 99999.90 99999.90 99999.90 99999.90 99999.90 99999.90 99999.90 99999.90 99999.90 99999.90 99999.90 99999.90 99999.90
16.74 16.92 17.24 17.01 17.27 16.30 16.69 17.41 17.38 18.08 18.41 18.04 18.61 18.80 19.11 19.35 19.47 19.47 19.47 19.47 19.04 19.04 18.51 18.51 18.51 18.51 18.51 18.38 18.17 18.14 18.30 18.48 18.59 18.84 18.84 19.15 19.15 19.15 19.15 19.15 19.15 19.15 19.15 19.15 19.15 18.94 99999.90 99999.90 99999.90 99999.90 99999.90 99999.90 99999.90 99999.90 99999.90 99999.90 99999.90 99999.90 99999.90 99999.90 99999.90 99999.90 99999.90 99999.90 99999.90 99999.90 99999.90 99999.90 99999.90 99999.90 99999.90 99999.90 99999.90 99999.90 99999.90 99999.90 99999.90
16.95 16.66 17.35 17.60 17.18 16.32 16.15 17.42 17.88 18.44 18.53 18.48 18.34 18.32 19.15 19.35 19.35 19.47 19.47 19.47 19.47 19.04 18.58 18.58 18.58 18.58 18.58 18.50 18.38 18.34 18.33 18.51 18.51 18.84 18.84 18.84 19.15 19.15 19.15 19.15 19.15 19.15 19.15 18.94 18.94 18.94 99999.90 99999.90 99999.90 99999.90 99999.90 99999.90 99999.90 99999.90 99999.90 99999.90 99999.90 99999.90 99999.90 99999.90 99999.90 99999.90 99999.90 99999.90 99999.90 99999.90 99999.90 99999.90 99999.90 99999.90 99999.90 99999.90 99999.90 99999.90 99999.90 99999.90 99999.90
16.83 16.91 17.51 18.01 17.63 17.08 17.12 17.67 18.04 18.30 17.73 18.11 18.09 18.42 18.85 18.85 18.85 19.35 19.47 19.47 19.47 18.68 18.68 18.68 18.68 18.68 18.68 18.61 18.61 18.42 18.22 18.11 18.11 18.11 18.11 18.84 18.94 18.94 18.94 18.94 18.94 18.94 18.94 18.94 18.94 18.94 99999.90 99999.90 99999.90 99999.90 99999.90 99999.90 99999.90 99999.90 99999.90 99999.90 99999.90 99999.90 99999.90 99999.90 99999.90 99999.90 99999.90 99999.90 99999.90 99999.90 99999.90 99999.90 99999.90 99999.90 99999.90 99999.90 99999.90 99999.90 99999.90 99999.90 99999.90
16.40 17.10 17.78 18.23 17.80 17.36 17.24 17.23 17.84 17.74 17.60 18.27 18.01 18.22 18.89 18.89 18.89 18.89 18.89 19.47 19.47 18.09 18.09 18.09 18.09 18.09 18.09 17.73 18.44 18.76 18.44 18.11 18.11 18.96 18.96 18.96 18.94 18.94 18.94 18.94 18.94 18.94 18.94 18.94 18.94 18.94 99999.90 99999.90 99999.90 99999.90 99999.90 99999.90 99999.90 99999.90 99999.90 99999.90 99999.90 99999.90 99999.90 99999.90 99999.90 99999.90 99999.90 99999.90 99999.90 99999.90 99999.90 99999.90 99999.90 99999.90 99999.90 99999.90 99999.90 99999.90 99999.90 99999.90 99999.90
16.82 17.29 17.79 18.14 17.78 17.38 17.29 17.04 17.51 17.47 17.80 18.37 18.07 17.98 18.38 18.38 18.38 18.38 18.38 18.38 18.38 18.43 18.43 18.43 18.43 18.43 18.43 18.45 18.23 18.37 18.85 18.85 18.67 18.96 18.96 18.94 18.94 18.94 18.94 18.94 18.94 18.94 18.94 18.94 18.94 18.94 99999.90 99999.90 99999.90 99999.90 99999.90 99999.90 99999.90 99999.90 99999.90 99999.90 99999.90 99999.90 99999.90 99999.90 99999.90 99999.90 99999.90 99999.90 99999.90 99999.90 99999.90 99999.90 99999.90 99999.90 99999.90 99999.90 99999.90 99999.90 99999.90 99999.90 99999.90
17.31 17.45 17.90 17.90 17.15 17.32 17.35 17.43 17.69 17.99 18.34 18.29 18.16 18.22 18.38 18.38 18.38 18.38 18.38 18.38 18.80 18.80 18.80 18.80 18.80 18.80 18.80 18.74 18.59 18.52 18.48 18.67 18.67 18.96 18.96 18.94 18.94 18.94 18.94 18.94 18.94 18.94 18.94 18.94 18.94 18.94 99999.90 99999.90 99999.90 99999.90 99999.90 99999.90 99999.90 99999.90 99999.90 99999.90 99999.90 99999.90 99999.90 99999.90 99999.90 99999.90 99999.90 99999.90 99999.90 99999.90 99999.90 99999.90 99999.90 99999.90 99999.90 99999.90 99999.90 99999.90 99999.90 99999.90 99999.90
17.70 18.27 17.58 17.21 16.70 17.22 17.67 17.82 18.08 18.19 17.98 17.78 18.16 18.22 18.22 18.38 18.38 18.38 18.38 18.38 18.80 18.80 18.80 18.80 18.80 18.80 18.80 18.74 18.59 18.94 19.03 18.93 19.01 18.87 18.85 18.94 18.94 18.94 18.94 18.94 18.94 18.94 18.94 18.94 18.94 18.94 99999.90 99999.90 99999.90 99999.90 99999.90 99999.90 99999.90 99999.90 99999.90 99999.90 99999.90 99999.90 99999.90 99999.90 99999.90 99999.90 99999.90 99999.90 99999.90 99999.90 99999.90 99999.90 99999.90 99999.90 99999.90 99999.90 99999.90 99999.90 99999.90 99999.90 99999.90
18.70 18.12 17.44 17.48 17.59 17.80 18.37 18.53 18.57 18.44 18.16 17.83 17.83 18.22 18.22 18.22 18.38 18.38 18.38 18.38 18.80 18.80 18.80 18.80 18.80 18.80 18.80 18.74 18.94 18.94 19.03 18.93 19.01 18.87 18.85 18.94 18.94 18.94 18.94 18.94 18.94 18.94 18.94 18.94 18.94 18.94 99999.90 99999.90 99999.90 99999.90 99999.90 99999.90 99999.90 99999.90 99999.90 99999.90 99999.90 99999.90 99999.90 99999.90 99999.90 99999.90 99999.90 99999.90 99999.90 99999.90 99999.90 99999.90 99999.90 99999.90 99999.90 99999.90 99999.90 99999.90 99999.90 99999.90 99999.90
18.49 17.84 17.92 17.81 18.05 18.26 18.49 18.63 18.39 18.19 17.94 17.83 17.83 17.83 18.22 18.22 18.22 18.38 18.38 18.38 18.80 18.80 18.80 18.80 18.80 18.80 18.80 18.94 18.94 18.94 19.03 18.93 19.01 18.87 18.85 18.94 18.94 18.94 18.94 18.94 18.94 18.94 18.94 18.94 18.94 18.94 99999.90 99999.90 99999.90 99999.90 99999.90 99999.90 99999.90 99999.90 99999.90 99999.90 99999.90 99999.90 99999.90 99999.90 99999.90 99999.90 99999.90 99999.90 99999.90 99999.90 99999.90 99999.90 99999.90 99999.90 99999.90 99999.90 99999.90 99999.90 99999.90 99999.90 99999.90
18.33 18.16 18.30 17.64 17.80 18.47 18.70 18.67 18.49 18.36 18.19 18.19 18.19 17.83 17.83 18.22 18.22 18.22 18.38 18.38 18.80 18.80 18.80 18.80 18.80 18.80 18.80 18.94 18.94 18.94 19.03 18.93 19.01 18.87 18.85 18.94 18.94 18.94 18.94 18.94 18.94 18.94 18.94 18.94 18.94 18.94 99999.90 99999.90 99999.90 99999.90 99999.90 99999.90 99999.90 99999.90 99999.90 99999.90 99999.90 99999.90 99999.90 99999.90 99999.90 99999.90 99999.90 99999.90 99999.90 99999.90 99999.90 99999.90 99999.90 99999.90 99999.90 99999.90 99999.90 99999.90 99999.90 99999.90 99999.90
18.53 18.48 18.23 17.80 18.36 18.52 18.62 19.01 18.95 18.36 18.19 18.19 18.19 18.19 18.19 17.83 18.22 18.22 18.22 18.38 18.80 18.80 18.80 18.80 18.80 18.80 18.80 18.94 18.94 18.94 19.03 18.93 19.01 18.87 18.85 18.94 18.94 18.94 18.94 18.94 18.94 18.94 18.94 18.94 18.94 18.94 99999.90 99999.90 99999.90 99999.90 99999.90 99999.90 99999.90 99999.90 99999.90 99999.90 99999.90 99999.90 99999.90 99999.90 99999.90 99999.90 99999.90 99999.90 99999.90 99999.90 99999.90 99999.90 99999.90 99999.90 99999.90 99999.90 99999.90 99999.90 99999.90 99999.90 99999.90
18.67 18.63 18.65 18.70 18.78 18.82 18.77 18.93 18.97 18.97 18.19 18.19 18.19 18.19 18.19 18.19 18.19 18.22 18.22 18.22 18.80 18.80 18.80 18.80 18.80 18.80 18.94 18.94 18.94 18.94 19.03 18.93 19.01 18.87 18.85 18.94 18.94 18.94 18.94 18.94 18.94 18.94 18.94 18.94 18.94 18.94 99999.90 99999.90 99999.90 99999.90 99999.90 99999.90 99999.90 99999.90 99999.90 99999.90 99999.90 99999.90 99999.90 99999.90 99999.90 99999.90 99999.90 99999.90 99999.90 99999.90 99999.90 99999.90 99999.90 99999.90 99999.90 99999.90 99999.90 99999.90 99999.90 99999.90 99999.90
18.58 18.46 18.52 18.86 18.75 18.94 19.21 19.29 18.97 18.97 18.97 18.19 18.19 18.19 18.19 18.19 18.19 18.19 18.19 18.22 18.80 18.80 18.80 18.80 18.80 18.80 18.94 18.94 18.94 18.94 19.03 18.93 19.01 18.87 18.85 18.94 18.94 18.94 18.94 18.94 18.94 18.94 18.94 18.94 18.94 18.94 99999.90 99999.90 99999.90 99999.90 99999.90 99999.90 99999.90 99999.90 99999.90 99999.90 99999.90 99999.90 99999.90 99999.90 99999.90 99999.90 99999.90 99999.90 99999.90 99999.90 99999.90 99999.90 99999.90 99999.90 99999.90 99999.90 99999.90 99999.90 99999.90 99999.90 99999.90
18.72 18.64 17.96 18.73 18.80 18.83 19.12 19.40 19.40 19.40 18.97 18.97 18.19 18.19 18.19 18.19 18.19 18.19 18.19 18.19 18.80 18.80 18.80 18.80 18.80 18.80 18.94 18.94 18.94 18.94 19.03 18.93 19.01 18.87 18.85 18.94 18.94 18.94 18.94 18.94 18.94 18.94 18.94 18.94 18.94 18.94 99999.90 99999.90 99999.90 99999.90 99999.90 99999.90 99999.90 99999.90 99999.90 99999.90 99999.90 99999.90 99999.90 99999.90 99999.90 99999.90 99999.90 99999.90 99999.90 99999.90 99999.90 99999.90 99999.90 99999.90 99999.90 99999.90 99999.90 99999.90 99999.90 99999.90 99999.90
18.36 17.87 18.32 18.45 18.69 18.21 18.77 18.88 18.88 18.88 18.88 18.88 18.97 18.19 18.19 18.19 18.19 18.19 18.19 18.19 18.80 18.80 18.80 18.80 18.80 18.94 18.94 18.94 18.94 18.94 19.03 18.93 19.01 18.87 18.85 18.94 18.94 18.94 18.94 18.94 18.94 18.94 18.94 18.94 18.94 18.94 99999.90 99999.90 99999.90 99999.90 99999.90 99999.90 99999.90 99999.90 99999.90 99999.90 99999.90 99999.90 99999.90 99999.90 99999.90 99999.90 99999.90 99999.90 99999.90 99999.90 99999.90 99999.90 99999.90 99999.90 99999.90 99999.90 99999.90 99999.90 99999.90 99999.90 99999.90
19.19 18.64 18.75 18.58 18.29 17.95 18.77 18.88 18.88 18.88 18.88 18.88 18.88 18.88 18.88 18.19 18.19 18.19 18.19 18.19 18.80 18.80 18.80 18.80 18.80 18.94 18.94 18.94 18.94 18.94 19.03 18.93 19.01 18.87 18.85 18.94 18.94 18.94 18.94 18.94 18.94 18.94 18.94 18.94 18.94 18.94 99999.90 99999.90 99999.90 99999.90 99999.90 99999.90 99999.90 99999.90 99999.90 99999.90 99999.90 99999.90 99999.90 99999.90 99999.90 99999.90 99999.90 99999.90 99999.90 99999.90 99999.90 99999.90 99999.90 99999.90 99999.90 99999.90 99999.90 99999.90 99999.90 99999.90 99999.90
18.71 18.62 18.43 18.42 18.59 17.95 17.95 18.88 18.88 18.88 18.88 18.88 18.88 18.88 18.88 18.88 18.65 18.65 18.65 18.65 18.81 18.81 18.94 18.94 18.94 18.94 18.94 18.94 18.94 18.94 19.03 18.93 19.01 18.87 18.85 18.94 18.94 18.94 18.94 18.94 18.94 18.94 18.94 18.94 18.94 18.94 99999.90 99999.90 99999.90 99999.90 99999.90 99999.90 99999.90 99999.90 99999.90 99999.90 99999.90 99999.90 99999.90 99999.90 99999.90 99999.90 99999.90 99999.90 99999.90 99999.90 99999.90 99999.90 99999.90 99999.90 99999.90 99999.90 99999.90 99999.90 99999.90 99999.90 99999.90
18.92 18.97 18.51 18.08 18.07 18.07 18.07 17.95 18.88 18.88 18.88 18.88 18.88 18.88 18.15 18.65 18.65 18.65 18.65 18.81 18.81 18.81 18.81 18.81 18.81 18.81 18.82 99999.90 99999.90 99999.90 99999.90 99999.90 99999.90 99999.90 99999.90 99999.90 99999.90 99999.90 99999.90 99999.90 99999.90 99999.90 99999.90 99999.90 99999.90 99999.90 99999.90 99999.90 99999.90 99999.90 99999.90 99999.90 99999.90 99999.90 99999.90 99999.90 99999.90 99999.90 99999.90 99999.90 99999.90 99999.90 99999.90 99999.90 99999.90 99999.90 99999.90 99999.90 99999.90 99999.90 99999.90 99999.90 99999.90 99999.90 99999.90 99999.90 99999.90
18.80 18.82 18.84 18.26 17.79 17.79 18.05 18.05 18.05 18.05 18.67 18.67 18.15 18.15 18.65 18.65 18.65 18.65 18.65 18.81 18.81 18.81 18.81 18.97 18.97 18.97 18.97 18.97 18.97 99999.90 99999.90 99999.90 99999.90 99999.90 99999.90 99999.90 99999.90 99999.90 99999.90 99999.90 99999.90 99999.90 99999.90 99999.90 99999.90 99999.90 99999.90 99999.90 99999.90 99999.90 99999.90 99999.90 99999.90 99999.90 99999.90 99999.90 99999.90 99999.90 99999.90 99999.90 99999.90 99999.90 99999.90 99999.90 99999.90 99999.90 99999.90 99999.90 99999.90 99999.90 99999.90 99999.90 99999.90 99999.90 99999.90 99999.90 99999.90
18.71 18.62 18.92 18.55 17.36 18.05 18.05 18.05 16.88 18.67 18.67 18.15 18.15 18.15 18.65 18.65 18.65 18.65 18.81 18.81 18.81 18.81 18.97 18.97 18.97 18.97 18.97 18.97 18.97 19.02 99999.90 99999.90 99999.90 99999.90 99999.90 99999.90 99999.90 99999.90 99999.90 99999.90 99999.90 99999.90 99999.90 99999.90 99999.90 99999.90 99999.90 99999.90 99999.90 99999.90 99999.90 99999.90 99999.90 99999.90 99999.90 99999.90 99999.90 99999.90 99999.90 99999.90 99999.90 99999.90 99999.90 99999.90 99999.90 99999.90 99999.90 99999.90 99999.90 99999.90 99999.90 99999.90 99999.90 99999.90 99999.90 99999.90 99999.90
18.56 18.71 18.78 18.88 17.97 18.14 18.14 16.88 18.67 18.67 18.67 18.15 18.15 18.65 18.65 18.65 18.65 18.81 18.81 18.81 18.81 18.81 18.97 18.97 18.97 18.97 18.66 18.66 18.66 18.66 18.66 18.66 99999.90 99999.90 99999.90 99999.90 99999.90 99999.90 99999.90 99999.90 99999.90 99999.90 99999.90 99999.90 99999.90 99999.90 99999.90 99999.90 99999.90 99999.90 99999.90 99999.90 99999.90 99999.90 99999.90 99999.90 99999.90 99999.90 99999.90 99999.90 99999.90 99999.90 99999.90 99999.90 99999.90 99999.90 99999.90 99999.90 99999.90 99999.90 99999.90 99999.90 99999.90 99999.90 99999.90 99999.90 99999.90
18.10 18.61 18.78 18.70 18.40 18.32 16.88 16.88 18.67 18.67 18.15 18.15 18.15 18.65 18.65 18.65 18.65 18.81 18.81 18.81 18.81 18.97 18.97 18.97 18.97 18.66 18.66 18.66 18.66 18.66 18.66 18.66 99999.90 99999.90 99999.90 99999.90 99999.90 99999.90 99999.90 99999.90 99999.90 99999.90 99999.90 99999.90 99999.90 99999.90 99999.90 99999.90 99999.90 99999.90 99999.90 99999.90 99999.90 99999.90 99999.90 99999.90 99999.90 99999.90 99999.90 99999.90 99999.90 99999.90 99999.90 99999.90 99999.90 99999.90 99999.90 99999.90 99999.90 99999.90 99999.90 99999.90 99999.90 99999.90 99999.90 99999.90 99999.90
17.84 17.70 18.37 18.57 18.66 18.44 17.68 16.91 18.67 18.67 18.15 18.15 18.65 18.65 18.65 18.65 18.81 18.81 18.81 18.81 18.97 18.97 18.97 18.97 18.97 18.66 18.66 18.66 18.66 18.66 18.66 18.66 99999.90 99999.90 99999.90 99999.90 99999.90 99999.90 99999.90 99999.90 99999.90 99999.90 99999.90 99999.90 99999.90 99999.90 99999.90 99999.90 99999.90 99999.90 99999.90 99999.90 99999.90 99999.90 99999.90 99999.90 99999.90 99999.90 99999.90 99999.90 99999.90 99999.90 99999.90 99999.90 99999.90 99999.90 99999.90 99999.90 99999.90 99999.90 99999.90 99999.90 99999.90 99999.90 99999.90 99999.90 99999.90
17.42 17.12 17.56 18.02 18.24 18.13 17.48 17.55 18.11 18.20 18.15 18.15 18.65 18.65 18.65 19.02 18.81 18.81 18.81 18.81 18.97 18.97 18.97 18.97 18.66 18.66 18.66 18.66 18.66 19.14 19.14 19.14 19.09 19.09 19.09 19.09 19.09 19.09 19.09 19.09 19.09 19.09 19.09 19.09 19.09 99999.90 99999.90 99999.90 99999.90 99999.90 99999.90 99999.90 99999.90 99999.90 99999.90 99999.90 99999.90 99999.90 99999.90 99999.90 99999.90 99999.90 99999.90 99999.90 99999.90 99999.90 99999.90 99999.90 99999.90 99999.90 99999.90 99999.90 99999.90 99999.90 99999.90 99999.90 99999.90
