BOM_solar_grid_data_201906/2019061420190614.grid
ncols 839
nrows 679
xllcenter 112.0500
yllcenter -43.9500
cellsize 0.0500
nodata_value 99999.90
[rows 340 to 373 of 679, columns 0 to 76 of 839]
99999.90 99999.90 99999.90 99999.90 99999.90 99999.90 99999.90 99999.90 99999.90 99999.90 99999.90 99999.90 99999.90 99999.90 99999.90 99999.90 99999.90 99999.90 99999.90 14.39 14.39 14.39 14.24 14.24 14.24 14.24 14.24 14.24 14.29 14.16 14.16 14.16 14.16 14.16 14.02 14.02 14.02 14.12 14.09 14.09 14.10 14.12 14.11 14.10 14.11 14.10 14.10 14.11 14.11 14.11 14.11 14.09 14.12 14.11 14.11 14.11 14.10 14.11 14.11 14.11 14.10 14.11 14.12 14.12 14.11 14.11 14.13 14.15 14.15 14.16 14.15 14.14 14.13 14.14 14.15 14.15 14.16
99999.90 99999.90 99999.90 99999.90 99999.90 99999.90 99999.90 99999.90 99999.90 99999.90 99999.90 99999.90 99999.90 99999.90 99999.90 99999.90 99999.90 99999.90 99999.90 99999.90 99999.90 14.37 14.24 14.24 14.24 14.24 14.24 14.29 14.16 14.16 14.16 14.16 14.02 14.02 14.02 14.02 14.02 14.09 14.09 14.07 14.07 14.08 14.08 14.07 14.06 14.06 14.08 14.10 14.09 14.10 14.09 14.07 14.08 14.09 14.09 14.08 14.08 14.08 14.09 14.09 14.08 14.08 14.09 14.09 14.09 14.09 14.14 14.14 14.15 14.14 14.13 14.13 14.13 14.12 14.12 14.12 14.14
99999.90 99999.90 99999.90 99999.90 99999.90 99999.90 99999.90 99999.90 99999.90 99999.90 99999.90 99999.90 99999.90 99999.90 99999.90 99999.90 99999.90 99999.90 99999.90 99999.90 99999.90 14.37 14.24 14.24 14.24 14.24 14.16 14.16 14.16 14.16 14.02 14.02 14.02 14.02 14.02 14.02 14.09 14.09 14.07 14.05 14.03 14.03 14.04 14.04 14.03 14.06 14.06 14.07 14.06 14.09 14.06 14.05 14.06 14.07 14.07 14.06 14.07 14.07 14.06 14.07 14.07 14.05 14.05 14.06 14.05 14.07 14.12 14.11 14.14 14.10 14.10 14.10 14.08 14.08 14.08 14.10 14.13
99999.90 99999.90 99999.90 99999.90 99999.90 99999.90 99999.90 99999.90 99999.90 99999.90 99999.90 99999.90 99999.90 99999.90 99999.90 99999.90 99999.90 99999.90 99999.90 99999.90 99999.90 99999.90 14.24 14.24 14.24 14.16 14.16 14.16 14.02 14.02 14.02 14.02 14.02 14.02 14.02 14.09 13.98 13.98 13.98 14.05 14.04 14.03 14.05 14.04 14.06 14.04 14.03 14.02 14.02 14.04 14.04 14.03 14.04 14.05 14.06 14.05 14.05 14.04 14.06 14.05 14.05 14.04 14.03 14.03 14.03 14.05 14.09 14.08 14.08 14.08 14.08 14.07 14.09 14.11 14.07 14.08 14.10
99999.90 99999.90 99999.90 99999.90 99999.90 99999.90 99999.90 99999.90 99999.90 99999.90 99999.90 99999.90 99999.90 99999.90 99999.90 99999.90 99999.90 99999.90 99999.90 99999.90 99999.90 99999.90 14.24 14.24 14.29 14.16 14.02 14.02 14.02 14.02 14.02 14.02 14.02 14.02 13.98 13.98 13.98 13.98 13.98 14.01 14.02 13.99 14.02 14.00 14.02 14.02 13.99 13.99 14.01 14.04 14.02 14.02 14.01 14.01 14.02 14.02 14.01 14.01 14.03 14.02 14.03 14.02 14.01 14.00 14.01 14.04 14.05 14.06 14.06 14.08 14.07 14.08 14.09 14.08 14.08 14.07 14.05
99999.90 99999.90 99999.90 99999.90 99999.90 99999.90 99999.90 99999.90 99999.90 99999.90 99999.90 99999.90 99999.90 99999.90 99999.90 99999.90 99999.90 99999.90 99999.90 99999.90 99999.90 99999.90 99999.90 14.29 14.29 14.16 14.02 14.02 14.02 14.02 14.02 14.02 13.98 13.98 13.98 13.98 13.98 13.98 14.01 14.01 13.99 13.96 13.98 13.98 13.98 13.98 13.97 14.01 14.03 14.01 13.98 13.99 13.98 13.98 13.99 13.99 13.99 13.99 14.00 14.01 14.00 14.00 13.98 13.98 14.00 14.08 14.08 14.07 14.05 14.06 14.06 14.07 14.07 14.06 14.07 14.06 14.06
99999.90 99999.90 99999.90 99999.90 99999.90 99999.90 99999.90 99999.90 99999.90 99999.90 99999.90 99999.90 99999.90 99999.90 99999.90 99999.90 99999.90 99999.90 99999.90 99999.90 99999.90 99999.90 99999.90 99999.90 14.25 14.16 14.02 14.02 14.02 14.02 14.02 13.98 13.98 13.98 13.98 13.98 13.98 14.01 13.96 13.96 13.96 13.94 13.95 13.95 13.93 13.96 13.94 13.95 13.98 13.90 13.94 13.96 13.96 13.97 13.97 13.96 13.97 13.97 13.98 13.96 13.97 13.97 13.96 13.95 13.97 14.03 14.01 14.03 14.04 14.03 14.05 14.03 14.04 14.04 14.04 14.03 14.04
99999.90 99999.90 99999.90 99999.90 99999.90 99999.90 99999.90 99999.90 99999.90 99999.90 99999.90 99999.90 99999.90 99999.90 99999.90 99999.90 99999.90 99999.90 99999.90 99999.90 99999.90 99999.90 99999.90 99999.90 99999.90 14.16 14.02 14.02 14.02 13.98 13.98 13.98 13.98 13.98 13.98 13.98 13.96 13.96 13.96 13.96 13.96 13.94 13.92 13.94 13.92 13.93 13.89 13.82 13.86 13.79 13.89 13.94 13.94 13.96 13.97 13.95 13.95 13.93 13.95 13.93 13.93 13.94 13.94 13.93 13.94 14.00 14.00 13.99 14.01 14.02 14.02 14.02 14.01 14.01 13.98 14.00 14.01
99999.90 99999.90 99999.90 99999.90 99999.90 99999.90 99999.90 99999.90 99999.90 99999.90 99999.90 99999.90 99999.90 99999.90 99999.90 99999.90 99999.90 99999.90 99999.90 99999.90 99999.90 99999.90 99999.90 99999.90 99999.90 14.16 14.02 14.02 13.98 13.98 13.98 13.98 13.98 13.98 13.96 13.96 13.96 13.96 13.96 13.92 13.92 13.92 13.90 13.89 13.89 13.96 13.87 13.77 13.87 13.83 13.89 13.90 13.95 13.97 13.94 13.89 13.91 13.92 13.91 13.83 13.91 13.92 13.92 13.92 13.94 13.98 13.98 13.96 13.97 14.01 14.00 13.99 13.99 13.99 13.97 13.99 13.98
99999.90 99999.90 99999.90 99999.90 99999.90 99999.90 99999.90 99999.90 99999.90 99999.90 99999.90 99999.90 99999.90 99999.90 99999.90 99999.90 99999.90 99999.90 99999.90 99999.90 99999.90 99999.90 99999.90 99999.90 99999.90 99999.90 14.02 14.02 13.98 13.98 13.98 13.98 13.98 13.96 13.96 13.96 13.96 13.92 13.92 13.92 13.92 13.92 13.88 13.87 13.89 13.90 13.91 13.76 13.82 13.72 13.85 13.88 13.96 13.95 13.92 13.85 13.89 13.89 13.89 13.88 13.89 13.92 13.90 13.89 13.94 13.93 13.95 13.94 13.96 13.97 13.98 13.98 13.98 13.97 13.96 13.96 13.96
99999.90 99999.90 99999.90 99999.90 99999.90 99999.90 99999.90 99999.90 99999.90 99999.90 99999.90 99999.90 99999.90 99999.90 99999.90 99999.90 99999.90 99999.90 99999.90 99999.90 99999.90 99999.90 99999.90 99999.90 99999.90 99999.90 14.02 14.02 13.98 13.98 13.98 13.96 13.96 13.96 13.96 13.92 13.92 13.92 13.92 13.92 13.86 13.86 13.86 13.87 13.88 13.80 13.56 13.23 13.76 13.76 13.84 13.86 13.92 13.90 13.88 13.85 13.86 13.87 13.84 13.67 13.84 13.88 13.89 13.91 13.91 13.90 13.90 13.92 13.92 13.93 13.92 13.92 13.92 13.91 13.93 13.95 13.95
99999.90 99999.90 99999.90 99999.90 99999.90 99999.90 99999.90 99999.90 99999.90 99999.90 99999.90 99999.90 99999.90 99999.90 99999.90 99999.90 99999.90 99999.90 99999.90 99999.90 99999.90 99999.90 99999.90 99999.90 99999.90 99999.90 99999.90 14.09 13.98 13.98 13.96 13.96 13.96 13.92 13.92 13.92 13.92 13.92 13.84 13.84 13.84 13.84 13.84 13.90 13.89 13.56 13.28 13.38 13.77 13.73 13.80 13.76 13.88 13.86 13.86 13.82 13.81 13.84 13.74 13.77 13.86 13.82 13.86 13.86 13.83 13.85 13.87 13.88 13.87 13.87 13.89 13.89 13.90 13.90 13.91 13.91 13.92
99999.90 99999.90 99999.90 99999.90 99999.90 99999.90 99999.90 99999.90 99999.90 99999.90 99999.90 99999.90 99999.90 99999.90 99999.90 99999.90 99999.90 99999.90 99999.90 99999.90 99999.90 99999.90 99999.90 99999.90 99999.90 99999.90 99999.90 99999.90 13.98 13.98 13.96 13.92 13.92 13.92 13.75 13.75 13.75 13.75 13.75 13.75 13.75 13.75 13.75 13.82 13.72 13.52 13.24 13.24 13.57 13.54 13.68 13.82 13.85 13.82 13.85 13.84 13.84 13.81 13.79 13.72 13.78 13.77 13.81 13.80 13.76 13.82 13.84 13.84 13.86 13.87 13.85 13.85 13.86 13.88 13.88 13.89 13.88
99999.90 99999.90 99999.90 99999.90 99999.90 99999.90 99999.90 99999.90 99999.90 99999.90 99999.90 99999.90 99999.90 99999.90 99999.90 99999.90 99999.90 99999.90 99999.90 99999.90 99999.90 99999.90 99999.90 99999.90 99999.90 99999.90 99999.90 99999.90 13.98 13.98 13.96 13.92 13.69 13.69 13.69 13.69 13.69 13.69 13.69 13.69 13.69 13.69 13.69 13.70 13.40 13.37 13.31 13.34 13.56 13.55 13.73 13.75 13.82 13.87 13.83 13.80 13.81 13.78 13.80 13.79 13.80 13.79 13.80 13.73 13.73 13.82 13.81 13.82 13.83 13.83 13.81 13.83 13.82 13.83 13.86 13.86 13.86
99999.90 99999.90 99999.90 99999.90 99999.90 99999.90 99999.90 99999.90 99999.90 99999.90 99999.90 99999.90 99999.90 99999.90 99999.90 99999.90 99999.90 99999.90 99999.90 99999.90 99999.90 99999.90 99999.90 99999.90 99999.90 99999.90 99999.90 99999.90 99999.90 14.01 13.96 13.92 13.67 13.67 13.67 13.67 13.67 13.67 13.67 13.67 13.67 13.67 13.67 13.69 13.21 12.96 13.48 13.54 13.39 13.50 13.71 13.79 13.81 13.82 13.71 13.79 13.79 13.67 13.73 13.76 13.79 13.79 13.77 13.71 13.75 13.78 13.77 13.74 13.75 13.69 13.75 13.80 13.81 13.81 13.84 13.84 13.85
99999.90 99999.90 99999.90 99999.90 99999.90 99999.90 99999.90 99999.90 99999.90 99999.90 99999.90 99999.90 99999.90 99999.90 99999.90 99999.90 99999.90 99999.90 99999.90 99999.90 99999.90 99999.90 99999.90 99999.90 99999.90 99999.90 99999.90 99999.90 99999.90 99999.90 13.96 13.92 13.66 13.66 13.66 13.66 13.66 13.66 13.66 13.66 13.66 13.66 13.66 13.50 13.06 12.80 13.27 13.25 13.33 13.71 13.59 13.68 13.74 13.68 13.48 13.73 13.56 13.60 13.64 13.75 13.77 13.79 13.73 13.62 13.77 13.69 13.63 13.59 13.55 13.58 13.69 13.79 13.79 13.81 13.83 13.83 13.82
99999.90 99999.90 99999.90 99999.90 99999.90 99999.90 99999.90 99999.90 99999.90 99999.90 99999.90 99999.90 99999.90 99999.90 99999.90 99999.90 99999.90 99999.90 99999.90 99999.90 99999.90 99999.90 99999.90 99999.90 99999.90 99999.90 99999.90 99999.90 99999.90 99999.90 13.96 13.92 13.35 13.35 13.35 13.35 13.35 13.35 13.35 13.35 13.35 13.35 13.35 13.58 13.23 12.63 13.23 13.52 13.54 13.63 13.48 13.60 13.65 13.68 13.73 13.77 13.51 13.45 13.63 13.75 13.75 13.76 13.52 13.73 13.74 13.53 13.51 13.47 13.39 13.60 13.55 13.73 13.78 13.78 13.79 13.78 13.79
99999.90 99999.90 99999.90 99999.90 99999.90 99999.90 99999.90 99999.90 99999.90 99999.90 99999.90 99999.90 99999.90 99999.90 99999.90 99999.90 99999.90 99999.90 99999.90 99999.90 99999.90 99999.90 99999.90 99999.90 99999.90 99999.90 99999.90 99999.90 99999.90 99999.90 99999.90 13.92 13.37 13.37 13.37 13.37 13.37 13.37 13.37 13.37 13.37 13.37 13.37 13.42 13.10 12.95 13.43 13.31 13.38 13.69 13.58 13.58 13.59 13.38 13.58 13.68 13.56 13.38 13.58 13.73 13.76 13.60 13.62 13.71 13.61 13.41 13.44 13.44 13.55 13.46 13.54 13.69 13.74 13.76 13.75 13.75 13.75
99999.90 99999.90 99999.90 99999.90 99999.90 99999.90 99999.90 99999.90 99999.90 99999.90 99999.90 99999.90 99999.90 99999.90 99999.90 99999.90 99999.90 99999.90 99999.90 99999.90 99999.90 99999.90 99999.90 99999.90 99999.90 99999.90 99999.90 99999.90 99999.90 99999.90 99999.90 13.92 13.09 13.09 13.09 13.09 13.09 13.09 13.09 13.09 13.09 13.09 13.09 13.06 13.00 12.86 13.14 12.48 13.00 13.09 13.40 13.53 13.60 13.36 13.49 13.61 13.57 13.63 13.75 13.68 13.45 13.39 13.51 13.69 13.52 13.50 13.48 13.47 13.57 13.54 13.58 13.65 13.72 13.71 13.73 13.73 13.73
99999.90 99999.90 99999.90 99999.90 99999.90 99999.90 99999.90 99999.90 99999.90 99999.90 99999.90 99999.90 99999.90 99999.90 99999.90 99999.90 99999.90 99999.90 99999.90 99999.90 99999.90 99999.90 99999.90 99999.90 99999.90 99999.90 99999.90 99999.90 99999.90 99999.90 99999.90 99999.90 13.01 13.01 13.01 13.01 13.01 13.01 13.01 13.01 13.01 13.01 13.01 12.98 12.35 13.13 13.33 13.21 13.02 13.19 13.15 13.35 13.33 13.41 13.52 13.12 13.52 13.48 13.71 13.46 13.36 13.45 13.60 13.54 13.26 13.29 13.50 13.53 13.57 13.56 13.61 13.64 13.70 13.68 13.70 13.71 13.72
99999.90 99999.90 99999.90 99999.90 99999.90 99999.90 99999.90 99999.90 99999.90 99999.90 99999.90 99999.90 99999.90 99999.90 99999.90 99999.90 99999.90 99999.90 99999.90 99999.90 99999.90 99999.90 99999.90 99999.90 99999.90 99999.90 99999.90 99999.90 99999.90 99999.90 99999.90 99999.90 13.01 13.01 13.01 13.01 13.01 13.01 13.01 13.01 13.01 13.01 13.01 12.25 12.56 12.78 12.48 13.21 13.02 13.30 13.12 13.43 13.18 13.58 13.45 13.54 13.49 13.49 13.66 13.44 13.34 13.47 13.68 13.29 13.19 13.24 13.45 13.54 13.55 13.64 13.68 13.66 13.66 13.69 13.67 13.69 13.69
99999.90 99999.90 99999.90 99999.90 99999.90 99999.90 99999.90 99999.90 99999.90 99999.90 99999.90 99999.90 99999.90 99999.90 99999.90 99999.90 99999.90 99999.90 99999.90 99999.90 99999.90 99999.90 99999.90 99999.90 99999.90 99999.90 99999.90 99999.90 99999.90 99999.90 99999.90 99999.90 13.01 13.01 13.01 13.01 13.01 13.01 13.01 13.01 13.01 12.60 12.60 12.60 12.65 12.98 12.75 12.62 13.23 12.99 13.18 13.51 13.46 13.50 13.23 13.29 13.11 13.61 13.39 13.25 13.11 13.60 13.43 13.34 13.28 13.39 13.50 13.60 13.58 13.62 13.65 13.63 13.62 13.62 13.65 13.68 13.68
99999.90 99999.90 99999.90 99999.90 99999.90 99999.90 99999.90 99999.90 99999.90 99999.90 99999.90 99999.90 99999.90 99999.90 99999.90 99999.90 99999.90 99999.90 99999.90 99999.90 99999.90 99999.90 99999.90 99999.90 99999.90 99999.90 99999.90 99999.90 99999.90 99999.90 99999.90 99999.90 13.01 13.01 13.01 13.01 13.01 13.01 13.01 12.60 12.60 12.60 12.60 12.60 12.98 12.83 13.00 12.77 12.71 12.84 12.56 13.17 13.25 13.47 13.25 13.30 13.12 12.96 13.06 13.23 13.11 13.29 12.91 13.03 12.85 13.45 13.55 13.52 13.59 13.59 13.62 13.62 13.61 13.64 13.66 13.65 13.66
99999.90 99999.90 99999.90 99999.90 99999.90 99999.90 99999.90 99999.90 99999.90 99999.90 99999.90 99999.90 99999.90 99999.90 99999.90 99999.90 99999.90 99999.90 99999.90 99999.90 99999.90 99999.90 99999.90 99999.90 99999.90 99999.90 99999.90 99999.90 99999.90 99999.90 99999.90 99999.90 13.01 13.01 13.01 13.01 13.01 12.60 12.60 12.60 12.60 12.60 12.60 12.98 12.98 12.16 12.20 12.34 12.27 12.08 12.48 12.87 12.91 13.08 13.31 13.32 13.42 12.84 12.82 12.82 12.92 13.05 12.77 12.92 13.01 13.48 13.48 13.41 13.45 13.59 13.60 13.63 13.63 13.62 13.63 13.63 13.61
99999.90 99999.90 99999.90 99999.90 99999.90 99999.90 99999.90 99999.90 99999.90 99999.90 99999.90 99999.90 99999.90 99999.90 99999.90 99999.90 99999.90 99999.90 99999.90 99999.90 99999.90 99999.90 99999.90 99999.90 99999.90 99999.90 99999.90 99999.90 99999.90 99999.90 99999.90 99999.90 13.01 13.01 13.01 12.60 12.60 12.60 12.60 12.60 12.60 12.60 12.98 12.98 12.16 12.16 11.69 12.12 12.37 12.77 12.91 12.44 12.59 12.93 13.12 13.29 12.83 12.43 12.43 12.65 12.62 12.45 12.43 12.70 12.96 13.04 13.29 13.37 13.54 13.61 13.60 13.60 13.59 13.58 13.58 13.60 13.55
99999.90 99999.90 99999.90 99999.90 99999.90 99999.90 99999.90 99999.90 99999.90 99999.90 99999.90 99999.90 99999.90 99999.90 99999.90 99999.90 99999.90 99999.90 99999.90 99999.90 99999.90 99999.90 99999.90 99999.90 99999.90 99999.90 99999.90 99999.90 99999.90 99999.90 99999.90 99999.90 13.01 12.60 12.60 12.60 12.60 12.60 12.60 12.60 12.60 12.98 12.98 12.16 12.16 11.69 11.69 11.81 12.18 11.89 12.55 13.15 13.03 12.83 13.02 12.86 12.96 12.66 12.72 12.44 12.17 12.40 12.65 12.88 12.97 12.82 13.03 13.44 13.57 13.59 13.58 13.58 13.57 13.57 13.53 13.57 13.55
99999.90 99999.90 99999.90 99999.90 99999.90 99999.90 99999.90 99999.90 99999.90 99999.90 99999.90 99999.90 99999.90 99999.90 99999.90 99999.90 99999.90 99999.90 99999.90 99999.90 99999.90 99999.90 99999.90 99999.90 99999.90 99999.90 99999.90 99999.90 99999.90 99999.90 99999.90 99999.90 13.01 12.60 12.60 12.60 12.60 12.60 12.60 12.60 12.98 12.98 12.16 12.16 11.69 11.15 11.15 11.15 11.70 11.68 11.85 12.68 13.20 12.68 12.28 12.68 12.91 12.81 12.62 12.37 12.32 12.51 12.79 12.71 12.99 12.78 13.15 13.47 13.57 13.56 13.56 13.49 13.56 13.53 13.48 13.49 13.52
99999.90 99999.90 99999.90 99999.90 99999.90 99999.90 99999.90 99999.90 99999.90 99999.90 99999.90 99999.90 99999.90 99999.90 99999.90 99999.90 99999.90 99999.90 99999.90 99999.90 99999.90 99999.90 99999.90 99999.90 99999.90 99999.90 99999.90 99999.90 99999.90 99999.90 99999.90 99999.90 13.01 12.60 12.60 12.60 12.60 12.60 12.60 12.98 12.98 12.16 12.16 11.15 11.15 11.15 11.15 11.15 11.53 11.88 12.14 12.81 13.01 12.63 12.78 12.88 12.46 12.30 12.21 12.15 12.70 13.01 12.62 12.84 13.05 13.21 13.18 13.26 13.33 13.56 13.39 13.38 13.46 13.46 13.41 13.45 13.39
99999.90 99999.90 99999.90 99999.90 99999.90 99999.90 99999.90 99999.90 99999.90 99999.90 99999.90 99999.90 99999.90 99999.90 99999.90 99999.90 99999.90 99999.90 99999.90 99999.90 99999.90 99999.90 99999.90 99999.90 99999.90 99999.90 99999.90 99999.90 99999.90 99999.90 99999.90 99999.90 13.01 12.60 12.60 12.60 12.60 12.60 12.98 12.98 12.16 11.15 11.15 11.15 11.15 11.15 11.15 11.53 11.53 11.51 12.22 12.64 12.84 12.96 12.22 11.68 12.21 11.94 11.88 12.03 12.57 12.67 12.46 13.02 13.06 12.76 12.83 13.28 13.53 13.43 13.35 13.34 13.40 13.44 13.48 13.49 13.46
99999.90 99999.90 99999.90 99999.90 99999.90 99999.90 99999.90 99999.90 99999.90 99999.90 99999.90 99999.90 99999.90 99999.90 99999.90 99999.90 99999.90 99999.90 99999.90 99999.90 99999.90 99999.90 99999.90 99999.90 99999.90 99999.90 99999.90 99999.90 99999.90 99999.90 99999.90 99999.90 13.01 12.60 12.60 12.60 12.60 12.98 12.98 12.16 11.15 11.15 11.15 11.15 11.15 11.15 11.53 11.53 11.51 11.51 11.90 11.84 12.11 12.27 11.94 11.95 11.84 12.08 12.25 12.55 12.12 12.23 12.92 13.14 12.58 13.05 13.50 13.33 13.34 13.27 13.32 13.23 13.32 13.29 13.34 13.35 13.45
99999.90 99999.90 99999.90 99999.90 99999.90 99999.90 99999.90 99999.90 99999.90 99999.90 99999.90 99999.90 99999.90 99999.90 99999.90 99999.90 99999.90 99999.90 99999.90 99999.90 99999.90 99999.90 99999.90 99999.90 99999.90 99999.90 99999.90 99999.90 99999.90 99999.90 99999.90 99999.90 99999.90 12.60 12.60 12.60 12.98 12.98 11.15 11.15 11.15 11.15 11.15 11.15 11.15 11.53 11.53 11.51 11.41 11.41 11.41 11.73 11.59 11.78 11.71 12.03 12.17 11.89 11.83 12.01 12.01 12.45 12.58 13.03 12.98 13.43 13.23 12.90 12.72 12.69 13.14 13.28 13.26 13.29 13.10 13.25 13.42
99999.90 99999.90 99999.90 99999.90 99999.90 99999.90 99999.90 99999.90 99999.90 99999.90 99999.90 99999.90 99999.90 99999.90 99999.90 99999.90 99999.90 99999.90 99999.90 99999.90 99999.90 99999.90 99999.90 99999.90 99999.90 99999.90 99999.90 99999.90 99999.90 99999.90 99999.90 99999.90 99999.90 12.60 12.60 12.98 12.98 11.15 11.15 11.15 11.15 11.15 11.15 11.15 11.53 11.53 11.41 11.41 11.41 11.41 11.41 11.31 11.19 11.29 11.67 11.72 11.44 11.16 11.65 11.71 11.77 12.18 12.20 12.89 12.66 13.45 12.94 12.68 12.59 12.90 13.18 13.28 13.14 13.14 13.01 13.14 13.44
99999.90 99999.90 99999.90 99999.90 99999.90 99999.90 99999.90 99999.90 99999.90 99999.90 99999.90 99999.90 99999.90 99999.90 99999.90 99999.90 99999.90 99999.90 99999.90 99999.90 99999.90 99999.90 99999.90 99999.90 99999.90 99999.90 99999.90 99999.90 99999.90 99999.90 99999.90 99999.90 99999.90 99999.90 12.98 12.98 12.16 11.15 11.15 11.15 11.15 11.15 11.15 11.53 11.41 11.41 11.41 11.41 11.41 10.46 10.46 10.46 10.61 11.32 11.99 11.74 11.42 11.28 11.90 11.50 11.72 11.69 12.46 12.36 12.73 12.51 12.92 12.56 12.56 12.71 12.33 12.28 12.26 12.44 12.93 13.23 13.36
99999.90 99999.90 99999.90 99999.90 99999.90 99999.90 99999.90 99999.90 99999.90 99999.90 99999.90 99999.90 99999.90 99999.90 99999.90 99999.90 99999.90 99999.90 99999.90 99999.90 99999.90 99999.90 99999.90 99999.90 99999.90 99999.90 99999.90 99999.90 99999.90 99999.90 99999.90 99999.90 99999.90 99999.90 99999.90 12.16 12.16 11.15 11.15 11.15 11.15 11.15 11.53 11.41 11.41 11.41 11.41 10.46 10.46 10.46 10.46 10.46 10.88 10.93 11.23 11.99 11.27 10.31 11.00 11.59 11.61 11.78 11.78 12.11 12.23 12.30 12.46 12.32 12.37 12.10 12.43 12.31 12.67 12.84 12.89 13.14 13.17
