BOM_solar_grid_data_201906/2019061620190616.grid
ncols 839
nrows 679
xllcenter 112.0500
yllcenter -43.9500
cellsize 0.0500
nodata_value 99999.90
[rows 544 to 577 of 679, columns 693 to 769 of 839]
7.76 7.81 7.93 8.25 8.06 8.21 8.37 7.96 7.81 7.94 8.14 7.78 7.62 7.93 7.74 7.87 7.93 7.97 8.46 8.49 8.64 8.95 9.02 8.98 8.75 8.78 8.76 8.66 8.64 8.57 8.69 8.84 9.01 9.15 9.10 9.11 9.06 8.85 8.92 8.64 8.58 8.89 8.28 8.18 8.02 7.40 7.53 7.54 8.05 8.35 7.93 8.73 9.13 9.03 8.77 7.87 8.22 8.10 8.55 8.40 8.52 8.77 8.68 8.80 8.71 8.84 8.84 8.84 8.84 8.84 8.84 8.84 8.84 8.84 8.84 8.84 99999.90
7.56 7.94 7.88 7.93 8.22 8.15 8.26 8.25 8.30 8.53 8.59 8.16 8.16 8.07 8.47 8.48 8.19 8.31 8.10 8.01 8.55 8.93 9.09 9.03 8.95 8.99 8.75 8.61 8.81 8.80 8.84 8.98 9.05 9.06 9.05 9.01 9.04 9.05 8.93 8.75 9.09 8.86 8.67 8.49 7.99 7.73 6.96 7.77 7.93 8.36 8.72 8.12 8.14 8.51 8.54 8.80 8.05 8.10 8.29 8.44 8.22 8.18 8.20 7.79 8.05 8.84 8.84 8.84 8.84 8.84 8.84 8.84 8.84 8.84 8.84 8.84 99999.90
8.19 8.02 7.75 7.83 7.84 7.74 8.29 8.51 8.47 8.37 8.21 8.25 8.61 8.76 8.71 8.67 8.72 8.44 7.78 8.09 8.58 8.64 8.91 9.03 9.06 9.02 8.99 8.95 8.75 8.84 8.96 8.93 9.01 9.06 9.00 8.98 9.03 8.97 8.96 8.94 9.18 8.96 8.63 7.83 8.00 7.51 7.26 8.15 6.70 7.50 8.52 7.57 7.37 8.13 8.65 8.49 8.79 8.80 8.60 8.54 8.55 8.42 8.35 7.96 8.12 8.12 8.12 8.84 8.84 8.84 8.84 8.84 8.84 8.84 8.84 8.84 99999.90
8.00 7.77 7.81 7.21 7.97 8.03 8.02 8.25 7.83 7.72 8.00 8.21 8.53 8.72 8.84 8.78 8.58 8.53 8.63 8.77 8.73 8.58 8.90 9.08 9.16 9.11 9.12 9.01 9.02 9.00 9.06 9.01 8.71 8.96 9.06 9.04 9.12 9.10 9.04 9.10 9.10 8.63 7.48 7.59 8.15 7.77 7.89 7.74 6.43 7.65 8.30 6.61 7.02 7.57 8.38 8.65 8.79 8.97 9.06 8.97 8.87 8.61 8.48 7.09 7.75 7.75 7.75 8.79 8.79 8.79 8.79 8.79 8.79 8.79 8.79 8.79 99999.90
7.76 7.73 7.58 8.13 7.87 7.58 7.67 7.99 7.94 7.96 8.04 8.55 8.80 8.73 8.82 8.77 8.55 8.71 8.80 8.85 8.89 8.71 8.95 9.08 9.03 8.97 8.97 8.94 8.91 8.77 9.11 9.10 9.03 9.00 9.02 8.94 8.96 9.00 8.97 8.89 8.88 8.70 8.47 8.34 8.21 8.60 8.40 7.59 7.15 7.98 8.53 7.66 7.59 8.16 7.64 8.12 8.87 8.88 9.00 8.94 8.86 8.82 8.78 7.83 7.62 7.62 8.79 8.79 8.79 8.79 8.79 8.79 8.79 8.79 8.79 8.79 99999.90
7.96 7.92 8.07 7.87 7.63 7.79 7.92 7.87 7.97 8.36 8.50 8.61 8.54 8.50 8.63 8.84 8.77 8.93 8.92 8.83 8.97 8.91 8.96 9.16 9.07 8.73 8.84 8.64 8.89 8.95 9.11 9.11 9.05 9.01 8.98 8.71 8.74 8.72 8.68 8.57 8.63 8.42 8.36 8.34 8.34 8.36 8.22 7.94 7.46 8.03 8.23 8.02 7.49 7.21 7.73 8.13 8.07 8.20 8.38 8.90 8.93 8.85 8.78 8.67 8.57 8.79 8.79 8.79 8.79 8.79 8.79 8.79 8.79 8.79 8.79 8.79 99999.90
7.63 7.77 7.69 7.68 7.84 7.73 7.75 8.17 8.25 8.42 8.65 8.63 8.54 8.49 8.87 8.91 8.88 9.00 8.92 8.95 8.99 8.96 9.12 9.08 9.07 9.02 8.94 8.56 8.59 8.66 8.96 8.43 8.96 8.91 8.80 8.62 8.65 8.77 8.66 8.51 8.48 8.04 8.01 8.38 8.46 8.33 7.95 8.12 8.12 8.12 8.05 8.09 8.03 7.34 7.92 7.61 7.24 7.85 7.93 8.08 8.52 8.85 8.78 8.67 8.57 8.79 8.79 8.79 8.79 8.79 8.79 8.79 8.79 8.79 8.79 8.79 99999.90
7.93 8.08 7.86 7.78 7.78 7.82 7.87 7.91 8.13 8.34 8.51 8.54 8.73 8.83 8.96 8.98 8.99 9.00 8.98 9.06 9.04 8.97 9.11 9.05 8.99 8.84 8.84 8.53 8.63 8.62 8.64 8.61 8.66 8.97 8.86 8.77 8.72 8.74 8.81 8.62 8.51 8.26 8.58 8.39 8.35 8.02 7.01 7.17 7.88 7.91 7.83 8.00 7.34 6.48 6.72 7.26 7.64 7.31 6.84 8.06 8.39 8.39 8.78 8.67 8.57 8.79 8.79 8.79 8.79 8.79 8.79 8.79 8.79 8.79 8.79 8.79 99999.90
8.15 7.92 7.68 7.59 7.73 7.78 7.92 7.81 8.16 8.24 8.57 8.73 8.85 8.88 8.95 9.04 9.03 9.03 9.08 9.10 9.07 8.98 8.97 9.02 8.97 8.80 7.96 8.16 8.46 8.75 8.74 8.64 8.44 8.78 8.95 8.90 9.02 8.99 8.96 8.70 8.54 8.40 8.44 8.25 7.85 7.60 7.28 7.03 7.26 7.62 8.07 7.98 7.22 7.27 6.83 7.18 7.77 7.76 7.44 8.06 8.39 8.39 8.39 8.67 8.57 8.79 8.79 8.79 8.79 8.79 8.79 8.79 8.79 8.79 8.79 8.79 99999.90
7.84 7.61 7.80 7.94 7.83 7.87 8.08 8.34 8.26 8.32 8.54 8.66 8.86 8.85 8.85 8.97 8.98 9.02 9.10 9.13 9.08 8.96 8.87 8.89 8.91 8.49 8.42 8.46 8.67 8.82 8.86 8.83 8.58 8.42 8.79 8.77 8.87 8.89 8.83 8.70 8.45 8.41 8.40 8.21 8.15 7.98 7.93 7.89 7.73 7.60 7.82 7.75 7.61 7.63 7.59 7.18 7.17 7.77 8.07 8.06 8.06 8.39 8.39 8.39 8.57 8.79 8.79 8.79 8.79 8.79 8.79 8.79 8.79 8.79 8.79 8.79 99999.90
7.74 7.56 7.85 8.00 8.08 8.06 8.18 8.35 8.41 8.50 8.53 8.45 8.76 8.89 8.93 9.02 9.10 9.12 9.09 9.02 9.00 9.00 8.92 8.99 8.94 8.82 8.77 8.93 8.88 8.82 8.77 8.83 8.91 8.88 8.65 8.67 8.84 8.71 8.78 8.72 8.58 8.37 8.40 8.20 8.09 7.98 8.04 8.12 8.02 7.85 7.72 7.72 7.49 7.47 7.59 7.60 7.67 7.77 8.07 8.07 8.06 8.06 8.39 8.39 8.57 8.79 8.79 8.79 8.79 8.79 8.79 8.79 8.79 8.79 8.79 8.79 99999.90
7.64 7.66 7.83 7.94 8.02 8.04 8.19 8.24 8.21 8.31 8.64 8.68 8.71 8.90 8.99 9.05 9.09 8.96 8.99 8.87 8.96 8.97 8.90 8.96 8.93 8.87 8.73 8.87 8.90 8.81 8.57 8.71 8.85 8.87 8.70 8.35 8.43 8.49 8.59 8.55 8.54 8.13 8.40 8.20 8.09 7.98 8.04 8.12 8.02 7.85 7.72 7.72 7.49 7.47 7.59 7.60 7.67 7.67 8.07 8.07 8.07 8.06 8.06 8.39 8.39 8.79 8.79 8.79 8.79 8.79 8.79 8.79 8.79 8.79 8.79 8.79 99999.90
7.73 7.64 7.85 7.93 8.16 8.34 8.48 8.45 8.44 8.38 8.48 8.81 8.86 8.94 9.10 9.10 9.04 8.83 8.89 8.78 8.81 8.77 8.72 8.92 8.94 8.90 8.87 8.90 8.82 8.81 8.57 8.71 8.85 8.87 8.70 8.35 8.43 8.49 8.59 8.55 8.54 8.13 8.13 8.20 8.09 7.98 8.04 8.12 8.02 7.85 7.72 7.72 7.49 7.47 7.59 7.60 7.67 7.67 7.67 8.07 8.07 8.07 8.06 8.06 8.39 8.79 8.79 8.79 8.79 8.79 8.79 8.79 8.79 8.79 8.79 8.79 99999.90
7.72 7.74 7.87 8.10 8.11 8.23 8.27 8.61 8.61 8.48 8.50 8.64 8.75 8.81 8.90 8.94 9.00 8.82 8.78 8.76 8.63 8.61 8.46 8.50 8.74 8.90 8.87 8.90 8.82 8.82 8.57 8.71 8.85 8.87 8.70 8.35 8.43 8.49 8.59 8.55 8.54 8.13 8.13 8.13 8.09 7.98 8.04 8.12 8.02 7.85 7.72 7.72 7.49 7.47 7.59 7.60 7.67 7.67 7.67 8.07 8.07 8.07 8.07 8.06 8.06 8.39 8.79 8.79 8.79 8.79 8.79 8.79 8.79 8.79 8.79 8.79 99999.90
7.80 7.65 7.96 8.19 7.87 7.81 8.09 8.25 8.72 8.72 8.79 8.74 8.72 8.74 8.73 8.77 8.84 8.81 8.78 8.69 8.51 8.41 8.43 8.50 8.74 8.74 8.87 8.90 8.82 8.82 8.82 8.71 8.85 8.87 8.70 8.35 8.43 8.49 8.59 8.55 8.54 8.13 8.13 8.13 8.09 7.98 8.04 8.12 8.02 7.85 7.72 7.72 7.49 7.47 7.59 7.60 7.67 7.67 7.67 7.67 8.07 8.07 8.07 8.07 8.06 8.06 8.79 8.79 8.79 8.79 8.79 8.79 8.79 8.79 8.79 8.79 99999.90
7.69 7.70 7.89 7.99 7.83 7.72 7.90 8.16 8.43 8.67 8.75 8.67 8.65 8.81 8.80 8.82 8.70 8.64 8.60 8.60 8.48 8.41 8.43 8.43 8.74 8.74 8.74 8.90 8.82 8.82 8.82 8.71 8.85 8.87 8.70 8.35 8.43 8.49 8.59 8.55 8.54 8.13 8.13 8.13 8.09 7.98 8.04 8.12 8.02 7.85 7.72 7.72 7.49 7.47 7.59 7.60 7.67 7.67 7.67 7.67 8.07 8.07 8.07 8.07 8.07 8.06 8.06 8.79 8.79 8.79 8.79 8.79 8.79 8.79 8.79 8.79 99999.90
7.56 7.83 7.57 7.52 7.65 7.74 7.88 8.00 8.07 8.47 8.49 8.67 8.65 8.81 8.80 8.75 8.64 8.44 8.42 8.60 8.48 8.48 8.43 8.43 8.43 8.74 8.74 8.90 8.82 8.82 8.82 8.71 8.85 8.87 8.70 8.35 8.43 8.49 8.59 8.55 8.54 8.13 8.13 8.13 8.13 7.98 8.04 8.12 8.02 7.85 7.72 7.72 7.49 7.47 7.59 7.60 7.67 7.67 7.67 7.67 7.67 8.07 8.07 8.07 8.07 8.07 8.06 8.06 8.39 8.39 8.39 99999.90 99999.90 99999.90 99999.90 99999.90 99999.90
7.64 7.68 7.62 7.56 7.55 7.81 7.96 8.01 7.96 8.11 8.25 8.25 8.65 8.47 8.56 8.56 8.69 8.44 8.42 8.42 8.48 8.48 8.48 8.43 8.43 8.74 8.74 8.90 8.82 8.82 8.82 8.82 8.85 8.87 8.70 8.35 8.43 8.49 8.59 8.55 8.54 8.13 8.13 8.13 8.13 7.98 8.04 8.12 8.02 7.85 7.72 7.72 7.49 7.47 7.59 7.60 7.67 7.67 7.67 7.67 7.67 8.07 8.07 8.07 8.07 8.07 8.07 8.06 8.06 8.39 8.39 99999.90 99999.90 99999.90 99999.90 99999.90 99999.90
7.63 7.45 7.60 7.82 7.61 7.76 7.98 7.77 7.86 8.00 8.00 8.00 8.40 8.47 8.47 8.54 8.69 8.69 8.42 8.42 8.42 8.48 8.48 8.43 8.43 8.43 8.74 8.74 8.82 8.82 8.82 8.82 8.85 8.87 8.70 8.35 8.43 8.49 8.59 8.55 8.54 8.13 8.13 8.13 8.13 7.98 8.04 8.12 8.02 7.85 7.72 7.72 7.49 7.47 7.59 7.60 7.67 7.67 7.67 7.67 7.67 7.67 8.07 8.07 8.07 8.07 8.07 8.07 8.06 8.06 99999.90 99999.90 99999.90 99999.90 99999.90 99999.90 99999.90
7.60 7.19 7.33 7.62 7.50 7.34 7.42 7.46 7.75 8.10 8.51 8.49 8.40 8.45 8.49 8.54 8.54 8.69 8.69 8.42 8.42 8.48 8.48 8.48 8.43 8.43 8.74 8.74 8.82 8.82 8.82 8.82 8.85 8.87 8.70 8.35 8.43 8.49 8.59 8.55 8.54 8.13 8.13 8.13 8.13 8.13 8.04 8.12 8.02 7.85 7.72 7.72 7.49 7.47 7.59 7.60 7.67 7.67 7.67 7.67 7.67 7.67 8.07 8.07 8.07 8.07 8.07 8.07 8.07 99999.90 99999.90 99999.90 99999.90 99999.90 99999.90 99999.90 99999.90
6.99 7.03 7.19 7.27 7.29 7.28 7.27 7.29 7.55 8.06 8.15 8.30 8.51 8.45 8.49 8.49 8.54 8.54 8.69 8.42 8.42 8.42 8.48 8.48 8.43 8.43 8.43 8.74 8.82 8.82 8.82 8.82 8.82 8.87 8.70 8.35 8.43 8.49 8.59 8.55 8.54 8.13 8.13 8.13 8.13 8.13 8.04 8.12 8.02 7.85 7.72 7.72 7.49 7.47 7.59 7.60 7.67 7.67 7.67 7.67 7.67 7.67 7.67 7.67 7.67 7.67 7.67 99999.90 99999.90 99999.90 99999.90 99999.90 99999.90 99999.90 99999.90 99999.90 99999.90
6.96 7.13 7.20 7.09 7.27 7.16 7.43 7.61 7.79 7.92 8.10 8.23 8.51 8.51 8.49 8.49 8.49 8.54 8.54 8.69 8.42 8.42 8.48 8.48 8.48 8.43 8.43 8.74 8.74 8.82 8.82 8.82 8.82 8.87 8.70 8.35 8.43 8.49 8.59 8.55 8.54 8.13 8.13 8.13 8.13 8.13 8.13 8.13 8.13 8.13 8.13 8.13 99999.90 99999.90 99999.90 99999.90 99999.90 99999.90 99999.90 99999.90 99999.90 99999.90 99999.90 99999.90 99999.90 99999.90 99999.90 99999.90 99999.90 99999.90 99999.90 99999.90 99999.90 99999.90 99999.90 99999.90 99999.90
7.05 7.08 6.94 6.84 7.04 7.08 7.28 7.48 7.58 7.83 8.00 8.23 8.23 8.51 8.51 8.49 8.49 8.49 8.54 8.54 8.42 8.42 8.42 8.48 8.48 8.43 8.43 8.43 8.74 8.82 8.82 8.82 8.82 8.82 8.82 8.82 8.82 8.82 8.82 99999.90 99999.90 99999.90 99999.90 99999.90 99999.90 99999.90 99999.90 99999.90 99999.90 99999.90 99999.90 99999.90 99999.90 99999.90 99999.90 99999.90 99999.90 99999.90 99999.90 99999.90 99999.90 99999.90 99999.90 99999.90 99999.90 99999.90 99999.90 99999.90 99999.90 99999.90 99999.90 99999.90 99999.90 99999.90 99999.90 99999.90 99999.90
7.20 7.20 6.91 6.87 6.89 7.03 7.33 7.57 7.67 7.65 8.00 8.00 8.23 8.23 8.51 8.49 8.49 8.49 8.49 8.54 8.54 8.42 8.42 8.48 8.48 8.48 8.43 8.43 8.74 8.74 8.74 8.74 8.74 8.74 8.74 99999.90 99999.90 99999.90 99999.90 99999.90 99999.90 99999.90 99999.90 99999.90 99999.90 99999.90 99999.90 99999.90 99999.90 99999.90 99999.90 99999.90 99999.90 99999.90 99999.90 99999.90 99999.90 99999.90 99999.90 99999.90 99999.90 99999.90 99999.90 99999.90 99999.90 99999.90 99999.90 99999.90 99999.90 99999.90 99999.90 99999.90 99999.90 99999.90 99999.90 99999.90 99999.90
7.32 7.23 7.25 7.05 6.89 6.94 7.29 7.47 7.67 7.65 7.65 8.00 8.00 8.23 8.23 8.51 8.49 8.49 8.49 8.49 8.54 8.54 8.42 8.42 8.48 8.48 8.43 8.43 8.43 8.43 8.43 8.43 8.43 99999.90 99999.90 99999.90 99999.90 99999.90 99999.90 99999.90 99999.90 99999.90 99999.90 99999.90 99999.90 99999.90 99999.90 99999.90 99999.90 99999.90 99999.90 99999.90 99999.90 99999.90 99999.90 99999.90 99999.90 99999.90 99999.90 99999.90 99999.90 99999.90 99999.90 99999.90 99999.90 99999.90 99999.90 99999.90 99999.90 99999.90 99999.90 99999.90 99999.90 99999.90 99999.90 99999.90 99999.90
7.42 7.40 7.50 7.51 7.35 7.18 7.20 7.47 7.47 7.65 7.65 7.65 8.00 8.00 8.23 8.23 8.49 8.49 8.49 8.49 8.49 8.54 8.42 8.42 8.48 8.48 8.48 8.48 8.48 8.48 8.48 99999.90 99999.90 99999.90 99999.90 99999.90 99999.90 99999.90 99999.90 99999.90 99999.90 99999.90 99999.90 99999.90 99999.90 99999.90 99999.90 99999.90 99999.90 99999.90 99999.90 99999.90 99999.90 99999.90 99999.90 99999.90 99999.90 99999.90 99999.90 99999.90 99999.90 99999.90 99999.90 99999.90 99999.90 99999.90 99999.90 99999.90 99999.90 99999.90 99999.90 99999.90 99999.90 99999.90 99999.90 99999.90 99999.90
7.81 7.81 7.97 7.68 7.72 7.66 7.20 7.20 7.47 7.47 7.65 7.65 7.65 8.00 8.00 8.23 8.23 8.49 8.49 8.49 8.49 8.49 8.54 8.42 8.42 8.42 8.42 8.42 8.42 99999.90 99999.90 99999.90 99999.90 99999.90 99999.90 99999.90 99999.90 99999.90 99999.90 99999.90 99999.90 99999.90 99999.90 99999.90 99999.90 99999.90 99999.90 99999.90 99999.90 99999.90 99999.90 99999.90 99999.90 99999.90 99999.90 99999.90 99999.90 99999.90 99999.90 99999.90 99999.90 99999.90 99999.90 99999.90 99999.90 99999.90 99999.90 99999.90 99999.90 99999.90 99999.90 99999.90 99999.90 99999.90 99999.90 99999.90 99999.90
8.13 8.01 8.03 7.94 7.72 7.66 7.66 7.20 7.20 7.47 7.65 7.65 7.65 7.65 8.00 8.00 8.23 8.23 8.49 8.49 8.49 8.49 8.49 8.54 8.54 8.69 8.69 99999.90 99999.90 99999.90 99999.90 99999.90 99999.90 99999.90 99999.90 99999.90 99999.90 99999.90 99999.90 99999.90 99999.90 99999.90 99999.90 99999.90 99999.90 99999.90 99999.90 99999.90 99999.90 99999.90 99999.90 99999.90 99999.90 99999.90 99999.90 99999.90 99999.90 99999.90 99999.90 99999.90 99999.90 99999.90 99999.90 99999.90 99999.90 99999.90 99999.90 99999.90 99999.90 99999.90 99999.90 99999.90 99999.90 99999.90 99999.90 99999.90 99999.90
7.75 7.71 7.80 7.53 7.72 7.72 7.66 7.66 7.20 7.20 7.47 7.65 7.65 7.65 7.65 8.00 8.00 8.23 8.49 8.49 8.49 8.49 8.49 8.49 8.54 8.54 99999.90 99999.90 99999.90 99999.90 99999.90 99999.90 99999.90 99999.90 99999.90 99999.90 99999.90 99999.90 99999.90 99999.90 99999.90 99999.90 99999.90 99999.90 99999.90 99999.90 99999.90 99999.90 99999.90 99999.90 99999.90 99999.90 99999.90 99999.90 99999.90 99999.90 99999.90 99999.90 99999.90 99999.90 99999.90 99999.90 99999.90 99999.90 99999.90 99999.90 99999.90 99999.90 99999.90 99999.90 99999.90 99999.90 99999.90 99999.90 99999.90 99999.90 99999.90
7.75 7.71 7.80 7.53 7.53 7.72 7.72 7.66 7.66 7.20 7.20 7.65 7.65 7.65 7.65 7.65 8.00 8.00 8.23 8.49 8.49 8.49 8.49 8.49 8.49 99999.90 99999.90 99999.90 99999.90 99999.90 99999.90 99999.90 99999.90 99999.90 99999.90 99999.90 99999.90 99999.90 99999.90 99999.90 99999.90 99999.90 99999.90 99999.90 99999.90 99999.90 99999.90 99999.90 99999.90 99999.90 99999.90 99999.90 99999.90 99999.90 99999.90 99999.90 99999.90 99999.90 99999.90 99999.90 99999.90 99999.90 99999.90 99999.90 99999.90 99999.90 99999.90 99999.90 99999.90 99999.90 99999.90 99999.90 99999.90 99999.90 99999.90 99999.90 99999.90
7.75 7.71 7.80 7.53 7.53 7.53 7.72 7.72 7.66 7.66 7.20 7.20 7.65 7.65 7.65 7.65 7.65 8.00 8.00 8.23 8.23 8.51 8.51 99999.90 99999.90 99999.90 99999.90 99999.90 99999.90 99999.90 99999.90 99999.90 99999.90 99999.90 99999.90 99999.90 99999.90 99999.90 99999.90 99999.90 99999.90 99999.90 99999.90 99999.90 99999.90 99999.90 99999.90 99999.90 99999.90 99999.90 99999.90 99999.90 99999.90 99999.90 99999.90 99999.90 99999.90 99999.90 99999.90 99999.90 99999.90 99999.90 99999.90 99999.90 99999.90 99999.90 99999.90 99999.90 99999.90 99999.90 99999.90 99999.90 99999.90 99999.90 99999.90 99999.90 99999.90
7.75 7.71 7.80 7.53 7.53 7.53 7.53 7.72 7.72 7.66 7.66 7.20 7.20 7.65 7.65 7.65 7.65 7.65 8.00 8.00 8.23 8.23 99999.90 99999.90 99999.90 99999.90 99999.90 99999.90 99999.90 99999.90 99999.90 99999.90 99999.90 99999.90 99999.90 99999.90 99999.90 99999.90 99999.90 99999.90 99999.90 99999.90 99999.90 99999.90 99999.90 99999.90 99999.90 99999.90 99999.90 99999.90 99999.90 99999.90 99999.90 99999.90 99999.90 99999.90 99999.90 99999.90 99999.90 99999.90 99999.90 99999.90 99999.90 99999.90 99999.90 99999.90 99999.90 99999.90 99999.90 99999.90 99999.90 99999.90 99999.90 99999.90 99999.90 99999.90 99999.90
7.75 7.71 7.80 7.53 7.53 7.53 7.53 7.53 7.72 7.72 7.66 7.66 7.20 7.65 7.65 7.65 7.65 7.65 7.65 8.00 8.00 99999.90 99999.90 99999.90 99999.90 99999.90 99999.90 99999.90 99999.90 99999.90 99999.90 99999.90 99999.90 99999.90 99999.90 99999.90 99999.90 99999.90 99999.90 99999.90 99999.90 99999.90 99999.90 99999.90 99999.90 99999.90 99999.90 99999.90 99999.90 99999.90 99999.90 99999.90 99999.90 99999.90 99999.90 99999.90 99999.90 99999.90 99999.90 99999.90 99999.90 99999.90 99999.90 99999.90 99999.90 99999.90 99999.90 99999.90 99999.90 99999.90 99999.90 99999.90 99999.90 99999.90 99999.90 99999.90 99999.90
7.75 7.71 7.80 7.53 7.53 7.53 7.53 7.53 7.53 7.72 7.72 7.66 7.66 7.20 7.65 7.65 7.65 7.65 7.65 7.65 99999.90 99999.90 99999.90 99999.90 99999.90 99999.90 99999.90 99999.90 99999.90 99999.90 99999.90 99999.90 99999.90 99999.90 99999.90 99999.90 99999.90 99999.90 99999.90 99999.90 99999.90 99999.90 99999.90 99999.90 99999.90 99999.90 99999.90 99999.90 99999.90 99999.90 99999.90 99999.90 99999.90 99999.90 99999.90 99999.90 99999.90 99999.90 99999.90 99999.90 99999.90 99999.90 99999.90 99999.90 99999.90 99999.90 99999.90 99999.90 99999.90 99999.90 99999.90 99999.90 99999.90 99999.90 99999.90 99999.90 99999.90
