BOM_solar_grid_data_201906/2019060720190607.grid
ncols 839
nrows 679
xllcenter 112.0500
yllcenter -43.9500
cellsize 0.0500
nodata_value 99999.90
[rows 306 to 339 of 679, columns 234 to 311 of 839]
14.95 14.95 14.96 14.97 14.96 14.95 14.94 14.94 14.91 14.67 14.66 14.82 14.84 14.83 14.73 14.76 14.86 14.91 14.92 14.91 14.91 14.90 14.89 14.92 14.89 14.78 14.76 14.89 14.89 14.92 14.93 14.94 14.95 14.94 14.92 14.91 14.89 14.85 14.47 14.47 14.64 14.88 14.90 14.93 14.92 14.92 14.92 14.92 14.88 14.91 14.89 14.74 14.69 14.63 14.66 14.57 14.77 14.87 14.90 14.94 14.94 14.96 14.94 14.95 14.93 14.94 14.93 14.91 14.93 14.95 14.95 14.93 14.95 14.94 14.93 14.92 14.91 14.90
14.92 14.95 14.94 14.94 14.93 14.93 14.93 14.93 14.84 14.68 14.75 14.83 14.82 14.89 14.91 14.93 14.91 14.91 14.90 14.88 14.89 14.87 14.76 14.88 14.86 14.63 14.68 14.80 14.85 14.89 14.92 14.92 14.91 14.90 14.90 14.90 14.89 14.83 14.42 14.52 14.73 14.84 14.86 14.86 14.82 14.80 14.83 14.82 14.89 14.85 14.75 14.57 14.58 14.71 14.70 14.55 14.86 14.90 14.92 14.90 14.93 14.94 14.94 14.95 14.95 14.94 14.93 14.90 14.91 14.91 14.94 14.90 14.90 14.89 14.91 14.90 14.92 14.91
14.91 14.93 14.92 14.94 14.93 14.91 14.90 14.88 14.83 14.85 14.78 14.83 14.86 14.92 14.91 14.92 14.90 14.86 14.86 14.85 14.86 14.80 14.72 14.81 14.80 14.51 14.58 14.82 14.87 14.89 14.88 14.89 14.89 14.88 14.88 14.88 14.87 14.79 14.45 14.45 14.63 14.76 14.69 14.68 14.69 14.76 14.80 14.87 14.88 14.83 14.63 14.52 14.70 14.71 14.57 14.73 14.86 14.89 14.90 14.90 14.88 14.90 14.91 14.90 14.91 14.90 14.89 14.92 14.90 14.89 14.89 14.91 14.91 14.89 14.88 14.89 14.90 14.89
14.90 14.88 14.87 14.89 14.90 14.89 14.84 14.83 14.83 14.78 14.60 14.71 14.83 14.86 14.79 14.87 14.87 14.85 14.84 14.82 14.83 14.70 14.70 14.69 14.61 14.49 14.60 14.84 14.88 14.87 14.88 14.88 14.85 14.85 14.85 14.85 14.84 14.65 14.23 14.40 14.65 14.57 14.52 14.76 14.82 14.85 14.85 14.87 14.86 14.78 14.58 14.67 14.68 14.65 14.55 14.75 14.85 14.88 14.88 14.88 14.88 14.85 14.89 14.89 14.88 14.87 14.90 14.88 14.90 14.89 14.87 14.88 14.87 14.88 14.86 14.86 14.86 14.85
14.87 14.85 14.86 14.86 14.86 14.85 14.80 14.79 14.76 14.62 14.48 14.51 14.80 14.84 14.81 14.86 14.83 14.82 14.81 14.79 14.78 14.53 14.67 14.69 14.41 14.35 14.57 14.88 14.85 14.84 14.84 14.86 14.82 14.81 14.80 14.81 14.80 14.49 14.24 14.46 14.43 14.45 14.70 14.82 14.83 14.83 14.84 14.84 14.82 14.72 14.64 14.73 14.57 14.62 14.62 14.74 14.82 14.84 14.83 14.83 14.84 14.85 14.85 14.88 14.87 14.83 14.82 14.85 14.85 14.85 14.84 14.84 14.83 14.84 14.83 14.82 14.84 14.84
14.87 14.85 14.83 14.83 14.82 14.79 14.71 14.76 14.67 14.38 14.36 14.57 14.79 14.78 14.81 14.82 14.83 14.80 14.78 14.76 14.61 14.37 14.58 14.40 14.24 14.49 14.74 14.83 14.82 14.81 14.84 14.81 14.81 14.80 14.79 14.79 14.72 14.37 14.34 14.30 14.33 14.63 14.79 14.81 14.81 14.81 14.81 14.82 14.78 14.66 14.64 14.69 14.64 14.62 14.70 14.79 14.82 14.81 14.83 14.84 14.84 14.82 14.83 14.82 14.81 14.82 14.82 14.81 14.83 14.84 14.84 14.84 14.83 14.83 14.83 14.81 14.80 14.82
14.83 14.83 14.81 14.81 14.78 14.74 14.73 14.71 14.33 14.29 14.24 14.39 14.62 14.76 14.82 14.83 14.81 14.79 14.76 14.73 14.54 14.25 14.54 14.23 14.42 14.67 14.81 14.80 14.81 14.80 14.81 14.77 14.77 14.74 14.74 14.74 14.58 14.28 14.20 14.21 14.45 14.74 14.81 14.79 14.79 14.79 14.79 14.81 14.68 14.59 14.71 14.77 14.65 14.60 14.76 14.81 14.80 14.79 14.80 14.80 14.81 14.81 14.81 14.80 14.82 14.81 14.81 14.81 14.82 14.82 14.83 14.83 14.83 14.81 14.80 14.81 14.80 14.80
14.82 14.79 14.78 14.79 14.74 14.73 14.75 14.48 14.43 14.16 13.92 14.32 14.61 14.78 14.78 14.80 14.77 14.76 14.75 14.74 14.54 14.39 14.48 14.35 14.49 14.78 14.80 14.79 14.78 14.78 14.77 14.75 14.71 14.63 14.68 14.67 14.43 14.42 14.15 14.27 14.54 14.79 14.78 14.80 14.79 14.77 14.77 14.77 14.59 14.73 14.74 14.74 14.71 14.74 14.77 14.75 14.78 14.77 14.77 14.76 14.76 14.76 14.78 14.78 14.77 14.76 14.77 14.77 14.76 14.80 14.79 14.79 14.78 14.78 14.77 14.77 14.76 14.77
14.76 14.79 14.77 14.77 14.73 14.72 14.77 14.22 14.08 13.73 14.09 14.54 14.72 14.77 14.75 14.78 14.78 14.77 14.74 14.73 14.62 14.49 14.51 14.54 14.52 14.66 14.57 14.64 14.73 14.75 14.75 14.72 14.65 14.55 14.49 14.34 14.27 14.22 13.99 14.46 14.76 14.78 14.74 14.75 14.76 14.75 14.74 14.75 14.73 14.75 14.74 14.72 14.73 14.74 14.74 14.73 14.74 14.73 14.74 14.74 14.75 14.74 14.75 14.76 14.76 14.75 14.75 14.74 14.76 14.76 14.76 14.74 14.74 14.76 14.73 14.75 14.74 14.74
14.73 14.73 14.72 14.73 14.65 14.60 14.63 14.14 13.62 13.86 14.41 14.75 14.74 14.75 14.74 14.74 14.74 14.72 14.69 14.68 14.64 14.44 14.51 14.37 14.35 14.40 14.55 14.66 14.74 14.73 14.72 14.63 14.54 14.35 14.18 14.16 14.32 14.17 14.36 14.76 14.76 14.75 14.74 14.74 14.75 14.73 14.72 14.73 14.72 14.72 14.71 14.68 14.69 14.56 14.54 14.69 14.69 14.70 14.70 14.71 14.69 14.72 14.74 14.75 14.74 14.72 14.73 14.74 14.72 14.71 14.74 14.75 14.72 14.72 14.70 14.72 14.72 14.71
14.70 14.72 14.72 14.69 14.59 14.56 14.48 13.50 13.65 14.31 14.71 14.73 14.72 14.72 14.72 14.68 14.68 14.68 14.67 14.67 14.62 14.20 14.22 14.17 14.26 14.57 14.71 14.72 14.71 14.71 14.63 14.54 14.28 14.16 14.08 14.40 14.39 14.28 14.71 14.73 14.72 14.70 14.70 14.73 14.73 14.71 14.70 14.70 14.70 14.68 14.67 14.52 14.36 14.49 14.68 14.70 14.68 14.69 14.70 14.71 14.71 14.70 14.71 14.71 14.70 14.70 14.70 14.70 14.70 14.69 14.70 14.71 14.70 14.69 14.68 14.68 14.70 14.69
14.69 14.69 14.66 14.35 14.40 14.53 14.08 13.42 13.91 14.56 14.69 14.69 14.69 14.66 14.64 14.66 14.65 14.60 14.59 14.63 14.44 13.94 14.01 14.16 14.51 14.67 14.67 14.68 14.68 14.65 14.60 14.38 14.24 14.13 14.30 14.42 14.38 14.56 14.71 14.70 14.66 14.67 14.68 14.69 14.66 14.65 14.67 14.65 14.65 14.67 14.68 14.58 14.66 14.72 14.70 14.69 14.66 14.67 14.68 14.70 14.66 14.69 14.68 14.67 14.68 14.67 14.67 14.68 14.67 14.68 14.66 14.69 14.69 14.67 14.66 14.67 14.66 14.67
14.68 14.67 14.55 14.26 14.49 14.52 13.84 13.49 14.27 14.65 14.67 14.67 14.66 14.62 14.63 14.63 14.63 14.60 14.58 14.49 14.06 13.91 14.12 14.41 14.61 14.68 14.68 14.68 14.68 14.66 14.63 14.31 14.05 14.22 14.43 14.54 14.62 14.64 14.67 14.67 14.65 14.66 14.67 14.64 14.64 14.65 14.67 14.65 14.64 14.65 14.65 14.67 14.64 14.62 14.65 14.66 14.66 14.68 14.69 14.67 14.66 14.68 14.67 14.67 14.66 14.65 14.66 14.67 14.67 14.66 14.66 14.66 14.66 14.66 14.63 14.63 14.63 14.61
14.63 14.59 14.51 14.29 14.42 14.41 13.39 13.58 14.42 14.64 14.64 14.66 14.64 14.61 14.61 14.61 14.56 14.56 14.57 14.10 13.90 14.03 14.19 14.66 14.67 14.66 14.65 14.66 14.62 14.61 14.61 14.39 14.11 14.35 14.61 14.66 14.64 14.63 14.65 14.63 14.66 14.61 14.54 14.61 14.63 14.61 14.63 14.65 14.63 14.60 14.60 14.61 14.60 14.60 14.60 14.60 14.62 14.65 14.65 14.66 14.65 14.63 14.59 14.61 14.62 14.64 14.63 14.65 14.65 14.64 14.63 14.62 14.63 14.63 14.61 14.60 14.61 14.59
14.60 14.56 14.48 14.37 14.23 14.19 13.47 14.19 14.43 14.62 14.59 14.56 14.54 14.56 14.57 14.47 14.45 14.42 14.35 13.85 14.05 14.18 14.52 14.63 14.64 14.63 14.43 14.57 14.57 14.59 14.63 14.58 14.58 14.61 14.64 14.65 14.64 14.62 14.53 14.56 14.54 14.59 14.59 14.63 14.61 14.60 14.59 14.59 14.59 14.61 14.59 14.59 14.57 14.58 14.58 14.62 14.63 14.64 14.65 14.66 14.64 14.61 14.58 14.57 14.59 14.61 14.61 14.60 14.62 14.62 14.61 14.59 14.61 14.60 14.62 14.61 14.60 14.58
14.54 14.48 14.43 14.35 13.98 13.65 13.91 14.20 14.36 14.53 14.54 14.50 14.44 14.47 14.38 14.22 14.26 14.30 14.06 14.03 14.22 14.49 14.63 14.61 14.52 14.52 14.57 14.56 14.56 14.58 14.59 14.55 14.53 14.59 14.59 14.58 14.49 14.43 14.44 14.52 14.59 14.60 14.60 14.60 14.57 14.59 14.58 14.56 14.58 14.63 14.59 14.56 14.55 14.55 14.57 14.58 14.60 14.60 14.58 14.59 14.61 14.57 14.58 14.59 14.59 14.59 14.60 14.60 14.61 14.60 14.57 14.57 14.58 14.59 14.59 14.59 14.58 14.56
14.30 14.41 14.54 14.09 13.65 13.91 14.26 14.41 14.39 14.24 14.25 14.36 14.44 14.35 14.16 14.04 14.08 14.08 14.09 14.33 14.51 14.59 14.57 14.57 14.57 14.51 14.55 14.50 14.50 14.56 14.50 14.51 14.54 14.51 14.37 14.33 14.38 14.42 14.55 14.58 14.58 14.59 14.57 14.54 14.56 14.58 14.56 14.57 14.58 14.58 14.55 14.54 14.52 14.49 14.54 14.57 14.56 14.53 14.56 14.56 14.56 14.58 14.56 14.57 14.60 14.58 14.57 14.57 14.56 14.51 14.53 14.54 14.56 14.56 14.57 14.55 14.56 14.55
14.30 14.51 14.23 13.52 13.77 14.35 14.53 14.27 14.14 14.28 14.43 14.51 14.50 14.15 13.95 13.88 14.04 14.22 14.50 14.56 14.56 14.55 14.54 14.50 14.50 14.50 14.48 14.41 14.46 14.53 14.49 14.53 14.49 14.31 14.42 14.45 14.48 14.54 14.56 14.59 14.56 14.54 14.45 14.52 14.55 14.54 14.55 14.55 14.54 14.55 14.53 14.55 14.54 14.56 14.55 14.56 14.53 14.53 14.54 14.53 14.53 14.54 14.54 14.54 14.55 14.56 14.56 14.55 14.48 14.51 14.53 14.55 14.57 14.57 14.55 14.54 14.56 14.55
14.29 14.24 13.78 13.81 14.18 14.56 14.48 14.21 14.26 14.43 14.54 14.54 14.50 14.10 14.03 14.07 14.47 14.37 14.45 14.50 14.51 14.45 14.40 14.40 14.46 14.46 14.40 14.40 14.53 14.49 14.48 14.51 14.48 14.48 14.45 14.48 14.50 14.52 14.54 14.55 14.53 14.49 14.49 14.52 14.54 14.53 14.52 14.49 14.49 14.49 14.52 14.53 14.56 14.54 14.52 14.52 14.49 14.51 14.48 14.48 14.52 14.52 14.52 14.54 14.54 14.53 14.53 14.46 14.49 14.52 14.53 14.53 14.55 14.54 14.55 14.52 14.53 14.51
14.28 13.87 13.98 14.15 14.39 14.40 14.23 14.28 14.51 14.53 14.53 14.51 14.46 14.35 14.35 14.44 14.44 14.44 14.47 14.44 14.33 14.19 14.15 14.36 14.38 14.34 14.42 14.52 14.44 14.47 14.46 14.48 14.47 14.42 14.40 14.47 14.51 14.51 14.47 14.44 14.48 14.47 14.50 14.53 14.52 14.51 14.48 14.48 14.47 14.49 14.52 14.49 14.47 14.48 14.48 14.48 14.47 14.46 14.47 14.49 14.49 14.50 14.53 14.52 14.52 14.52 14.45 14.49 14.50 14.51 14.51 14.52 14.51 14.53 14.51 14.50 14.48 14.50
14.12 14.21 14.51 14.22 14.17 14.16 14.23 14.44 14.51 14.51 14.49 14.41 14.39 14.35 14.40 14.40 14.42 14.38 14.25 14.15 14.06 14.22 14.40 14.39 14.37 14.35 14.41 14.42 14.44 14.46 14.42 14.38 14.30 14.25 14.29 14.39 14.46 14.45 14.39 14.45 14.49 14.49 14.47 14.48 14.44 14.43 14.39 14.42 14.42 14.46 14.44 14.48 14.48 14.46 14.47 14.48 14.42 14.42 14.43 14.49 14.51 14.51 14.47 14.43 14.43 14.37 14.44 14.48 14.49 14.48 14.48 14.49 14.50 14.49 14.50 14.49 14.47 14.50
14.34 14.50 14.48 14.01 14.00 14.28 14.36 14.50 14.51 14.49 14.37 14.38 14.35 14.37 14.43 14.42 14.31 14.27 14.20 14.12 14.24 14.31 14.37 14.38 14.32 14.39 14.44 14.46 14.48 14.46 14.46 14.43 14.37 14.33 14.34 14.47 14.47 14.43 14.39 14.45 14.44 14.43 14.46 14.46 14.40 14.37 14.38 14.42 14.47 14.44 14.44 14.46 14.46 14.46 14.44 14.36 14.33 14.40 14.42 14.48 14.48 14.48 14.47 14.43 14.39 14.45 14.44 14.46 14.44 14.45 14.44 14.45 14.46 14.49 14.48 14.46 14.46 14.46
14.47 14.46 14.24 13.81 14.13 14.46 14.49 14.51 14.52 14.49 14.45 14.31 14.36 14.45 14.43 14.40 14.36 14.31 14.07 14.01 14.30 14.42 14.38 14.31 14.43 14.43 14.38 14.50 14.47 14.44 14.41 14.39 14.43 14.43 14.43 14.43 14.45 14.44 14.43 14.42 14.43 14.40 14.41 14.44 14.42 14.36 14.41 14.44 14.46 14.44 14.46 14.43 14.43 14.42 14.36 14.26 14.36 14.41 14.43 14.43 14.44 14.42 14.43 14.42 14.40 14.42 14.46 14.37 14.35 14.42 14.42 14.43 14.44 14.45 14.46 14.47 14.46 14.46
14.40 14.18 14.00 14.08 14.20 14.44 14.47 14.44 14.41 14.39 14.41 14.35 14.36 14.41 14.38 14.39 14.27 13.92 14.08 14.38 14.40 14.38 14.25 14.42 14.30 14.37 14.42 14.40 14.43 14.42 14.40 14.40 14.40 14.38 14.38 14.43 14.43 14.38 14.33 14.38 14.41 14.40 14.38 14.35 14.33 14.34 14.37 14.40 14.39 14.44 14.44 14.44 14.43 14.43 14.36 14.37 14.38 14.40 14.41 14.44 14.40 14.40 14.43 14.42 14.43 14.41 14.22 14.28 14.38 14.40 14.40 14.40 14.41 14.40 14.40 14.41 14.42 14.42
14.28 14.17 14.29 14.19 14.17 14.41 14.41 14.33 14.38 14.38 14.38 14.36 14.34 14.36 14.38 14.28 13.89 14.16 14.37 14.39 14.38 14.41 14.44 14.25 14.28 14.37 14.40 14.36 14.38 14.38 14.37 14.35 14.36 14.35 14.34 14.36 14.37 14.34 14.32 14.39 14.38 14.38 14.33 14.30 14.30 14.36 14.39 14.38 14.37 14.32 14.32 14.32 14.43 14.40 14.38 14.31 14.33 14.35 14.34 14.32 14.35 14.39 14.40 14.45 14.45 14.35 14.28 14.37 14.39 14.38 14.37 14.37 14.38 14.40 14.38 14.40 14.38 14.40
14.31 14.35 14.35 14.25 14.39 14.34 14.29 14.36 14.36 14.36 14.35 14.33 14.34 14.33 14.34 14.26 14.27 14.36 14.34 14.30 14.23 14.31 14.10 14.11 14.38 14.40 14.39 14.38 14.36 14.39 14.36 14.32 14.16 14.18 14.28 14.33 14.35 14.34 14.37 14.36 14.36 14.32 14.31 14.27 14.30 14.37 14.36 14.38 14.38 14.34 14.34 14.32 14.31 14.35 14.25 14.25 14.28 14.19 14.24 14.32 14.37 14.46 14.44 14.43 14.31 14.25 14.32 14.40 14.38 14.34 14.33 14.37 14.37 14.38 14.36 14.36 14.37 14.37
14.38 14.34 14.36 14.38 14.35 14.34 14.35 14.36 14.33 14.35 14.33 14.36 14.31 14.30 14.35 14.33 14.36 14.37 14.33 14.28 14.33 14.21 14.21 14.38 14.38 14.37 14.35 14.30 14.30 14.34 14.36 14.29 14.14 14.17 14.27 14.34 14.30 14.35 14.34 14.33 14.29 14.26 14.31 14.31 14.32 14.33 14.36 14.34 14.33 14.30 14.23 14.29 14.30 14.27 14.25 14.25 14.20 14.20 14.27 14.39 14.43 14.43 14.41 14.32 14.28 14.29 14.36 14.34 14.32 14.32 14.34 14.33 14.36 14.36 14.34 14.33 14.32 14.31
14.34 14.32 14.31 14.20 14.25 14.29 14.34 14.34 14.33 14.32 14.34 14.33 14.32 14.32 14.32 14.33 14.30 14.29 14.33 14.32 14.21 14.16 14.32 14.31 14.28 14.27 14.26 14.28 14.29 14.24 14.26 14.30 14.27 14.31 14.21 14.23 14.29 14.31 14.32 14.25 14.24 14.24 14.25 14.31 14.31 14.31 14.34 14.32 14.26 14.22 14.21 14.23 14.24 14.22 14.19 14.16 14.24 14.32 14.35 14.38 14.40 14.37 14.33 14.25 14.24 14.28 14.30 14.25 14.29 14.32 14.33 14.34 14.33 14.32 14.31 14.30 14.29 14.26
14.25 14.25 14.25 14.15 14.23 14.33 14.34 14.31 14.32 14.30 14.28 14.29 14.32 14.29 14.33 14.25 14.27 14.26 14.28 14.25 14.21 14.24 14.31 14.29 14.17 14.21 14.20 14.25 14.23 14.27 14.28 14.21 14.23 14.22 14.24 14.30 14.27 14.26 14.23 14.21 14.21 14.24 14.29 14.28 14.30 14.31 14.14 14.19 14.20 14.15 14.16 14.15 14.20 14.20 14.13 14.17 14.29 14.36 14.34 14.31 14.32 14.29 14.29 14.32 14.31 14.25 14.26 14.25 14.29 14.34 14.34 14.31 14.29 14.28 14.26 14.25 14.22 14.17
14.24 14.22 14.23 14.28 14.29 14.28 14.29 14.29 14.29 14.28 14.28 14.28 14.28 14.28 14.29 14.25 14.23 14.21 14.22 14.13 14.20 14.27 14.28 14.25 14.21 14.24 14.20 14.28 14.26 14.26 14.25 14.21 14.20 14.20 14.19 14.18 14.26 14.22 14.10 14.08 14.10 14.22 14.25 14.29 14.30 14.08 13.88 14.06 14.08 14.09 14.16 14.18 14.19 14.17 14.19 14.25 14.26 14.32 14.33 14.30 14.29 14.28 14.26 14.28 14.24 14.20 14.22 14.30 14.30 14.24 14.27 14.26 14.27 14.22 14.19 14.18 14.18 14.21
14.12 14.17 14.22 14.26 14.27 14.23 14.25 14.27 14.24 14.27 14.28 14.27 14.27 14.27 14.26 14.23 14.21 14.19 14.22 14.23 14.25 14.27 14.11 14.15 14.16 14.13 14.20 14.26 14.24 14.22 14.20 14.23 14.22 14.18 14.11 14.23 14.12 13.93 14.04 14.09 14.22 14.26 14.26 14.26 14.26 14.21 13.86 14.11 13.97 14.02 14.07 14.15 14.21 14.19 14.20 14.20 14.24 14.25 14.27 14.30 14.30 14.30 14.28 14.26 14.20 14.22 14.28 14.30 14.27 14.23 14.19 14.12 14.14 14.16 14.15 14.19 14.25 14.26
14.08 14.12 14.23 14.19 14.16 14.23 14.20 14.22 14.21 14.18 14.21 14.26 14.25 14.23 14.23 14.22 14.19 14.19 14.17 14.20 14.20 14.17 14.09 14.03 14.14 14.25 14.23 14.21 14.03 14.16 14.18 14.18 14.11 14.05 14.08 14.12 14.09 13.96 13.98 14.13 14.19 14.23 14.23 14.20 14.20 14.16 14.08 14.05 14.13 13.97 14.03 14.17 14.22 14.22 14.22 14.20 14.21 14.21 14.23 14.32 14.28 14.25 14.23 14.20 14.21 14.16 14.18 14.16 14.19 14.14 14.11 14.10 14.12 14.19 14.18 14.23 14.25 14.24
14.01 14.14 14.15 14.12 14.09 14.18 14.21 14.21 14.22 14.22 14.22 14.21 14.17 14.19 14.19 14.17 14.11 14.19 14.18 14.18 14.15 14.09 14.11 14.18 14.19 14.17 14.19 14.07 14.11 14.13 14.11 14.06 14.01 13.93 14.07 14.08 14.02 13.87 14.03 14.22 14.21 14.22 14.23 14.20 14.17 14.13 14.17 14.15 13.97 14.10 14.16 14.19 14.21 14.16 14.20 14.15 14.15 14.16 14.25 14.27 14.27 14.22 14.18 14.16 14.16 14.18 14.08 14.10 14.08 14.12 14.09 14.13 14.17 14.18 14.21 14.24 14.17 14.20
14.04 13.96 14.03 14.04 14.15 14.15 14.18 14.23 14.19 14.16 14.18 14.17 14.17 14.14 14.14 14.16 14.18 14.17 14.16 14.13 14.12 14.06 14.00 14.06 14.08 14.12 14.10 14.00 14.08 14.13 14.08 13.91 13.94 14.08 14.11 14.08 13.82 13.91 14.09 14.21 14.20 14.20 14.17 14.15 14.15 14.12 14.06 14.05 14.09 14.17 14.07 14.14 14.15 14.09 14.04 14.00 14.00 14.18 14.25 14.26 14.25 14.16 14.12 14.10 14.09 14.02 14.07 14.09 14.14 14.16 14.10 14.14 14.17 14.18 14.21 14.18 14.18 14.18
