BOM_solar_grid_data_201906/2019062020190620.grid
ncols 839
nrows 679
xllcenter 112.0500
yllcenter -43.9500
cellsize 0.0500
nodata_value 99999.90
[rows 272 to 305 of 679, columns 616 to 692 of 839]
15.59 15.61 15.61 15.61 15.59 15.62 15.61 15.53 15.50 15.54 15.61 15.61 15.61 15.61 15.62 15.60 15.54 15.57 15.57 15.45 15.44 15.47 15.49 15.38 15.27 15.26 15.28 15.13 15.26 15.24 15.26 15.55 15.43 15.41 15.48 15.56 15.56 15.41 15.31 15.38 15.29 15.38 15.37 15.44 15.60 15.52 15.48 15.61 15.60 15.56 15.57 15.61 15.58 15.60 15.58 15.59 15.59 15.58 15.61 15.57 15.54 15.57 15.57 15.57 15.58 15.58 15.57 15.59 15.56 15.52 15.58 15.58 15.57 15.59 15.60 15.61 15.56
15.57 15.59 15.56 15.58 15.60 15.54 15.60 15.57 15.56 15.58 15.61 15.58 15.58 15.58 15.58 15.58 15.46 15.56 15.51 15.35 15.46 15.37 15.45 15.50 15.30 15.24 15.22 15.31 15.36 15.37 15.33 15.53 15.40 15.39 15.35 15.52 15.44 15.24 15.25 15.34 15.27 15.43 15.50 15.51 15.57 15.55 15.54 15.57 15.56 15.56 15.53 15.60 15.58 15.56 15.58 15.56 15.56 15.56 15.57 15.55 15.54 15.53 15.54 15.53 15.56 15.55 15.54 15.56 15.56 15.49 15.51 15.55 15.56 15.59 15.58 15.54 15.54
15.56 15.56 15.57 15.58 15.47 15.52 15.56 15.54 15.46 15.55 15.59 15.57 15.55 15.55 15.56 15.44 15.44 15.45 15.26 15.44 15.37 15.42 15.49 15.38 15.31 15.35 15.30 15.32 15.41 15.30 15.42 15.22 15.05 15.14 15.27 15.41 15.25 15.36 15.40 15.34 15.29 15.35 15.38 15.52 15.53 15.53 15.55 15.54 15.52 15.55 15.53 15.57 15.56 15.58 15.51 15.49 15.51 15.54 15.54 15.54 15.53 15.52 15.51 15.54 15.52 15.53 15.52 15.53 15.55 15.51 15.47 15.47 15.54 15.55 15.52 15.53 15.53
15.54 15.56 15.54 15.55 15.55 15.51 15.50 15.57 15.48 15.43 15.53 15.53 15.53 15.52 15.51 15.43 15.31 15.40 15.28 15.43 15.43 15.31 15.24 15.22 15.18 15.32 15.38 15.29 15.14 15.25 15.18 15.10 15.12 15.30 15.21 15.17 15.37 15.33 15.39 15.39 15.36 15.43 15.43 15.42 15.50 15.52 15.53 15.53 15.53 15.52 15.44 15.52 15.45 15.49 15.38 15.35 15.36 15.51 15.50 15.49 15.51 15.47 15.48 15.51 15.51 15.52 15.51 15.46 15.42 15.40 15.46 15.43 15.45 15.48 15.45 15.50 15.45
15.53 15.51 15.51 15.50 15.53 15.52 15.48 15.51 15.47 15.51 15.50 15.50 15.52 15.35 15.33 15.42 15.32 15.33 15.34 15.32 15.37 15.38 15.37 15.28 15.27 15.32 15.30 15.21 15.01 15.17 15.11 15.28 15.44 15.06 15.09 15.38 15.41 15.39 15.41 15.33 15.27 15.34 15.32 15.30 15.41 15.45 15.49 15.45 15.41 15.31 15.37 15.44 15.50 15.49 15.49 15.40 15.40 15.49 15.49 15.48 15.48 15.45 15.45 15.46 15.49 15.49 15.48 15.42 15.32 15.40 15.44 15.42 15.43 15.42 15.44 15.47 15.45
15.43 15.45 15.43 15.47 15.48 15.50 15.48 15.48 15.48 15.47 15.50 15.36 15.36 15.43 15.40 15.32 15.38 15.38 15.43 15.27 15.23 15.27 15.30 15.32 15.28 15.17 15.24 15.32 15.18 15.23 15.42 15.28 15.05 15.04 15.14 15.28 15.46 15.44 15.42 15.41 15.29 15.32 15.29 15.35 15.37 15.38 15.40 15.50 15.38 15.29 15.35 15.42 15.46 15.46 15.47 15.47 15.42 15.45 15.46 15.46 15.47 15.47 15.43 15.42 15.42 15.43 15.40 15.44 15.34 15.29 15.42 15.40 15.39 15.39 15.32 15.42 15.39
15.45 15.45 15.36 15.40 15.46 15.47 15.39 15.48 15.47 15.47 15.46 15.36 15.28 15.29 15.26 15.27 15.34 15.35 15.19 15.19 15.11 15.12 15.07 15.22 15.30 15.29 15.18 15.25 15.25 15.20 15.22 15.12 15.24 15.21 15.42 15.34 15.40 15.26 15.30 15.41 15.42 15.41 15.37 15.32 15.41 15.42 15.46 15.46 15.44 15.34 15.43 15.41 15.44 15.46 15.46 15.47 15.44 15.44 15.45 15.46 15.47 15.47 15.43 15.40 15.39 15.38 15.40 15.37 15.32 15.27 15.26 15.41 15.36 15.35 15.24 15.33 15.38
15.44 15.40 15.34 15.41 15.46 15.38 15.37 15.45 15.43 15.41 15.38 15.37 15.23 15.15 15.16 15.11 15.07 15.37 15.27 15.17 15.11 15.08 15.04 15.15 15.36 15.24 15.17 15.17 15.12 15.17 15.17 15.38 15.43 15.33 15.22 15.33 15.35 15.29 15.33 15.32 15.34 15.40 15.30 15.31 15.41 15.41 15.46 15.42 15.31 15.33 15.42 15.44 15.43 15.43 15.44 15.45 15.41 15.40 15.42 15.43 15.43 15.44 15.42 15.40 15.36 15.29 15.30 15.39 15.30 15.22 15.33 15.36 15.35 15.35 15.27 15.19 15.36
15.33 15.32 15.39 15.41 15.43 15.42 15.41 15.41 15.41 15.39 15.23 15.29 15.12 15.12 15.02 14.90 15.12 15.20 15.12 15.22 15.32 15.07 15.04 15.15 15.17 15.13 15.05 15.09 15.03 15.10 15.11 15.23 15.33 15.37 15.27 15.26 15.36 15.28 15.39 15.39 15.32 15.30 15.35 15.37 15.42 15.43 15.37 15.30 15.18 15.29 15.30 15.32 15.37 15.38 15.41 15.42 15.42 15.39 15.40 15.41 15.39 15.38 15.39 15.39 15.35 15.33 15.18 15.14 15.22 15.20 15.16 15.36 15.34 15.33 15.34 15.25 15.33
15.16 15.38 15.38 15.40 15.38 15.34 15.39 15.39 15.38 15.37 15.18 15.26 15.12 15.09 15.02 14.91 14.97 15.10 15.09 15.01 15.04 15.13 15.14 15.22 15.31 15.18 15.13 15.10 15.16 15.29 15.25 15.27 15.26 15.37 15.23 15.25 15.22 15.30 15.31 15.33 15.17 15.15 15.22 15.23 15.36 15.32 15.25 15.24 15.29 15.28 15.30 15.28 15.34 15.22 15.26 15.39 15.40 15.41 15.38 15.37 15.37 15.37 15.36 15.35 15.35 15.32 15.30 15.24 15.28 15.14 15.22 15.28 15.25 15.32 15.29 15.23 15.29
15.23 15.31 15.38 15.37 15.36 15.34 15.32 15.37 15.36 15.28 15.17 15.21 15.13 15.07 15.15 15.06 15.11 15.11 15.13 15.19 15.20 15.17 15.20 15.17 15.21 15.14 15.25 15.16 15.16 15.31 15.29 15.31 15.28 15.25 15.08 15.25 15.20 15.30 15.37 15.37 15.25 15.06 15.21 15.31 15.27 15.21 15.10 15.23 15.27 15.23 15.27 15.31 15.33 15.23 15.02 15.20 15.36 15.36 15.34 15.27 15.33 15.34 15.33 15.31 15.31 15.32 15.30 15.29 15.20 15.11 15.12 15.16 15.17 15.25 15.27 15.15 15.05
15.18 15.20 15.30 15.34 15.33 15.32 15.30 15.29 15.35 15.27 15.12 15.18 15.01 15.06 15.11 15.19 15.37 15.28 15.16 15.22 15.28 15.18 15.14 15.07 15.21 15.29 15.23 15.26 15.29 15.32 15.27 15.22 15.32 15.32 15.26 15.17 15.26 15.34 15.36 15.34 15.19 14.94 14.97 15.14 15.15 15.23 15.23 15.22 15.18 15.13 15.12 15.22 15.24 15.02 14.94 14.89 15.04 15.17 15.14 15.12 15.30 15.31 15.32 15.31 15.29 15.30 15.29 15.26 15.26 15.26 15.17 15.12 15.12 15.18 15.26 15.28 15.27
15.12 15.22 15.32 15.31 15.32 15.32 15.32 15.30 15.22 14.96 15.05 15.05 15.00 15.00 15.09 15.21 15.24 15.20 15.17 15.21 15.13 15.21 14.92 15.09 15.19 15.30 15.30 15.28 15.31 15.28 15.22 15.29 15.24 15.21 15.27 15.07 15.08 15.31 15.33 15.28 15.25 15.03 14.91 15.06 15.17 15.19 15.23 15.12 15.08 15.09 15.06 15.09 15.18 15.03 14.98 14.89 14.95 15.11 15.00 15.04 15.20 15.29 15.28 15.29 15.27 15.25 15.27 15.26 15.25 15.25 15.23 15.18 15.15 15.17 15.08 15.06 15.13
15.14 15.15 15.24 15.30 15.31 15.31 15.31 15.28 15.27 15.09 15.01 15.00 14.96 14.99 15.02 15.04 14.92 15.11 15.13 15.09 15.17 15.09 14.87 15.02 15.16 15.24 15.19 15.22 15.23 15.11 15.23 15.22 15.21 15.30 15.31 15.27 15.10 15.17 15.28 15.15 15.26 15.03 14.91 14.96 15.21 15.17 15.09 15.01 15.05 15.07 15.13 15.05 15.04 14.95 14.97 14.92 14.89 14.85 14.82 15.03 15.08 15.27 15.26 15.26 15.24 15.23 15.17 15.16 15.23 15.23 15.21 15.21 15.03 15.09 15.04 14.97 14.99
14.99 15.10 15.26 15.27 15.28 15.26 15.25 15.25 15.10 15.11 15.27 15.17 15.09 14.96 14.84 14.94 14.94 14.99 15.12 15.14 15.20 15.13 15.09 15.03 15.03 15.13 15.18 15.11 15.08 15.17 15.23 15.25 15.25 15.28 15.25 15.10 15.20 15.22 15.10 15.06 15.25 15.11 14.90 14.90 15.14 15.23 15.23 15.20 15.22 15.10 15.08 15.02 14.99 14.87 14.79 14.66 14.79 14.76 14.83 14.97 15.00 15.09 15.18 15.09 15.13 15.15 15.06 15.08 15.02 14.97 15.21 15.21 15.08 14.98 15.00 15.10 14.99
14.85 15.00 15.24 15.24 15.25 15.25 15.25 15.16 14.99 15.26 15.27 15.25 15.25 15.08 14.94 14.82 14.80 14.96 15.01 15.24 15.25 15.07 14.96 14.93 15.18 15.12 15.07 15.19 15.25 15.25 15.24 15.24 15.14 15.17 15.14 15.12 15.14 15.15 15.04 15.13 15.24 15.15 15.12 15.04 15.04 15.15 15.16 15.12 15.08 14.99 15.06 15.08 14.91 14.90 14.77 14.70 14.70 14.76 14.64 14.86 14.93 14.93 15.07 15.10 15.14 15.15 15.10 15.14 15.10 14.93 15.02 15.18 15.17 15.18 15.08 14.99 15.02
14.88 15.00 15.22 15.21 15.20 15.22 15.23 15.20 15.07 15.25 15.24 15.23 15.20 15.17 14.97 14.88 14.84 14.85 14.89 15.11 15.20 15.08 14.86 15.13 15.18 15.08 15.18 15.21 15.19 15.22 15.20 15.23 15.00 14.99 15.08 15.06 15.20 15.11 14.97 15.16 15.22 14.99 14.89 14.94 14.94 15.10 15.16 15.05 15.06 14.95 14.93 14.96 15.03 14.90 14.78 14.71 14.72 14.70 14.56 14.59 14.87 14.83 14.91 15.19 15.12 15.12 15.15 15.10 15.15 14.97 14.97 15.17 15.16 15.16 15.16 15.16 15.16
14.97 15.10 15.22 15.19 15.20 15.21 15.23 15.18 15.18 15.19 15.22 15.22 15.17 15.06 14.99 14.90 14.97 15.13 15.17 15.05 15.16 15.07 14.94 15.11 15.11 15.00 15.19 15.14 15.12 15.19 15.10 15.09 15.06 14.98 14.92 14.79 14.88 14.88 14.90 15.15 15.14 14.96 14.94 14.93 14.90 15.02 15.01 14.96 14.86 14.83 14.88 14.81 14.89 14.79 14.90 14.82 14.82 14.70 14.66 14.71 14.92 14.95 14.91 14.98 14.96 14.98 15.11 15.15 15.16 15.14 15.06 15.16 15.15 15.15 15.15 15.15 15.13
14.96 15.14 15.18 15.19 15.19 15.20 15.21 15.11 15.21 15.19 15.17 15.15 15.13 14.92 15.00 14.96 15.04 15.11 15.11 15.01 15.18 15.10 15.10 15.16 15.06 15.13 15.11 15.16 14.97 15.01 14.88 15.08 15.11 15.04 15.09 14.97 14.82 14.83 14.99 15.03 15.01 14.95 14.93 14.89 14.92 14.96 14.92 14.89 14.78 14.82 14.85 14.87 14.91 14.81 14.73 14.88 14.86 14.88 14.74 14.90 14.86 14.80 14.85 14.96 15.04 14.92 14.95 15.11 15.08 15.13 15.04 14.93 15.04 15.08 15.11 15.11 15.10
15.07 15.16 15.16 15.16 15.16 15.16 15.15 15.12 15.18 15.16 15.17 15.15 15.15 15.11 15.11 15.09 14.90 15.01 15.03 15.12 15.18 15.13 15.14 15.13 14.99 15.07 15.18 15.17 15.08 15.00 14.88 15.06 15.07 14.93 15.06 14.99 15.02 14.90 15.00 15.01 15.01 14.94 14.75 14.82 14.94 14.83 14.89 14.89 14.74 14.86 14.84 14.77 14.73 14.74 14.69 14.70 14.75 14.80 14.67 14.86 14.86 14.92 14.97 15.01 14.93 14.86 14.91 14.91 15.08 15.05 15.06 14.76 14.76 14.67 14.93 15.08 15.09
15.10 15.16 15.15 15.16 15.15 15.12 15.03 15.14 15.17 15.14 15.14 15.10 15.14 15.14 15.13 15.12 15.09 14.97 15.04 15.08 15.12 15.13 15.11 15.10 15.01 15.15 15.14 15.12 15.13 15.14 15.04 14.97 15.08 15.05 15.02 15.02 15.04 14.95 15.07 15.01 14.88 14.98 14.77 14.73 14.85 14.71 14.77 14.90 14.68 14.69 14.86 14.76 14.87 14.87 14.67 14.67 14.77 14.76 14.59 14.67 14.67 14.76 14.71 14.74 14.82 14.76 14.78 14.88 14.97 15.08 15.07 14.83 14.82 14.88 14.99 14.96 15.07
15.13 15.12 15.08 15.11 15.12 15.06 15.03 15.03 15.09 15.10 15.11 15.11 15.11 15.12 15.09 15.08 15.05 14.90 14.95 15.04 15.06 15.09 15.09 15.11 14.94 15.03 15.10 15.05 15.09 15.06 15.05 15.03 15.05 14.74 14.89 15.05 15.09 15.09 15.02 14.86 14.77 14.79 14.72 14.75 14.85 14.60 14.70 14.81 14.85 14.82 14.73 14.81 14.89 14.90 14.57 14.57 14.62 14.65 14.59 14.58 14.62 14.67 14.51 14.51 14.56 14.45 14.39 14.75 14.74 15.04 15.01 14.97 15.04 15.02 15.03 15.04 15.04
15.13 15.12 15.10 14.99 15.03 15.01 15.03 15.04 15.08 15.09 15.09 15.07 15.07 15.05 15.03 15.05 15.01 14.90 14.84 14.89 15.07 15.02 15.03 15.06 14.92 14.93 15.05 15.01 15.00 14.99 15.03 15.07 15.04 14.88 14.97 15.07 15.04 15.03 15.03 14.88 14.79 14.71 14.71 14.76 14.85 14.63 14.79 14.63 14.71 14.90 14.79 14.83 14.83 14.74 14.53 14.56 14.55 14.55 14.53 14.61 14.78 14.63 14.56 14.43 14.47 14.55 14.61 14.71 14.66 14.91 14.83 14.85 14.75 15.03 15.00 14.87 14.95
15.09 15.09 14.99 14.92 14.99 14.97 14.98 15.08 15.06 15.08 15.08 15.03 15.03 15.03 15.04 15.06 14.91 14.86 14.88 14.89 14.99 15.03 14.86 14.96 14.90 14.84 14.85 15.05 14.93 14.92 14.95 15.05 15.01 15.00 14.91 15.03 15.01 15.02 15.02 15.01 14.71 14.68 14.69 14.60 14.84 14.68 14.65 14.67 14.76 14.72 14.62 14.69 14.74 14.73 14.59 14.65 14.57 14.59 14.59 14.87 14.93 14.51 14.59 14.38 14.39 14.50 14.43 14.66 14.68 14.52 14.66 14.69 14.64 14.70 14.94 15.00 15.01
15.06 15.06 14.98 14.96 14.95 15.02 15.06 15.09 15.09 15.08 15.06 15.03 15.02 15.03 15.02 15.01 14.87 14.83 14.84 14.85 15.02 14.99 14.79 14.81 14.85 14.74 14.83 15.04 14.82 14.88 14.98 14.96 14.90 14.90 15.02 14.99 14.99 15.00 15.01 15.02 14.91 14.71 14.87 14.81 14.71 14.53 14.43 14.68 14.85 14.73 14.73 14.84 14.85 14.71 14.61 14.61 14.53 14.48 14.74 14.98 14.79 14.43 14.36 14.29 14.27 14.37 14.23 14.63 14.78 14.66 14.34 14.44 14.49 14.66 14.69 14.78 14.92
15.04 14.85 14.80 14.98 14.91 15.02 15.04 15.04 15.03 15.06 15.03 15.02 15.01 15.02 15.01 14.93 14.91 14.83 14.84 14.75 14.71 14.94 14.88 14.81 14.81 14.91 14.86 14.89 14.99 15.00 15.00 14.98 14.99 14.99 14.98 14.97 14.96 14.96 14.99 14.99 14.97 14.85 14.77 14.81 14.75 14.55 14.61 14.61 14.89 14.66 14.90 14.80 14.66 14.71 14.63 14.61 14.47 14.41 14.80 14.81 14.65 14.44 14.39 14.29 14.28 14.37 14.20 14.18 14.28 14.41 14.43 14.55 14.48 14.41 14.49 14.65 14.97
14.98 14.78 14.85 14.95 14.85 14.94 15.01 15.01 15.02 15.03 15.02 14.98 14.99 14.98 14.97 14.97 14.90 14.91 14.81 14.68 14.75 14.82 14.82 14.87 14.82 14.96 14.87 14.80 14.99 14.99 14.99 14.99 14.99 14.97 14.95 14.94 14.95 14.94 14.95 14.96 14.94 14.92 14.80 14.84 14.87 14.66 14.65 14.55 14.68 14.71 14.93 14.81 14.72 14.62 14.75 14.68 14.64 14.62 14.80 14.80 14.46 14.47 14.43 14.44 14.46 14.24 14.17 14.15 14.02 14.11 14.15 14.19 14.15 14.21 14.58 14.64 14.67
14.84 14.87 14.92 14.92 14.87 15.01 15.01 15.02 14.99 15.00 14.98 14.97 14.96 14.96 14.96 14.96 14.97 14.94 14.86 14.83 14.81 14.75 14.67 14.79 14.76 14.86 14.81 14.96 14.96 14.96 14.95 14.97 14.98 14.96 14.94 14.92 14.92 14.92 14.93 14.93 14.91 14.93 14.85 14.87 14.82 14.74 14.75 14.75 14.69 14.74 14.82 14.72 14.69 14.60 14.68 14.79 14.80 14.64 14.78 14.82 14.52 14.42 14.45 14.54 14.47 14.20 14.27 14.18 14.29 14.33 14.16 14.18 14.23 14.35 14.39 14.54 14.82
14.85 14.91 14.87 14.92 14.93 14.98 14.99 14.99 14.97 14.96 14.95 14.94 14.96 14.95 14.94 14.92 14.84 14.74 14.81 14.76 14.92 14.81 14.80 14.81 14.82 14.79 14.92 14.97 14.96 14.94 14.94 14.97 14.96 14.95 14.92 14.91 14.90 14.91 14.91 14.90 14.89 14.91 14.89 14.94 14.88 14.92 14.89 14.66 14.75 14.70 14.66 14.62 14.66 14.70 14.71 14.74 14.81 14.89 14.91 14.76 14.63 14.53 14.58 14.53 14.37 14.32 14.23 14.15 14.32 14.31 14.27 14.34 14.23 14.20 14.39 14.54 14.83
14.82 14.90 14.83 14.94 14.99 14.97 14.96 14.96 14.93 14.94 14.94 14.95 14.92 14.81 14.74 14.71 14.79 14.69 14.74 14.70 14.83 14.87 14.92 14.93 14.92 14.88 14.90 14.93 14.94 14.93 14.94 14.94 14.93 14.91 14.90 14.89 14.89 14.90 14.89 14.88 14.88 14.92 14.89 14.92 14.90 14.87 14.66 14.65 14.63 14.59 14.63 14.72 14.70 14.70 14.69 14.69 14.93 14.90 14.87 14.58 14.54 14.50 14.57 14.55 14.41 14.34 14.22 14.22 14.25 14.22 14.29 14.41 14.22 14.17 14.39 14.63 14.61
14.86 14.79 14.83 14.90 14.97 14.96 14.95 14.89 14.90 14.92 14.90 14.78 14.73 14.67 14.61 14.61 14.73 14.68 14.75 14.68 14.79 14.84 14.90 14.88 14.90 14.91 14.89 14.91 14.92 14.91 14.90 14.88 14.88 14.85 14.87 14.85 14.86 14.86 14.85 14.85 14.87 14.88 14.87 14.86 14.83 14.83 14.73 14.69 14.58 14.30 14.49 14.63 14.70 14.65 14.63 14.78 14.90 14.90 14.72 14.55 14.46 14.45 14.57 14.57 14.50 14.48 14.31 14.24 14.18 14.39 14.43 14.38 14.32 14.30 14.06 14.21 14.48
14.87 14.86 14.90 14.83 14.85 14.83 14.82 14.72 14.75 14.83 14.84 14.89 14.81 14.62 14.59 14.62 14.60 14.59 14.68 14.79 14.80 14.80 14.88 14.87 14.88 14.88 14.88 14.91 14.89 14.85 14.84 14.86 14.86 14.84 14.85 14.86 14.85 14.85 14.84 14.84 14.84 14.86 14.86 14.86 14.85 14.83 14.79 14.67 14.52 14.36 14.60 14.66 14.78 14.65 14.71 14.87 14.86 14.87 14.63 14.53 14.46 14.32 14.44 14.39 14.43 14.65 14.40 14.38 14.25 14.39 14.35 14.29 14.28 14.31 14.23 14.11 14.32
14.85 14.75 14.70 14.82 14.82 14.75 14.68 14.68 14.75 14.84 14.81 14.77 14.90 14.67 14.57 14.77 14.57 14.51 14.61 14.77 14.77 14.85 14.85 14.86 14.87 14.88 14.87 14.85 14.82 14.81 14.82 14.84 14.84 14.82 14.84 14.84 14.83 14.82 14.81 14.81 14.81 14.85 14.83 14.83 14.83 14.73 14.67 14.59 14.55 14.58 14.74 14.82 14.84 14.84 14.85 14.85 14.84 14.87 14.84 14.68 14.27 14.21 14.43 14.42 14.35 14.41 14.42 14.41 14.34 14.42 14.36 14.23 14.14 14.17 14.12 14.02 13.99
14.87 14.82 14.70 14.50 14.49 14.65 14.74 14.86 14.84 14.85 14.78 14.84 14.85 14.84 14.53 14.71 14.70 14.67 14.61 14.65 14.73 14.84 14.84 14.85 14.86 14.84 14.83 14.82 14.81 14.80 14.81 14.82 14.82 14.80 14.80 14.82 14.82 14.81 14.79 14.79 14.80 14.77 14.84 14.82 14.77 14.59 14.53 14.50 14.51 14.54 14.76 14.75 14.71 14.75 14.80 14.81 14.82 14.84 14.85 14.64 14.27 14.29 14.44 14.40 14.38 14.37 14.40 14.49 14.43 14.43 14.38 14.31 14.12 14.35 14.24 14.25 14.04
