BOM_solar_grid_data_201906/2019060920190609.grid
ncols 839
nrows 679
xllcenter 112.0500
yllcenter -43.9500
cellsize 0.0500
nodata_value 99999.90
[rows 70 to 104 of 679, columns 231 to 307 of 839]
99999.90 99999.90 99999.90 99999.90 99999.90 99999.90 99999.90 99999.90 99999.90 99999.90 99999.90 99999.90 99999.90 99999.90 99999.90 99999.90 99999.90 99999.90 99999.90 99999.90 99999.90 99999.90 99999.90 99999.90 99999.90 99999.90 99999.90 99999.90 99999.90 99999.90 99999.90 99999.90 99999.90 99999.90 99999.90 99999.90 99999.90 99999.90 19.66 19.66 19.70 19.70 19.70 19.70 19.70 19.70 19.70 19.70 19.70 19.70 19.70 19.70 19.70 19.70 19.70 19.70 19.69 19.69 19.69 19.69 19.69 19.69 19.69 19.69 19.69 19.69 19.33 19.47 19.47 19.47 19.47 19.47 19.47 19.47 19.53 19.19 19.19
99999.90 99999.90 99999.90 99999.90 99999.90 99999.90 99999.90 99999.90 99999.90 99999.90 99999.90 99999.90 99999.90 99999.90 99999.90 99999.90 99999.90 99999.90 99999.90 99999.90 99999.90 99999.90 99999.90 99999.90 99999.90 99999.90 99999.90 99999.90 99999.90 99999.90 99999.90 99999.90 99999.90 99999.90 99999.90 99999.90 99999.90 99999.90 19.66 19.66 19.66 19.70 19.70 19.70 19.70 19.70 19.70 19.70 19.70 19.70 19.70 19.70 19.70 19.70 19.70 19.70 19.69 19.69 19.69 19.69 19.69 19.69 19.69 19.69 19.69 19.69 19.33 19.47 19.47 19.47 19.47 19.47 19.47 19.53 19.53 19.19 19.19
99999.90 99999.90 99999.90 99999.90 99999.90 99999.90 99999.90 99999.90 99999.90 99999.90 99999.90 99999.90 99999.90 99999.90 99999.90 99999.90 99999.90 99999.90 99999.90 99999.90 99999.90 99999.90 99999.90 99999.90 99999.90 99999.90 99999.90 99999.90 99999.90 99999.90 99999.90 99999.90 99999.90 99999.90 99999.90 99999.90 99999.90 99999.90 19.66 19.66 19.66 19.66 19.70 19.70 19.70 19.70 19.70 19.70 19.70 19.70 19.70 19.70 19.70 19.70 19.70 19.70 19.67 19.69 19.69 19.69 19.69 19.69 19.69 19.69 19.69 19.69 19.33 19.47 19.47 19.47 19.47 19.47 19.66 19.53 19.53 19.19 19.19
99999.90 99999.90 99999.90 99999.90 99999.90 99999.90 99999.90 99999.90 99999.90 99999.90 99999.90 99999.90 99999.90 99999.90 99999.90 99999.90 99999.90 99999.90 99999.90 99999.90 99999.90 99999.90 99999.90 99999.90 99999.90 99999.90 99999.90 99999.90 99999.90 99999.90 99999.90 99999.90 99999.90 99999.90 99999.90 99999.90 99999.90 99999.90 19.66 19.66 19.66 19.66 19.66 19.70 19.70 19.70 19.70 19.70 19.70 19.70 19.70 19.70 19.70 19.70 19.70 19.70 19.67 19.66 19.69 19.69 19.69 19.69 19.69 19.69 19.69 19.69 19.33 19.47 19.47 19.47 19.47 19.66 19.66 19.53 19.53 19.19 19.19
99999.90 99999.90 99999.90 99999.90 99999.90 99999.90 99999.90 99999.90 99999.90 99999.90 99999.90 99999.90 99999.90 99999.90 99999.90 99999.90 99999.90 99999.90 99999.90 99999.90 99999.90 99999.90 99999.90 99999.90 99999.90 99999.90 99999.90 99999.90 99999.90 99999.90 99999.90 99999.90 99999.90 99999.90 99999.90 99999.90 99999.90 99999.90 19.66 19.66 19.66 19.66 19.66 19.66 19.70 19.70 19.70 19.70 19.70 19.70 19.70 19.70 19.70 19.70 19.70 19.67 19.67 19.66 19.69 19.69 19.69 19.69 19.69 19.69 19.69 19.69 19.33 19.47 19.47 19.47 19.66 19.66 19.53 19.53 19.53 19.19 19.19
99999.90 99999.90 99999.90 99999.90 99999.90 99999.90 99999.90 99999.90 99999.90 99999.90 99999.90 99999.90 99999.90 99999.90 99999.90 99999.90 99999.90 99999.90 99999.90 99999.90 99999.90 99999.90 99999.90 99999.90 99999.90 99999.90 99999.90 99999.90 99999.90 99999.90 19.51 19.51 19.51 19.51 19.51 19.51 19.51 19.51 19.51 19.51 19.66 19.66 19.66 19.66 19.66 19.70 19.70 19.70 19.70 19.70 19.70 19.70 19.70 19.70 19.70 19.67 19.67 19.66 19.66 19.69 19.69 19.69 19.69 19.69 19.69 19.69 19.33 19.47 19.47 19.66 19.66 19.82 19.53 19.53 19.53 19.19 19.19
99999.90 99999.90 99999.90 99999.90 99999.90 99999.90 99999.90 99999.90 99999.90 99999.90 99999.90 99999.90 99999.90 99999.90 99999.90 99999.90 99999.90 99999.90 99999.90 99999.90 99999.90 99999.90 99999.90 99999.90 99999.90 99999.90 99999.90 99999.90 99999.90 99999.90 19.51 19.51 19.51 19.51 19.51 19.51 19.51 19.51 19.51 19.51 19.66 19.66 19.66 19.66 19.66 19.66 19.70 19.70 19.70 19.70 19.70 19.70 19.70 19.70 19.70 19.67 19.67 19.66 19.66 19.66 19.62 19.62 19.62 19.62 19.62 19.58 19.59 19.53 19.66 19.66 19.82 19.82 19.53 19.53 19.53 19.19 19.19
99999.90 99999.90 99999.90 99999.90 99999.90 99999.90 99999.90 99999.90 99999.90 99999.90 99999.90 99999.90 99999.90 99999.90 99999.90 99999.90 99999.90 99999.90 99999.90 99999.90 99999.90 99999.90 99999.90 99999.90 99999.90 99999.90 99999.90 99999.90 99999.90 99999.90 19.51 19.51 19.51 19.51 19.51 19.51 19.51 19.51 19.51 19.51 19.51 19.66 19.66 19.66 19.66 19.66 19.66 19.70 19.70 19.70 19.70 19.70 19.70 19.70 19.67 19.67 19.67 19.66 19.66 19.66 19.62 19.62 19.62 19.62 19.62 19.69 19.69 19.64 19.60 19.82 19.82 19.82 19.53 19.53 19.53 19.19 19.19
99999.90 99999.90 99999.90 99999.90 99999.90 99999.90 99999.90 99999.90 99999.90 99999.90 99999.90 99999.90 99999.90 99999.90 99999.90 99999.90 99999.90 99999.90 99999.90 99999.90 99999.90 99999.90 99999.90 99999.90 99999.90 99999.90 99999.90 99999.90 99999.90 99999.90 19.51 19.51 19.51 19.51 19.51 19.51 19.51 19.51 19.51 19.51 19.51 19.54 19.66 19.66 19.66 19.66 19.66 19.66 19.70 19.70 19.70 19.70 19.70 19.62 19.67 19.67 19.67 19.66 19.66 19.66 19.66 19.69 19.78 19.78 19.72 19.72 19.82 19.71 19.62 19.79 19.79 18.81 19.53 19.53 19.53 19.19 19.19
99999.90 99999.90 99999.90 99999.90 99999.90 99999.90 99999.90 99999.90 99999.90 99999.90 99999.90 99999.90 99999.90 99999.90 99999.90 99999.90 99999.90 99999.90 99999.90 99999.90 99999.90 19.50 19.50 19.50 19.50 19.50 19.50 19.50 19.50 19.50 19.50 19.50 19.51 19.51 19.51 19.51 19.51 19.51 19.51 19.51 19.51 19.54 19.66 19.66 19.66 19.66 19.66 19.66 19.66 19.66 19.70 19.62 19.62 19.62 19.67 19.67 19.67 19.66 19.66 19.66 19.66 19.69 19.69 19.78 19.78 19.78 19.76 19.62 19.51 19.41 18.99 18.81 18.70 19.00 18.98 18.92 19.03
99999.90 99999.90 99999.90 99999.90 99999.90 99999.90 99999.90 99999.90 99999.90 99999.90 99999.90 99999.90 99999.90 99999.90 99999.90 99999.90 99999.90 99999.90 99999.90 99999.90 99999.90 19.50 19.50 19.50 19.50 19.50 19.50 19.50 19.50 19.50 19.50 19.50 19.50 19.51 19.51 19.51 19.51 19.51 19.51 19.51 19.51 19.54 19.54 19.66 19.66 19.66 19.66 19.66 19.66 19.66 19.64 19.62 19.62 19.62 19.67 19.67 19.67 19.66 19.66 19.66 19.60 19.69 19.69 19.69 19.65 19.55 19.53 19.48 19.24 19.26 19.28 19.34 19.38 19.29 19.39 19.29 19.32
99999.90 99999.90 99999.90 99999.90 99999.90 99999.90 99999.90 99999.90 99999.90 99999.90 99999.90 99999.90 99999.90 99999.90 99999.90 99999.90 99999.90 99999.90 99999.90 99999.90 19.41 19.50 19.50 19.50 19.50 19.50 19.50 19.50 19.50 19.50 19.50 19.50 19.50 19.51 19.51 19.51 19.51 19.51 19.51 19.51 19.51 19.54 19.54 19.54 19.66 19.66 19.66 19.66 19.66 19.66 19.64 19.60 19.60 19.60 19.67 19.67 19.59 19.65 19.65 19.65 19.60 19.60 19.50 19.50 19.44 19.48 19.33 19.42 19.18 19.16 19.14 19.41 19.37 19.41 19.30 19.14 18.92
99999.90 99999.90 99999.90 99999.90 99999.90 99999.90 99999.90 99999.90 99999.90 99999.90 99999.90 99999.90 99999.90 99999.90 99999.90 99999.90 99999.90 99999.90 99999.90 99999.90 19.41 19.50 19.50 19.50 19.50 19.50 19.50 19.50 19.50 19.50 19.50 19.50 19.50 19.50 19.51 19.51 19.51 19.51 19.51 19.51 19.51 19.54 19.54 19.54 19.54 19.66 19.66 19.66 19.66 19.66 19.60 19.60 19.64 19.64 19.64 19.64 19.64 19.60 19.60 19.59 19.64 19.60 19.60 19.52 19.54 19.49 19.34 19.39 19.31 19.20 19.28 19.31 19.50 19.36 19.16 18.95 18.98
99999.90 99999.90 99999.90 99999.90 99999.90 99999.90 99999.90 99999.90 99999.90 99999.90 99999.90 99999.90 99999.90 99999.90 99999.90 99999.90 99999.90 99999.90 99999.90 99999.90 19.41 19.50 19.50 19.50 19.50 19.50 19.50 19.50 19.50 19.50 19.50 19.50 19.50 19.50 19.51 19.51 19.51 19.51 19.51 19.51 19.51 19.54 19.54 19.54 19.54 19.66 19.66 19.66 19.66 19.66 19.63 19.63 19.64 19.64 19.61 19.61 19.59 19.59 19.59 19.59 19.64 19.64 19.44 19.49 19.49 19.43 19.48 19.43 19.19 19.13 19.28 19.33 19.33 19.14 18.99 18.91 18.72
99999.90 99999.90 99999.90 99999.90 99999.90 99999.90 99999.90 99999.90 99999.90 99999.90 99999.90 99999.90 99999.90 99999.90 99999.90 99999.90 99999.90 99999.90 99999.90 99999.90 19.41 19.50 19.50 19.50 19.50 19.50 19.50 19.50 19.50 19.50 19.50 19.50 19.50 19.50 19.50 19.51 19.51 19.51 19.51 19.51 19.51 19.54 19.54 19.54 19.54 19.54 19.53 19.66 19.66 19.66 19.66 19.62 19.64 19.64 19.58 19.52 19.59 19.44 19.47 19.55 19.64 19.63 19.56 19.45 19.37 19.51 19.48 19.34 19.43 19.40 19.44 19.40 19.37 19.27 19.28 19.24 19.09
99999.90 99999.90 99999.90 99999.90 99999.90 99999.90 99999.90 99999.90 99999.90 99999.90 99999.90 99999.90 99999.90 99999.90 99999.90 99999.90 99999.90 99999.90 99999.90 99999.90 19.41 19.50 19.50 19.50 19.50 19.50 19.50 19.50 19.50 19.50 19.50 19.50 19.50 19.50 19.50 19.51 19.51 19.51 19.51 19.51 19.51 19.54 19.54 19.54 19.54 19.53 19.53 19.53 19.61 19.61 19.61 19.58 19.59 19.53 19.50 19.50 19.47 19.48 19.49 19.50 19.58 19.56 19.42 19.27 19.37 19.32 19.37 19.44 19.44 19.49 19.47 19.44 19.37 19.41 19.34 19.41 19.38
99999.90 99999.90 99999.90 99999.90 99999.90 99999.90 99999.90 99999.90 99999.90 99999.90 99999.90 99999.90 99999.90 99999.90 99999.90 99999.90 99999.90 99999.90 99999.90 99999.90 19.41 19.41 19.41 19.50 19.50 19.50 19.50 19.50 19.50 19.50 19.50 19.50 19.50 19.50 19.50 19.55 19.55 19.55 19.55 19.55 19.55 19.54 19.54 19.54 19.33 19.53 19.53 19.53 19.53 19.61 19.61 19.55 19.49 19.50 19.54 19.51 19.47 19.48 19.41 19.42 19.51 19.44 19.40 19.39 19.39 19.43 19.33 19.38 19.40 19.47 19.49 19.45 19.44 19.36 19.23 19.09 19.22
99999.90 99999.90 99999.90 99999.90 99999.90 99999.90 99999.90 99999.90 99999.90 99999.90 99999.90 99999.90 99999.90 99999.90 99999.90 99999.90 99999.90 99999.90 99999.90 99999.90 19.41 19.41 19.41 19.41 19.41 19.50 19.50 19.50 19.50 19.50 19.50 19.50 19.50 19.50 19.50 19.55 19.55 19.55 19.55 19.55 19.55 19.58 19.58 19.56 19.33 19.33 19.53 19.53 19.53 19.57 19.54 19.51 19.51 19.50 19.51 19.46 19.48 19.47 19.51 19.52 19.59 19.46 19.40 19.35 19.39 19.43 19.44 19.34 19.50 19.47 19.55 19.44 19.42 19.41 19.31 19.34 19.34
99999.90 99999.90 99999.90 99999.90 99999.90 99999.90 99999.90 99999.90 99999.90 99999.90 99999.90 99999.90 99999.90 99999.90 99999.90 99999.90 99999.90 99999.90 99999.90 99999.90 19.41 19.41 19.41 19.41 19.41 19.41 19.41 19.50 19.50 19.50 19.50 19.50 19.50 19.50 19.52 19.55 19.55 19.55 19.55 19.58 19.58 19.58 19.58 19.56 19.33 19.33 19.53 19.53 19.53 19.55 19.49 19.48 19.48 19.48 19.51 19.49 19.51 19.46 19.50 19.52 19.56 19.51 19.43 19.39 19.41 19.43 19.40 19.41 19.51 19.50 19.50 19.51 19.53 19.47 19.46 19.37 19.48
99999.90 99999.90 99999.90 99999.90 99999.90 99999.90 99999.90 99999.90 99999.90 99999.90 99999.90 99999.90 99999.90 99999.90 99999.90 99999.90 99999.90 99999.90 99999.90 99999.90 19.41 19.41 19.41 19.41 19.41 19.41 19.41 19.41 19.41 19.50 19.50 19.50 19.50 19.50 19.52 19.55 19.55 19.55 19.55 19.55 19.52 19.52 19.52 19.56 19.33 19.33 19.53 19.53 19.53 19.53 19.47 19.47 19.46 19.45 19.48 19.49 19.53 19.50 19.52 19.52 19.47 19.44 19.43 19.38 19.31 19.37 19.33 19.48 19.51 19.54 19.52 19.48 19.45 19.45 19.44 19.41 19.47
99999.90 99999.90 99999.90 99999.90 99999.90 99999.90 99999.90 99999.90 99999.90 99999.90 99999.90 99999.90 99999.90 99999.90 99999.90 99999.90 99999.90 99999.90 99999.90 19.23 19.41 19.41 19.41 19.41 19.41 19.41 19.41 19.41 19.41 19.41 19.44 19.44 19.44 19.52 19.52 19.55 19.55 19.55 19.55 19.55 19.47 19.49 19.48 19.34 19.13 19.13 19.53 19.53 19.53 19.40 19.51 19.40 19.42 19.42 19.45 19.48 19.48 19.52 19.48 19.48 19.38 19.42 19.42 19.41 19.29 19.33 19.33 19.44 19.42 19.49 19.42 19.46 19.44 19.49 19.48 19.49 19.52
99999.90 99999.90 99999.90 99999.90 99999.90 99999.90 99999.90 99999.90 99999.90 99999.90 99999.90 99999.90 99999.90 99999.90 99999.90 99999.90 99999.90 99999.90 99999.90 19.23 19.41 19.41 19.41 19.41 19.41 19.41 19.41 19.41 19.41 19.41 19.41 19.43 19.43 19.52 19.52 19.55 19.55 19.48 19.48 19.46 19.43 19.49 19.46 19.26 19.29 19.29 19.46 19.46 19.47 19.41 19.46 19.41 19.42 19.41 19.46 19.48 19.54 19.54 19.45 19.32 19.29 19.40 19.38 19.31 19.30 19.34 19.34 19.41 19.34 19.44 19.49 19.36 19.47 19.50 19.48 19.50 19.46
99999.90 99999.90 99999.90 99999.90 99999.90 99999.90 99999.90 99999.90 99999.90 99999.90 99999.90 99999.90 99999.90 99999.90 99999.90 99999.90 19.25 19.25 19.25 19.25 19.41 19.41 19.41 19.41 19.41 19.41 19.41 19.41 19.41 19.41 19.41 19.43 19.43 19.41 19.41 19.43 19.47 19.48 19.44 19.40 19.34 19.39 19.34 18.99 19.29 19.28 19.28 19.45 19.42 19.42 19.41 19.45 19.46 19.42 19.46 19.42 19.47 19.54 19.48 19.37 19.32 19.32 19.28 19.28 19.28 19.32 19.40 19.47 19.48 19.40 19.32 19.34 19.33 19.40 19.39 19.43 19.47
99999.90 99999.90 99999.90 99999.90 99999.90 99999.90 99999.90 99999.90 99999.90 99999.90 99999.90 99999.90 99999.90 99999.90 99999.90 99999.90 19.25 19.25 19.25 19.25 19.41 19.41 19.41 19.41 19.41 19.41 19.41 19.41 19.41 19.41 19.38 19.38 19.31 19.31 19.37 19.39 19.36 19.41 19.44 19.40 19.38 19.39 19.34 19.13 19.26 19.26 19.31 19.38 19.36 19.40 19.40 19.44 19.40 19.46 19.46 19.41 19.34 19.49 19.48 19.34 19.36 19.47 19.45 19.28 19.27 19.41 19.49 19.45 19.39 19.38 19.27 19.30 19.28 19.47 19.45 19.41 19.41
99999.90 99999.90 99999.90 99999.90 99999.90 99999.90 99999.90 99999.90 99999.90 99999.90 99999.90 99999.90 99999.90 99999.90 99999.90 99999.90 19.25 19.25 19.25 19.25 19.25 19.25 19.41 19.41 19.41 19.41 19.41 19.38 19.38 19.38 19.38 19.38 19.41 19.36 19.37 19.37 19.36 19.37 19.40 19.41 19.32 19.37 19.39 19.20 19.03 19.09 19.17 19.27 19.37 19.35 19.39 19.37 19.40 19.44 19.39 19.43 19.33 19.29 19.31 19.43 19.35 19.43 19.37 19.32 19.34 19.43 19.44 19.33 19.36 19.41 19.38 19.39 19.43 19.26 19.36 19.37 19.45
99999.90 99999.90 99999.90 99999.90 99999.90 99999.90 99999.90 99999.90 99999.90 99999.90 99999.90 99999.90 19.16 19.16 19.16 19.16 19.16 19.16 19.25 19.25 19.25 19.25 19.25 19.25 19.38 19.38 19.38 19.38 19.38 19.38 19.38 19.38 19.37 19.35 19.37 19.37 19.32 19.18 19.36 19.35 19.36 19.37 19.31 19.02 19.13 18.75 19.20 19.23 19.36 19.34 19.35 19.33 19.45 19.43 19.37 19.31 19.25 19.29 19.35 19.34 19.36 19.33 19.33 19.36 19.32 19.42 19.44 19.29 19.34 19.41 19.37 19.41 19.41 19.41 19.33 19.41 19.38
99999.90 99999.90 99999.90 99999.90 99999.90 99999.90 99999.90 99999.90 19.16 19.16 19.16 19.16 19.16 19.16 19.16 19.16 19.16 19.16 19.16 19.25 19.25 19.25 19.25 19.25 19.25 19.23 19.23 19.38 19.38 19.38 19.38 19.37 19.37 19.35 19.40 19.36 19.30 18.93 19.19 19.24 19.31 19.29 19.25 18.67 19.14 18.96 19.05 19.13 19.34 19.34 19.27 19.36 19.41 19.38 19.32 19.33 19.29 19.28 19.38 19.36 19.35 19.34 19.33 19.33 19.32 19.40 19.30 19.30 19.24 19.18 19.33 19.35 19.33 19.24 19.29 19.27 19.40
99999.90 99999.90 99999.90 99999.90 99999.90 99999.90 99999.90 99999.90 19.16 19.16 19.16 19.16 19.16 19.16 19.16 19.16 19.16 19.16 19.16 19.16 19.25 19.25 19.25 19.25 19.25 19.23 19.23 19.23 19.23 19.23 19.37 19.37 19.29 19.29 19.40 19.31 19.30 19.04 19.02 19.15 19.14 19.27 19.17 18.87 19.12 18.54 18.66 19.02 19.30 19.29 19.22 19.32 19.34 19.32 19.27 19.32 19.32 19.32 19.34 19.33 19.30 19.35 19.39 19.33 19.28 19.36 19.33 19.23 19.28 19.25 19.29 19.28 19.30 19.29 19.17 19.37 19.33
99999.90 99999.90 99999.90 99999.90 99999.90 99999.90 99999.90 99999.90 19.16 19.16 19.16 19.16 19.16 19.16 19.16 19.16 19.16 19.16 19.16 19.16 19.25 19.25 19.25 19.25 19.25 19.25 19.23 19.23 19.23 19.23 19.23 19.29 19.29 19.29 19.34 19.35 19.31 19.31 18.95 18.97 18.79 19.25 19.13 18.74 19.11 18.52 18.98 19.16 19.27 19.13 19.14 19.34 19.33 19.29 19.17 19.30 19.33 19.35 19.32 19.31 19.31 19.40 19.38 19.37 19.36 19.34 19.33 19.30 19.31 19.32 19.29 19.27 19.31 19.11 19.29 19.29 19.28
99999.90 99999.90 99999.90 99999.90 99999.90 99999.90 99999.90 99999.90 19.16 19.16 19.16 19.16 19.16 19.16 19.16 19.16 19.16 19.16 19.16 19.16 19.16 19.25 19.25 19.25 19.25 19.25 19.25 19.23 19.23 19.23 19.23 19.29 19.29 19.29 19.34 19.35 19.33 19.32 19.28 19.11 18.95 19.21 18.98 18.44 18.64 18.55 18.87 19.09 19.26 18.93 19.26 19.35 19.32 19.29 19.29 19.32 19.30 19.32 19.28 19.28 19.33 19.36 19.33 19.39 19.34 19.34 19.35 19.32 19.33 19.36 19.25 19.29 19.28 19.28 19.31 19.26 19.00
99999.90 99999.90 99999.90 99999.90 99999.90 99999.90 99999.90 19.10 19.16 19.16 19.16 19.16 19.16 19.16 19.16 19.16 19.16 19.16 19.16 19.16 19.16 19.16 19.25 19.25 19.25 19.25 19.25 19.23 19.23 19.23 19.23 19.21 19.27 19.27 19.34 19.33 19.33 19.32 19.24 18.93 18.92 18.92 18.74 18.66 19.10 19.24 19.24 19.15 19.08 19.24 19.31 19.32 19.30 19.33 19.38 19.34 19.34 19.33 19.30 19.27 19.28 19.33 19.33 19.36 19.31 19.33 19.31 19.29 19.31 19.30 19.29 19.31 19.31 19.25 18.98 18.92 18.95
99999.90 99999.90 99999.90 99999.90 99999.90 99999.90 99999.90 19.10 19.16 19.16 19.16 19.16 19.16 19.16 19.16 19.16 19.16 19.16 19.16 19.16 19.16 19.16 19.16 19.25 19.25 19.25 19.25 19.27 19.25 19.25 19.21 19.21 19.27 19.27 19.29 19.26 19.26 19.24 19.29 19.19 19.00 18.76 18.69 18.86 18.92 19.06 19.11 19.08 19.14 19.27 19.27 19.18 19.27 19.28 19.25 19.25 19.34 19.35 19.25 19.22 19.27 19.27 19.30 19.19 19.26 19.28 19.26 19.28 19.28 19.29 19.27 19.29 19.27 19.22 19.18 19.16 19.13
99999.90 99999.90 99999.90 99999.90 99999.90 99999.90 99999.90 19.10 19.16 19.16 19.16 19.16 19.16 19.16 19.16 19.16 19.16 19.16 19.16 19.23 19.16 19.16 19.16 19.25 19.25 19.25 19.25 19.27 19.22 19.24 19.23 19.23 19.30 19.29 19.29 19.22 19.26 19.10 19.16 19.24 19.23 18.91 19.08 18.80 19.00 19.16 19.21 19.19 19.30 19.33 19.24 19.24 19.24 19.24 19.20 19.29 19.36 19.31 19.21 19.20 19.18 19.19 19.25 19.30 19.27 19.24 19.25 19.21 19.23 19.25 19.29 19.28 19.27 19.27 19.28 19.25 19.25
99999.90 99999.90 99999.90 99999.90 99999.90 99999.90 18.97 19.10 19.16 19.16 19.16 19.16 19.16 19.16 19.16 19.16 19.16 19.16 19.16 19.23 19.16 19.16 19.16 19.16 19.25 19.25 19.25 19.27 19.22 19.20 19.21 19.26 19.26 19.28 19.27 19.22 19.21 19.23 19.19 19.22 19.22 19.09 19.10 18.80 18.95 19.11 19.16 19.29 19.33 19.16 19.14 19.19 19.21 19.19 19.18 19.16 19.30 19.23 19.18 19.10 19.15 19.21 19.27 19.28 19.23 19.25 19.23 19.24 19.24 19.30 19.29 19.29 19.30 19.26 19.27 19.25 19.27
99999.90 99999.90 99999.90 99999.90 99999.90 99999.90 18.97 19.10 19.16 19.16 19.16 19.16 19.16 19.16 19.16 19.16 19.16 19.16 19.16 19.23 19.16 19.16 19.16 19.16 19.19 19.25 19.25 19.23 19.20 18.98 19.16 19.19 19.24 19.26 19.24 19.23 19.24 19.24 19.22 19.21 19.22 19.08 18.81 18.85 18.79 19.03 19.10 19.14 19.15 19.19 19.14 19.21 19.20 19.22 19.19 19.18 19.14 19.12 19.14 19.14 19.14 19.12 19.20 19.21 19.22 19.19 19.23 19.25 19.27 19.29 19.27 19.26 19.26 19.24 19.24 19.23 19.25
