BOM_solar_grid_data_201906/2019061620190616.grid
ncols 839
nrows 679
xllcenter 112.0500
yllcenter -43.9500
cellsize 0.0500
nodata_value 99999.90
[rows 170 to 203 of 679, columns 154 to 230 of 839]
99999.90 99999.90 99999.90 99999.90 99999.90 99999.90 99999.90 99999.90 99999.90 99999.90 99999.90 99999.90 99999.90 99999.90 99999.90 99999.90 99999.90 99999.90 99999.90 99999.90 99999.90 99999.90 99999.90 99999.90 99999.90 99999.90 17.14 17.56 17.42 17.42 17.42 17.42 17.42 17.42 17.42 17.42 17.42 17.51 17.51 17.51 17.51 17.51 17.57 17.57 17.57 17.64 17.70 17.66 17.59 17.60 17.62 17.65 17.66 17.61 17.56 17.63 17.57 17.56 17.62 17.66 17.51 17.51 17.55 17.59 17.56 17.56 17.54 17.62 17.54 17.63 17.70 17.73 17.74 17.72 17.72 17.71 17.69
99999.90 99999.90 99999.90 99999.90 99999.90 99999.90 99999.90 99999.90 99999.90 99999.90 99999.90 99999.90 99999.90 99999.90 99999.90 99999.90 99999.90 99999.90 99999.90 99999.90 99999.90 99999.90 99999.90 99999.90 99999.90 99999.90 17.14 17.56 17.42 17.42 17.42 17.42 17.42 17.42 17.42 17.42 17.42 17.42 17.43 17.50 17.50 17.50 17.57 17.49 17.56 17.68 17.66 17.69 17.71 17.68 17.69 17.67 17.64 17.52 17.51 17.60 17.58 17.54 17.52 17.55 17.53 17.45 17.50 17.47 17.48 17.55 17.53 17.60 17.58 17.58 17.61 17.65 17.67 17.67 17.69 17.67 17.65
99999.90 99999.90 99999.90 99999.90 99999.90 99999.90 99999.90 99999.90 99999.90 99999.90 99999.90 99999.90 99999.90 99999.90 99999.90 99999.90 99999.90 99999.90 99999.90 99999.90 99999.90 99999.90 99999.90 99999.90 99999.90 16.99 17.14 17.56 17.42 17.42 17.42 17.42 17.42 17.42 17.42 17.42 17.42 17.42 17.42 17.43 17.48 17.48 17.44 17.55 17.56 17.59 17.62 17.62 17.65 17.70 17.72 17.71 17.67 17.49 17.50 17.59 17.62 17.56 17.58 17.53 17.60 17.49 17.46 17.46 17.51 17.54 17.46 17.53 17.63 17.57 17.53 17.56 17.58 17.64 17.60 17.64 17.63
99999.90 99999.90 99999.90 99999.90 99999.90 99999.90 99999.90 99999.90 99999.90 99999.90 99999.90 99999.90 99999.90 99999.90 99999.90 99999.90 99999.90 99999.90 99999.90 99999.90 99999.90 99999.90 99999.90 99999.90 17.17 16.99 17.14 17.56 17.42 17.42 17.42 17.42 17.42 17.42 17.42 17.42 17.42 17.42 17.42 17.43 17.43 17.57 17.61 17.57 17.56 17.57 17.54 17.57 17.55 17.61 17.61 17.63 17.63 17.57 17.55 17.59 17.62 17.58 17.53 17.54 17.53 17.48 17.50 17.44 17.55 17.53 17.43 17.55 17.66 17.56 17.52 17.53 17.60 17.51 17.59 17.55 17.59
99999.90 99999.90 99999.90 99999.90 99999.90 99999.90 99999.90 99999.90 99999.90 99999.90 99999.90 99999.90 99999.90 99999.90 99999.90 99999.90 99999.90 99999.90 99999.90 99999.90 99999.90 99999.90 99999.90 99999.90 17.17 17.17 17.14 17.56 17.56 17.56 17.42 17.42 17.42 17.42 17.42 17.42 17.42 17.42 17.42 17.47 17.52 17.51 17.58 17.53 17.54 17.48 17.43 17.52 17.42 17.50 17.58 17.59 17.53 17.51 17.55 17.61 17.56 17.55 17.50 17.37 17.48 17.50 17.57 17.51 17.47 17.57 17.51 17.58 17.60 17.51 17.53 17.58 17.69 17.57 17.52 17.47 17.52
99999.90 99999.90 99999.90 99999.90 99999.90 99999.90 99999.90 99999.90 99999.90 99999.90 99999.90 99999.90 99999.90 99999.90 99999.90 99999.90 99999.90 99999.90 99999.90 99999.90 99999.90 99999.90 99999.90 16.91 17.17 17.17 17.14 17.14 17.14 17.56 17.56 17.56 17.56 17.56 17.42 17.42 17.42 17.42 17.42 17.50 17.50 17.52 17.52 17.43 17.40 17.39 17.46 17.44 17.43 17.53 17.48 17.51 17.53 17.53 17.55 17.54 17.53 17.47 17.48 17.54 17.60 17.52 17.55 17.59 17.64 17.62 17.54 17.61 17.58 17.62 17.62 17.68 17.65 17.66 17.64 17.63 17.61
99999.90 99999.90 99999.90 99999.90 99999.90 99999.90 99999.90 99999.90 99999.90 99999.90 99999.90 99999.90 99999.90 99999.90 99999.90 99999.90 99999.90 99999.90 99999.90 99999.90 99999.90 99999.90 16.95 16.91 17.17 17.17 17.17 17.14 17.14 17.14 17.14 17.56 17.56 17.56 17.56 17.56 17.38 17.38 17.38 17.52 17.50 17.53 17.51 17.47 17.45 17.37 17.34 17.50 17.48 17.53 17.59 17.58 17.59 17.57 17.56 17.61 17.54 17.48 17.59 17.62 17.61 17.55 17.62 17.61 17.63 17.57 17.61 17.63 17.58 17.63 17.63 17.64 17.65 17.66 17.67 17.66 17.63
99999.90 99999.90 99999.90 99999.90 99999.90 99999.90 99999.90 99999.90 99999.90 99999.90 99999.90 99999.90 99999.90 99999.90 99999.90 99999.90 99999.90 99999.90 99999.90 99999.90 99999.90 17.02 16.95 16.95 17.17 17.17 17.17 17.17 17.17 17.14 17.14 17.14 17.14 17.56 17.56 17.56 17.56 17.52 17.52 17.52 17.51 17.50 17.52 17.46 17.38 17.39 17.39 17.49 17.54 17.59 17.59 17.56 17.56 17.53 17.51 17.54 17.50 17.49 17.52 17.53 17.44 17.51 17.54 17.56 17.57 17.63 17.63 17.64 17.61 17.61 17.59 17.60 17.61 17.66 17.68 17.65 17.63
99999.90 99999.90 99999.90 99999.90 99999.90 99999.90 99999.90 99999.90 99999.90 99999.90 99999.90 99999.90 99999.90 99999.90 99999.90 99999.90 99999.90 99999.90 99999.90 99999.90 17.01 17.02 17.02 16.95 17.17 17.17 17.17 17.17 17.17 17.17 17.14 17.14 17.14 17.14 17.14 17.56 17.56 17.56 17.61 17.53 17.50 17.43 17.31 17.30 17.35 17.41 17.44 17.44 17.52 17.57 17.56 17.57 17.50 17.45 17.56 17.54 17.53 17.53 17.54 17.49 17.55 17.50 17.51 17.55 17.56 17.59 17.59 17.63 17.61 17.63 17.57 17.61 17.59 17.62 17.63 17.63 17.63
99999.90 99999.90 99999.90 99999.90 99999.90 99999.90 99999.90 99999.90 99999.90 99999.90 99999.90 99999.90 99999.90 99999.90 99999.90 99999.90 99999.90 99999.90 99999.90 17.11 17.01 17.01 17.02 17.02 16.95 17.17 17.17 17.17 17.17 17.17 17.17 16.99 17.14 17.14 17.14 17.14 17.49 17.49 17.58 17.58 17.51 17.47 17.35 17.30 17.31 17.44 17.50 17.47 17.45 17.54 17.53 17.50 17.47 17.48 17.56 17.54 17.52 17.55 17.55 17.53 17.47 17.52 17.58 17.56 17.56 17.60 17.57 17.59 17.58 17.62 17.56 17.60 17.56 17.58 17.57 17.60 17.61
99999.90 99999.90 99999.90 99999.90 99999.90 99999.90 99999.90 99999.90 99999.90 99999.90 99999.90 99999.90 99999.90 99999.90 99999.90 99999.90 99999.90 99999.90 17.16 17.11 17.11 17.01 17.01 17.02 17.02 16.95 16.95 17.17 17.17 17.17 17.17 17.17 16.99 16.99 17.14 17.14 17.14 17.32 17.39 17.43 17.44 17.40 17.37 17.34 17.32 17.43 17.45 17.40 17.50 17.51 17.51 17.51 17.51 17.53 17.46 17.48 17.48 17.46 17.50 17.50 17.48 17.54 17.54 17.56 17.55 17.56 17.56 17.55 17.55 17.55 17.47 17.55 17.54 17.53 17.56 17.57 17.58
99999.90 99999.90 99999.90 99999.90 99999.90 99999.90 99999.90 99999.90 99999.90 99999.90 99999.90 99999.90 99999.90 99999.90 99999.90 99999.90 17.04 17.04 17.04 17.04 17.04 17.04 17.01 17.01 17.02 17.02 16.95 16.95 17.17 17.17 17.17 17.17 17.17 16.99 16.99 17.11 17.11 17.36 17.31 17.40 17.41 17.37 17.31 17.34 17.38 17.42 17.36 17.34 17.44 17.50 17.46 17.44 17.43 17.43 17.46 17.51 17.42 17.35 17.44 17.43 17.51 17.50 17.50 17.52 17.47 17.53 17.52 17.56 17.49 17.45 17.44 17.49 17.48 17.50 17.55 17.58 17.60
99999.90 99999.90 99999.90 99999.90 99999.90 99999.90 99999.90 99999.90 99999.90 99999.90 99999.90 99999.90 99999.90 99999.90 17.00 17.00 17.00 17.00 17.00 17.00 17.00 17.04 17.04 17.01 17.01 17.02 17.02 16.95 16.95 16.91 17.17 17.17 17.17 17.17 16.99 16.99 17.07 17.29 17.34 17.45 17.41 17.19 17.33 17.43 17.43 17.37 17.35 17.38 17.32 17.43 17.43 17.35 17.34 17.40 17.47 17.47 17.41 17.46 17.49 17.49 17.50 17.49 17.54 17.52 17.50 17.52 17.51 17.46 17.45 17.49 17.46 17.44 17.49 17.52 17.51 17.55 17.53
99999.90 99999.90 99999.90 99999.90 99999.90 99999.90 99999.90 99999.90 99999.90 99999.90 99999.90 99999.90 17.02 17.02 17.02 17.02 17.02 17.02 17.02 17.00 17.00 17.04 17.04 17.11 17.01 17.01 17.02 17.02 16.95 16.95 16.91 16.91 17.17 17.17 17.17 17.18 17.34 17.32 17.35 17.35 17.36 17.27 17.36 17.43 17.46 17.47 17.38 17.33 17.38 17.40 17.43 17.34 17.35 17.40 17.40 17.50 17.48 17.52 17.50 17.49 17.61 17.54 17.53 17.52 17.49 17.52 17.47 17.53 17.49 17.57 17.55 17.53 17.56 17.51 17.48 17.48 17.51
99999.90 99999.90 99999.90 99999.90 99999.90 99999.90 99999.90 99999.90 99999.90 99999.90 16.87 16.87 16.87 16.87 16.87 16.87 16.87 17.02 17.02 17.00 17.00 17.00 17.04 17.04 17.11 17.01 17.01 17.02 17.02 16.95 16.95 16.91 16.91 16.83 16.83 17.17 17.29 17.11 16.97 17.29 17.34 17.33 17.33 17.37 17.45 17.44 17.38 17.37 17.40 17.40 17.38 17.44 17.48 17.48 17.45 17.45 17.49 17.50 17.47 17.51 17.51 17.48 17.52 17.54 17.49 17.47 17.48 17.51 17.48 17.53 17.61 17.59 17.55 17.51 17.47 17.42 17.49
99999.90 99999.90 99999.90 99999.90 99999.90 99999.90 99999.90 17.06 17.06 17.06 17.06 17.06 17.06 17.06 17.06 17.06 16.87 17.02 17.02 17.02 17.00 17.00 17.04 17.04 17.04 17.11 17.01 17.01 17.02 17.02 16.95 16.95 16.91 16.91 16.87 16.98 17.30 16.98 16.89 17.08 17.35 17.29 17.21 17.33 17.44 17.39 17.32 17.36 17.40 17.44 17.41 17.40 17.39 17.46 17.42 17.50 17.48 17.52 17.50 17.51 17.55 17.58 17.51 17.49 17.46 17.52 17.50 17.49 17.47 17.50 17.54 17.54 17.52 17.47 17.41 17.44 17.49
99999.90 99999.90 99999.90 99999.90 16.96 16.96 16.96 16.96 16.96 16.96 16.96 16.96 16.96 17.06 17.06 17.06 16.87 16.87 17.02 17.02 17.00 17.00 17.00 17.04 17.04 17.11 17.11 17.01 17.01 17.02 17.02 16.95 16.95 16.71 16.96 17.01 17.24 16.95 17.10 17.22 17.35 17.36 17.25 17.36 17.37 17.36 17.37 17.37 17.34 17.34 17.38 17.40 17.39 17.41 17.46 17.51 17.49 17.47 17.48 17.45 17.52 17.53 17.53 17.45 17.46 17.47 17.48 17.48 17.43 17.43 17.46 17.46 17.48 17.45 17.43 17.42 17.42
99999.90 99999.90 17.00 17.00 17.00 17.00 17.00 17.00 17.00 16.96 16.96 16.96 16.96 17.06 17.06 17.06 16.87 16.87 17.02 17.02 17.02 17.00 17.00 17.04 17.04 17.04 17.11 17.11 17.01 17.01 17.02 17.02 16.68 16.82 17.11 17.16 17.16 17.20 17.27 17.31 17.39 17.37 17.33 17.34 17.36 17.33 17.27 17.30 17.33 17.35 17.38 17.36 17.41 17.42 17.38 17.46 17.45 17.43 17.47 17.44 17.44 17.51 17.49 17.50 17.47 17.44 17.45 17.43 17.45 17.43 17.41 17.45 17.44 17.41 17.43 17.43 17.42
16.83 16.83 16.83 16.83 16.83 16.83 16.83 16.92 17.00 16.96 16.96 16.96 16.96 17.06 17.06 17.06 17.06 16.87 16.87 17.02 17.02 17.00 17.00 17.00 17.04 17.04 17.16 17.11 17.11 17.01 17.01 16.87 16.85 17.26 17.23 17.21 17.28 17.28 17.27 17.28 17.35 17.35 17.37 17.39 17.34 17.32 17.30 17.34 17.29 17.36 17.31 17.34 17.28 17.36 17.36 17.37 17.38 17.41 17.40 17.40 17.38 17.38 17.42 17.44 17.42 17.40 17.46 17.44 17.44 17.43 17.46 17.46 17.43 17.38 17.42 17.40 17.39
16.87 17.03 16.83 16.83 16.83 16.83 16.83 16.92 17.00 17.00 16.96 16.96 16.96 16.96 17.06 17.06 17.06 16.87 16.87 17.02 17.02 17.02 17.00 17.00 17.04 17.04 17.04 17.16 17.11 17.11 16.79 16.83 17.06 17.15 17.15 17.21 17.28 17.28 17.33 17.35 17.30 17.35 17.35 17.34 17.35 17.33 17.33 17.37 17.35 17.34 17.37 17.34 17.35 17.35 17.35 17.39 17.36 17.31 17.36 17.43 17.46 17.44 17.43 17.45 17.44 17.41 17.46 17.48 17.45 17.43 17.44 17.43 17.43 17.44 17.43 17.46 17.48
16.87 17.03 16.83 16.83 16.83 16.83 16.83 16.92 16.92 17.00 16.96 16.96 16.96 16.96 17.06 17.06 17.06 16.87 16.87 16.87 17.02 17.02 17.00 17.00 17.00 17.04 17.04 17.16 17.16 16.93 16.90 17.13 17.07 17.07 17.15 17.23 17.23 17.27 17.27 17.30 17.25 17.30 17.33 17.28 17.30 17.29 17.28 17.31 17.34 17.35 17.38 17.39 17.39 17.35 17.34 17.44 17.38 17.35 17.39 17.39 17.38 17.41 17.41 17.40 17.39 17.41 17.41 17.44 17.45 17.44 17.44 17.46 17.47 17.48 17.43 17.47 17.48
16.87 17.03 17.04 16.83 16.83 16.83 16.83 16.92 16.92 17.00 17.00 16.96 16.96 16.96 17.06 17.06 17.06 17.06 16.87 16.87 17.02 17.02 17.02 17.00 17.00 17.04 17.04 17.22 17.18 16.95 17.06 17.25 17.15 17.16 17.18 17.18 17.28 17.25 17.26 17.33 17.27 17.25 17.25 17.29 17.32 17.31 17.29 17.26 17.34 17.35 17.38 17.39 17.39 17.29 17.25 17.34 17.38 17.39 17.39 17.38 17.34 17.38 17.37 17.40 17.40 17.38 17.39 17.43 17.43 17.44 17.42 17.46 17.46 17.40 17.42 17.43 17.42
16.87 17.03 17.04 16.83 16.83 16.83 16.83 16.92 16.92 17.00 17.00 16.96 16.96 16.96 16.96 17.06 17.06 17.06 16.87 16.87 16.87 17.02 17.02 17.00 17.00 17.12 17.14 17.00 17.12 16.91 17.24 17.24 17.21 17.21 17.18 17.21 17.24 17.25 17.25 17.26 17.25 17.21 17.17 17.23 17.26 17.27 17.30 17.32 17.33 17.35 17.36 17.36 17.34 17.31 17.28 17.31 17.29 17.31 17.32 17.30 17.34 17.35 17.37 17.39 17.39 17.37 17.40 17.41 17.39 17.44 17.43 17.42 17.43 17.41 17.43 17.40 17.39
16.87 17.03 17.04 16.83 16.83 16.83 16.83 16.92 16.92 17.00 17.00 17.00 16.96 16.96 16.96 17.06 17.06 17.06 17.15 16.87 16.87 17.02 17.02 17.01 17.04 17.14 17.22 17.20 17.14 17.07 17.24 17.26 17.20 17.13 17.20 17.21 17.19 17.25 17.24 17.21 17.20 17.20 17.22 17.23 17.17 17.21 17.25 17.26 17.29 17.32 17.28 17.30 17.30 17.27 17.32 17.35 17.26 17.25 17.31 17.32 17.33 17.32 17.36 17.37 17.44 17.43 17.40 17.37 17.39 17.38 17.39 17.36 17.36 17.36 17.37 17.36 17.38
16.87 17.03 17.04 16.83 16.83 16.83 16.83 16.92 16.92 16.87 17.00 17.00 16.96 16.96 16.96 17.14 17.06 17.06 17.15 16.87 16.87 16.94 17.12 17.17 17.21 17.22 17.25 17.19 17.20 17.01 16.84 17.10 16.45 16.73 17.19 17.19 16.84 17.01 16.95 17.05 17.17 17.19 17.23 17.22 17.21 17.21 17.17 17.19 17.20 17.24 17.28 17.22 17.24 17.31 17.23 17.28 17.30 17.28 17.30 17.30 17.27 17.31 17.30 17.33 17.38 17.37 17.36 17.34 17.33 17.33 17.33 17.31 17.32 17.32 17.34 17.32 17.38
16.87 17.03 17.04 17.06 16.83 16.83 16.83 16.92 16.92 16.87 17.00 17.00 17.00 16.96 16.96 17.14 17.06 17.06 17.15 17.17 17.19 17.18 17.26 17.23 17.20 17.25 17.28 17.22 17.18 17.08 16.72 16.81 17.06 17.21 17.15 17.12 17.18 17.18 17.17 17.14 17.14 17.10 17.24 17.20 17.17 17.17 17.15 17.07 17.09 17.18 17.19 17.21 17.27 17.28 17.27 17.29 17.35 17.31 17.30 17.26 17.21 17.28 17.30 17.31 17.32 17.34 17.28 17.27 17.34 17.33 17.33 17.33 17.35 17.35 17.37 17.32 17.32
16.87 17.03 17.04 17.06 16.83 16.83 16.83 16.92 16.92 16.87 17.02 17.00 17.00 16.96 16.96 17.14 17.16 17.19 17.13 17.13 17.10 17.05 17.12 17.20 17.23 17.24 17.22 17.15 17.09 17.14 17.06 17.07 17.10 17.12 17.15 17.13 17.12 17.13 17.10 17.11 17.08 17.06 17.17 17.07 17.09 17.07 17.10 17.13 17.11 17.18 17.17 17.15 17.26 17.22 17.24 17.24 17.26 17.24 17.25 17.22 17.23 17.28 17.25 17.24 17.30 17.30 17.29 17.28 17.27 17.30 17.31 17.30 17.31 17.33 17.32 17.31 17.37
16.87 17.03 17.04 17.06 17.03 16.83 16.83 16.92 16.92 16.87 17.02 17.00 17.00 17.04 17.13 17.13 17.04 17.05 17.07 17.07 17.00 17.00 16.97 17.02 17.17 17.17 17.18 17.15 17.07 17.12 17.06 17.04 17.08 17.10 17.12 17.08 17.08 17.11 17.12 17.16 17.15 17.10 17.08 17.10 17.15 17.09 17.12 17.11 17.13 17.15 17.18 17.12 17.16 17.18 17.19 17.18 17.19 17.21 17.22 17.21 17.20 17.20 17.21 17.20 17.21 17.19 17.23 17.24 17.24 17.23 17.28 17.28 17.29 17.31 17.30 17.25 17.27
16.87 17.03 17.04 17.06 17.03 16.83 16.83 16.92 16.92 16.87 17.02 17.06 16.97 17.01 17.02 17.06 17.07 17.10 17.10 17.10 17.00 16.98 17.03 17.06 17.08 17.03 17.12 17.09 17.05 17.06 17.11 17.03 17.04 17.08 17.02 17.02 17.08 17.08 17.14 17.18 17.16 17.14 17.12 17.09 17.08 17.07 17.09 17.13 17.15 17.18 17.16 17.15 17.18 17.18 17.17 17.18 17.20 17.20 17.18 17.19 17.15 17.17 17.18 17.18 17.20 17.20 17.19 17.23 17.23 17.23 17.28 17.31 17.29 17.30 17.28 17.29 17.29
16.87 17.03 17.04 17.06 17.03 17.00 17.00 16.94 16.94 17.01 16.98 16.97 17.00 17.02 17.01 17.03 17.10 17.08 17.04 17.07 17.02 17.04 17.04 17.08 17.03 16.97 17.00 17.07 17.06 17.03 17.06 17.07 17.07 17.10 17.00 17.05 17.06 17.04 17.06 17.14 17.10 17.06 17.10 17.07 17.06 17.05 17.09 17.13 17.12 17.14 17.16 17.15 17.19 17.17 17.14 17.10 17.10 17.11 17.13 17.16 17.15 17.14 17.14 17.17 17.19 17.17 17.16 17.20 17.23 17.24 17.26 17.28 17.24 17.28 17.32 17.29 17.27
16.63 17.10 17.06 17.05 17.00 16.99 16.99 16.99 17.00 17.06 17.04 17.05 17.07 17.09 17.06 17.12 17.09 17.04 17.00 17.05 16.99 17.03 16.98 17.01 16.98 16.99 16.96 16.98 17.03 17.02 17.06 17.06 17.05 17.04 17.05 17.02 17.08 17.00 17.05 17.10 17.07 17.09 17.05 17.00 17.01 17.05 17.07 17.06 17.10 17.10 17.12 17.16 17.17 17.14 17.18 17.15 17.10 17.10 17.11 17.16 17.15 17.17 17.18 17.16 17.17 17.17 17.13 17.20 17.22 17.20 17.20 17.23 17.24 17.26 17.29 17.24 17.23
17.02 17.03 17.00 17.00 16.99 16.98 17.00 17.01 17.07 17.10 17.09 17.02 17.03 17.10 17.10 17.15 17.11 17.10 17.04 17.05 16.99 16.98 16.99 17.07 17.05 17.04 16.98 17.04 17.09 17.07 17.09 17.03 17.01 16.98 16.93 17.00 17.05 16.98 16.98 16.99 16.98 17.00 17.04 16.99 17.02 17.07 17.08 17.04 17.08 17.08 17.11 17.16 17.12 17.08 17.11 17.14 17.12 17.12 17.09 17.11 17.12 17.13 17.16 17.14 17.15 17.16 17.14 17.15 17.17 17.16 17.12 17.16 17.18 17.23 17.21 17.19 17.23
16.99 16.96 16.99 16.98 16.99 16.98 16.99 17.02 17.01 16.96 17.11 17.07 16.99 17.01 17.03 17.08 17.02 17.05 17.10 17.07 16.99 17.00 17.03 17.06 17.08 17.09 17.07 17.08 17.07 17.08 17.08 17.06 17.01 16.99 16.97 16.99 16.98 16.96 17.03 17.06 16.99 17.00 16.97 16.93 17.00 17.03 17.03 17.09 17.05 17.09 17.09 17.13 17.10 17.09 17.10 17.02 17.12 17.10 17.12 17.12 17.13 17.12 17.10 17.07 17.11 17.11 17.12 17.12 17.13 17.13 17.13 17.15 17.13 17.18 17.19 17.19 17.20
16.99 16.99 16.97 16.97 16.94 16.97 16.97 17.00 17.05 17.08 17.11 17.09 17.04 17.02 17.10 17.09 17.06 16.99 17.02 17.04 17.06 17.02 17.03 17.07 17.06 17.06 17.06 17.05 17.05 17.09 17.11 17.03 16.98 16.98 16.97 16.96 16.93 16.98 16.98 17.01 16.97 16.96 16.95 16.90 16.97 17.03 17.05 17.08 17.07 17.08 17.06 17.13 17.11 17.08 17.07 17.05 17.06 17.07 17.13 17.10 17.11 17.08 17.11 17.08 17.07 17.08 17.12 17.08 17.04 17.01 17.07 17.09 17.08 17.11 17.14 17.17 17.18
