BOM_solar_grid_data_201906/2019061720190617.grid
ncols 839
nrows 679
xllcenter 112.0500
yllcenter -43.9500
cellsize 0.0500
nodata_value 99999.90
[rows 170 to 203 of 679, columns 462 to 538 of 839]
17.57 17.54 17.41 17.36 17.55 17.63 17.60 17.45 17.45 17.38 17.15 17.14 17.37 16.99 16.98 17.10 17.07 17.03 17.15 17.14 17.00 17.01 16.74 16.91 17.08 17.01 16.91 16.74 16.81 16.67 16.79 16.99 17.08 17.11 17.12 17.23 17.38 17.48 17.44 17.51 17.56 17.66 17.70 17.74 17.73 17.76 17.79 17.81 17.80 17.81 17.76 17.75 17.77 17.77 17.75 17.77 17.77 17.77 17.77 17.78 17.74 17.76 17.75 17.73 17.76 17.75 17.69 17.73 17.63 17.64 17.76 17.71 17.72 17.68 17.78 17.67 17.67
17.54 17.43 17.38 17.39 17.42 17.44 17.46 17.55 17.32 17.00 17.25 17.10 17.25 17.18 16.96 16.69 16.70 16.86 17.00 16.90 17.05 16.68 16.50 16.87 16.74 16.81 16.72 16.72 16.78 16.81 16.96 17.03 17.05 17.07 17.00 17.03 17.06 17.29 17.36 17.29 17.41 17.50 17.67 17.70 17.75 17.75 17.74 17.73 17.76 17.77 17.75 17.75 17.75 17.76 17.76 17.74 17.75 17.73 17.74 17.74 17.76 17.75 17.75 17.76 17.74 17.73 17.72 17.74 17.72 17.59 17.66 17.68 17.69 17.76 17.74 17.69 17.69
17.65 17.49 17.45 17.44 17.48 17.43 17.34 17.51 17.51 16.97 17.16 17.11 16.88 17.01 16.85 16.77 16.68 16.91 16.76 16.74 16.96 16.85 16.60 16.69 16.79 16.64 16.63 16.67 16.92 16.99 17.02 16.94 17.00 16.86 16.88 16.89 16.92 17.09 17.26 17.50 17.41 17.53 17.64 17.66 17.69 17.71 17.73 17.73 17.73 17.71 17.73 17.71 17.70 17.72 17.72 17.72 17.73 17.73 17.72 17.74 17.74 17.76 17.74 17.72 17.71 17.69 17.70 17.68 17.65 17.50 17.52 17.60 17.72 17.72 17.69 17.67 17.67
17.73 17.62 17.55 17.39 17.47 17.36 17.47 17.46 17.54 17.17 16.86 16.90 16.68 16.75 16.74 16.76 16.72 16.88 16.69 16.89 16.69 16.92 16.61 16.76 16.63 16.64 16.83 16.87 16.88 16.87 16.91 16.89 16.97 16.90 16.91 16.96 17.10 17.27 17.39 17.49 17.51 17.45 17.56 17.62 17.64 17.67 17.69 17.70 17.71 17.72 17.71 17.73 17.70 17.69 17.68 17.68 17.73 17.75 17.76 17.77 17.76 17.75 17.76 17.71 17.60 17.65 17.58 17.60 17.72 17.61 17.52 17.62 17.63 17.67 17.66 17.63 17.66
17.71 17.71 17.66 17.72 17.53 17.45 17.34 17.32 17.42 17.37 16.59 16.57 16.58 16.69 16.76 16.59 16.59 16.82 16.49 16.48 16.93 16.55 16.27 16.65 16.68 16.81 16.92 16.85 16.79 16.86 16.91 17.03 17.03 17.04 17.06 17.09 17.22 17.36 17.42 17.54 17.61 17.53 17.50 17.58 17.57 17.60 17.59 17.66 17.70 17.66 17.67 17.65 17.67 17.64 17.68 17.68 17.71 17.66 17.64 17.70 17.72 17.72 17.71 17.72 17.72 17.69 17.63 17.64 17.69 17.69 17.65 17.66 17.67 17.66 17.65 17.59 17.60
17.75 17.70 17.73 17.71 17.60 17.53 17.26 17.17 17.21 17.24 16.82 16.56 16.72 16.75 16.59 16.51 16.49 16.66 16.51 16.39 16.67 16.56 16.44 16.55 16.70 16.68 16.83 17.02 16.98 17.02 17.01 16.99 17.14 17.16 17.21 17.14 17.18 17.22 17.39 17.48 17.52 17.51 17.58 17.60 17.65 17.72 17.61 17.62 17.61 17.64 17.65 17.62 17.61 17.64 17.66 17.66 17.71 17.72 17.73 17.72 17.71 17.69 17.70 17.71 17.71 17.66 17.70 17.65 17.64 17.61 17.67 17.67 17.68 17.64 17.63 17.58 17.59
17.70 17.73 17.70 17.70 17.69 17.62 17.37 17.24 17.25 17.27 17.13 16.66 16.59 16.52 16.43 16.66 16.50 16.72 16.41 16.44 16.55 16.55 16.40 16.50 16.55 16.60 16.93 16.96 17.09 17.15 17.12 17.30 17.22 17.17 17.20 17.23 17.27 17.22 17.17 17.24 17.43 17.56 17.62 17.60 17.70 17.70 17.71 17.51 17.68 17.61 17.64 17.69 17.50 17.52 17.63 17.65 17.66 17.71 17.67 17.68 17.67 17.69 17.68 17.69 17.69 17.69 17.67 17.65 17.61 17.65 17.61 17.64 17.64 17.61 17.61 17.62 17.60
17.74 17.75 17.63 17.67 17.63 17.65 17.61 17.28 17.27 17.12 16.94 16.52 16.66 16.86 16.53 16.57 16.68 16.83 16.45 16.34 16.46 16.22 16.25 16.57 16.64 16.85 17.02 17.10 16.88 17.04 17.14 17.29 17.23 17.31 17.29 17.20 17.30 17.36 17.28 17.30 17.42 17.49 17.64 17.42 17.47 17.50 17.72 17.71 17.63 17.68 17.64 17.68 17.63 17.62 17.63 17.61 17.59 17.64 17.67 17.66 17.63 17.62 17.61 17.65 17.66 17.65 17.64 17.63 17.64 17.62 17.64 17.64 17.60 17.58 17.57 17.58 17.59
17.74 17.72 17.68 17.65 17.52 17.54 17.53 17.32 17.12 17.12 17.08 16.64 16.81 16.84 16.75 16.59 16.56 16.74 16.35 16.23 16.42 16.60 16.52 16.83 16.86 16.91 16.90 16.97 16.87 17.01 17.14 17.31 17.15 17.27 17.30 17.27 17.40 17.50 17.43 17.44 17.55 17.55 17.56 17.42 17.22 17.46 17.54 17.58 17.67 17.61 17.52 17.59 17.58 17.67 17.62 17.55 17.61 17.59 17.61 17.61 17.59 17.60 17.60 17.63 17.67 17.67 17.67 17.66 17.62 17.60 17.63 17.65 17.61 17.58 17.59 17.60 17.56
17.65 17.65 17.67 17.68 17.57 17.49 17.54 17.49 17.09 17.24 17.27 16.86 16.74 16.66 16.62 16.70 16.68 16.68 16.39 16.22 16.59 16.64 16.63 16.70 16.84 16.80 17.02 16.93 16.93 17.14 17.16 17.34 17.32 17.36 17.47 17.49 17.58 17.49 17.55 17.51 17.58 17.58 17.57 17.53 17.30 17.24 17.50 17.17 17.58 17.47 17.42 17.59 17.50 17.54 17.57 17.59 17.59 17.58 17.58 17.60 17.54 17.59 17.62 17.64 17.65 17.68 17.67 17.64 17.61 17.54 17.60 17.64 17.61 17.56 17.54 17.54 17.52
17.53 17.57 17.61 17.67 17.56 17.45 17.55 17.57 17.08 17.23 17.11 17.04 17.03 16.72 16.92 17.00 16.85 16.72 16.31 16.47 16.57 16.50 16.67 16.68 16.74 16.88 17.02 17.11 17.04 17.16 17.17 17.28 17.16 17.33 17.50 17.58 17.65 17.59 17.43 17.48 17.62 17.59 17.63 17.58 17.28 16.98 16.96 17.14 17.17 17.34 17.46 17.58 17.55 17.46 17.46 17.51 17.52 17.53 17.52 17.51 17.55 17.60 17.58 17.60 17.61 17.65 17.64 17.61 17.61 17.57 17.60 17.57 17.60 17.56 17.55 17.58 17.53
17.47 17.52 17.56 17.57 17.66 17.57 17.52 17.47 17.27 17.28 17.16 17.10 17.28 17.22 17.12 16.98 16.52 16.61 16.39 16.48 16.73 16.90 16.95 16.83 16.91 16.88 17.04 17.13 17.06 17.14 17.26 17.43 17.33 17.41 17.48 17.46 17.57 17.62 17.51 17.39 17.48 17.56 17.55 17.48 17.49 17.51 16.79 17.03 17.03 17.36 17.44 17.41 17.46 17.46 17.49 17.48 17.41 17.45 17.45 17.50 17.55 17.57 17.60 17.61 17.58 17.59 17.60 17.59 17.58 17.60 17.56 17.54 17.54 17.57 17.55 17.56 17.54
17.48 17.52 17.58 17.63 17.63 17.57 17.54 17.44 17.31 17.27 17.03 17.09 16.92 17.05 17.06 17.14 16.56 16.73 16.70 16.79 16.97 16.89 16.92 16.86 16.99 17.16 17.21 17.08 17.13 17.23 17.41 17.47 17.34 17.33 17.38 17.45 17.47 17.59 17.53 17.43 17.36 17.43 17.46 17.46 17.10 17.56 16.98 16.69 17.13 17.29 17.46 17.42 17.47 17.39 17.49 17.50 17.51 17.52 17.55 17.54 17.55 17.55 17.57 17.57 17.54 17.55 17.57 17.60 17.60 17.59 17.58 17.55 17.53 17.52 17.53 17.54 17.52
17.46 17.49 17.45 17.62 17.61 17.54 17.47 17.32 17.34 17.34 17.16 17.16 17.18 17.00 17.15 17.33 17.17 17.14 16.93 16.84 16.78 16.75 16.94 16.62 16.87 17.18 17.31 17.29 17.26 17.25 17.48 17.52 17.37 17.37 17.43 17.48 17.49 17.53 17.51 17.49 17.43 17.37 17.50 17.50 17.38 17.52 17.40 17.25 17.29 17.20 17.32 17.42 17.11 17.16 17.40 17.43 17.45 17.46 17.51 17.50 17.52 17.51 17.53 17.53 17.53 17.55 17.56 17.58 17.58 17.58 17.58 17.56 17.53 17.51 17.49 17.54 17.53
17.44 17.43 17.51 17.53 17.58 17.53 17.45 17.42 17.30 17.33 17.15 17.22 17.32 17.36 17.21 17.28 16.98 17.00 16.90 16.91 16.95 17.01 17.09 17.06 17.28 17.07 17.27 17.30 17.24 17.25 17.44 17.39 17.35 17.42 17.54 17.49 17.53 17.49 17.47 17.40 17.42 17.42 17.50 17.49 17.38 17.04 17.30 17.49 17.26 16.99 17.35 17.24 17.41 17.34 17.38 17.43 17.42 17.38 17.45 17.40 17.46 17.50 17.53 17.51 17.56 17.56 17.55 17.54 17.55 17.57 17.59 17.56 17.51 17.52 17.53 17.52 17.55
17.40 17.55 17.59 17.60 17.59 17.49 17.36 17.42 17.37 17.34 17.35 17.23 17.32 17.39 17.44 17.15 16.92 17.04 16.93 17.06 17.16 17.06 17.16 17.12 17.22 17.11 17.17 17.26 17.24 17.33 17.21 17.35 17.40 17.25 17.42 17.50 17.54 17.52 17.53 17.50 17.43 17.40 17.45 17.42 17.49 17.20 17.00 17.17 17.27 17.17 17.20 17.32 17.20 17.17 17.19 17.27 17.31 17.33 17.39 17.39 17.44 17.45 17.49 17.47 17.52 17.50 17.54 17.54 17.51 17.51 17.54 17.55 17.51 17.48 17.48 17.54 17.54
17.34 17.41 17.51 17.53 17.57 17.49 17.34 17.34 17.25 17.27 17.33 17.19 17.24 17.29 17.33 17.36 17.12 17.05 17.05 17.27 17.21 17.11 16.93 17.17 17.31 17.26 17.09 17.20 17.36 17.38 17.37 17.19 17.33 17.35 17.34 17.38 17.43 17.48 17.47 17.50 17.40 17.33 17.37 17.39 17.48 17.22 17.16 17.18 17.25 16.98 17.16 16.85 16.98 16.94 16.94 17.13 17.29 17.41 17.32 17.37 17.40 17.47 17.47 17.47 17.48 17.49 17.53 17.48 17.47 17.54 17.50 17.48 17.50 17.49 17.47 17.52 17.52
17.35 17.38 17.45 17.44 17.43 17.42 17.25 17.22 17.28 17.28 17.25 17.27 17.26 17.31 17.36 17.18 17.02 17.07 17.21 17.37 17.34 17.33 17.28 17.18 17.36 17.20 17.33 17.34 17.39 17.41 17.51 17.33 17.20 17.33 17.33 17.38 17.37 17.49 17.49 17.43 17.40 17.34 17.44 17.38 17.41 17.29 17.00 17.13 17.01 16.61 16.68 16.58 17.10 16.92 17.04 17.07 17.26 17.36 17.32 17.36 17.31 17.38 17.38 17.39 17.41 17.48 17.51 17.49 17.50 17.46 17.45 17.43 17.48 17.46 17.48 17.50 17.50
17.32 17.37 17.42 17.36 17.18 17.21 17.11 17.13 17.16 17.25 17.28 17.26 17.23 17.22 17.26 17.02 17.04 17.11 17.16 17.23 17.33 17.30 17.31 17.29 17.32 17.32 17.38 17.36 17.46 17.47 17.38 17.20 17.11 17.41 17.40 17.37 17.35 17.44 17.50 17.41 17.31 17.30 17.34 17.28 17.40 17.25 17.13 17.26 17.07 16.76 16.81 16.82 16.72 16.85 17.11 17.07 17.02 17.27 17.10 17.20 17.25 17.23 17.27 17.35 17.35 17.44 17.47 17.44 17.39 17.39 17.43 17.39 17.43 17.44 17.47 17.48 17.49
17.28 17.32 17.36 17.15 17.04 17.12 17.06 17.04 17.12 17.11 17.17 17.15 17.22 17.22 17.30 17.16 17.19 17.20 17.16 17.23 17.27 17.11 17.23 17.35 17.35 17.29 17.33 17.45 17.45 17.36 17.32 17.29 17.05 17.18 17.41 17.46 17.39 17.36 17.42 17.35 17.39 17.18 17.32 17.38 17.32 17.35 17.22 17.31 17.26 16.51 16.69 16.37 16.66 16.95 17.21 17.19 17.05 17.00 17.14 17.12 17.31 17.31 17.31 17.33 17.33 17.39 17.44 17.40 17.33 17.43 17.43 17.37 17.42 17.47 17.46 17.45 17.45
17.27 17.22 17.12 17.10 16.96 16.91 17.00 17.07 17.09 17.10 17.19 17.14 17.16 17.20 17.23 17.22 17.22 17.21 17.19 17.21 17.21 17.18 17.19 17.42 17.39 17.25 17.30 17.42 17.40 17.36 17.35 17.05 16.99 16.87 17.45 17.43 17.40 17.41 17.37 17.36 17.37 17.29 17.32 17.30 17.33 17.23 17.13 17.21 17.30 17.30 16.87 16.55 16.62 16.74 17.01 17.29 17.05 17.03 17.16 17.28 17.26 17.24 17.30 17.31 17.34 17.35 17.38 17.34 17.31 17.36 17.40 17.35 17.41 17.43 17.44 17.42 17.41
17.29 17.10 16.99 17.03 16.97 16.94 16.97 17.04 17.16 17.12 17.20 17.15 17.15 17.21 17.22 17.30 17.27 17.29 17.32 17.32 17.29 17.14 17.24 17.41 17.40 17.37 17.41 17.42 17.44 17.41 17.36 17.10 16.96 16.96 17.38 17.42 17.37 17.36 17.33 17.36 17.30 17.34 17.34 17.21 17.27 17.30 17.33 17.28 17.31 17.36 16.90 16.59 16.45 16.58 16.84 17.25 17.08 17.11 17.18 17.29 17.33 17.26 17.28 17.24 17.27 17.32 17.30 17.31 17.34 17.33 17.33 17.27 17.35 17.36 17.42 17.41 17.38
17.27 16.90 16.84 16.91 17.01 17.09 16.95 16.97 17.03 17.01 17.04 17.13 17.15 17.17 17.19 17.23 17.28 17.31 17.30 17.30 17.20 17.14 17.24 17.21 17.31 17.34 17.36 17.32 17.27 17.35 17.32 17.21 17.00 17.16 17.29 17.32 17.33 17.30 17.22 17.30 17.26 17.32 17.36 17.26 17.22 17.29 17.29 17.26 17.29 17.32 17.20 16.94 16.83 17.08 17.22 17.23 17.27 17.09 17.13 17.28 17.22 17.18 17.22 17.20 17.21 17.29 17.33 17.34 17.30 17.36 17.34 17.23 17.24 17.32 17.37 17.40 17.38
17.14 17.10 16.74 16.79 16.93 16.98 17.04 17.10 17.04 17.09 17.10 17.10 17.15 17.21 17.22 17.24 17.24 17.25 17.28 17.24 17.07 17.20 17.24 17.25 17.22 17.28 17.32 17.34 17.27 17.19 17.16 17.23 17.16 17.10 17.17 17.34 17.35 17.01 17.25 17.13 17.17 17.32 17.30 17.31 17.22 17.20 17.26 17.21 17.18 17.29 17.32 16.97 16.83 17.07 17.11 17.15 17.08 16.89 17.15 17.31 17.26 17.16 17.19 17.25 17.24 17.29 17.32 17.31 17.31 17.31 17.30 17.25 17.25 17.35 17.31 17.34 17.34
17.04 17.06 17.04 16.90 16.93 16.94 16.98 16.99 16.96 17.08 17.12 17.15 17.18 17.23 17.23 17.23 17.24 17.28 17.27 17.24 17.06 17.19 17.10 17.19 17.28 17.31 17.33 17.31 17.35 17.24 17.28 17.22 17.11 17.24 17.23 17.31 17.27 17.23 17.28 17.25 17.26 17.25 17.27 17.28 17.24 17.12 17.17 17.16 17.20 17.24 17.27 17.27 17.05 17.11 17.22 17.14 16.97 16.93 17.04 17.22 17.22 17.25 17.23 17.21 17.21 17.28 17.28 17.30 17.26 17.28 17.31 17.26 17.26 17.31 17.29 17.31 17.33
17.09 17.01 17.10 17.10 17.00 16.87 16.89 16.91 16.93 16.98 17.12 17.12 17.16 17.21 17.24 17.25 17.24 17.26 17.25 17.13 17.07 17.17 17.08 17.15 17.13 17.17 17.29 17.31 17.20 17.20 17.19 17.24 17.21 17.24 17.14 17.19 17.12 17.14 17.26 17.27 17.21 17.15 17.17 17.23 17.26 17.26 17.21 17.23 17.22 17.23 17.27 17.22 17.22 17.19 17.15 17.12 16.81 16.77 16.89 17.03 17.15 17.24 17.27 17.23 17.27 17.24 17.24 17.25 17.27 17.26 17.32 17.26 17.26 17.26 17.15 17.28 17.30
17.03 17.06 17.08 17.09 17.09 17.10 16.98 16.95 17.00 17.04 17.12 17.16 17.15 17.17 17.23 17.25 17.25 17.25 17.21 17.05 17.15 17.11 17.18 17.17 17.15 17.17 17.24 17.18 17.14 17.00 17.10 17.20 17.24 17.25 17.13 17.04 17.23 17.04 17.17 17.24 17.22 17.20 17.16 17.06 17.06 17.21 17.24 17.27 17.23 17.18 17.16 17.16 17.06 17.06 16.99 16.99 16.74 16.82 16.96 17.03 17.12 17.21 17.22 17.21 17.22 17.19 17.20 17.23 17.25 17.28 17.23 17.22 17.24 17.24 17.26 17.24 17.25
17.17 17.09 17.11 17.09 17.02 17.02 17.04 17.06 17.08 17.09 17.18 17.20 17.21 17.20 17.18 17.19 17.18 17.14 17.04 17.05 17.07 17.15 17.14 17.17 17.18 17.18 17.18 17.14 17.06 17.11 17.08 17.16 17.21 17.19 17.14 16.99 17.12 17.14 17.12 17.20 17.18 17.15 17.19 17.11 16.99 17.15 17.15 17.21 17.22 17.21 17.16 17.14 17.03 16.98 16.88 16.99 16.81 16.86 16.96 17.03 17.09 17.13 17.18 17.18 17.19 17.20 17.20 17.22 17.23 17.22 17.20 17.17 17.21 17.22 17.23 17.21 17.23
17.18 17.16 17.07 17.19 17.08 17.02 17.01 17.05 17.08 17.09 17.12 17.16 17.17 17.17 17.14 17.13 17.12 17.09 17.07 17.07 16.99 17.10 17.17 17.18 17.18 17.13 16.99 17.03 17.09 16.98 17.00 17.11 17.18 17.18 17.07 16.97 16.87 17.13 17.18 17.20 17.10 17.14 17.17 17.16 17.10 17.12 17.13 17.18 17.23 17.17 17.14 17.15 17.06 16.92 16.89 16.91 17.01 17.03 16.92 16.94 17.14 17.11 17.10 17.14 17.16 17.18 17.17 17.22 17.24 17.24 17.24 17.16 17.18 17.21 17.20 17.20 17.19
17.17 17.14 17.11 17.17 17.11 17.11 17.09 17.13 17.13 17.06 16.93 17.09 17.16 17.14 17.10 17.12 17.07 17.09 17.09 17.09 17.08 17.15 17.20 17.19 17.16 17.13 17.00 16.98 17.01 16.96 16.93 17.06 17.19 17.20 17.14 16.97 16.79 17.04 17.10 17.18 17.13 17.10 17.15 17.12 17.10 17.13 17.10 17.14 17.14 17.18 17.14 17.16 17.10 16.88 16.91 16.91 16.84 17.05 17.09 17.11 17.09 17.09 17.08 17.10 17.10 17.12 17.14 17.22 17.21 17.20 17.22 17.17 17.18 17.13 17.16 17.20 17.22
17.14 17.14 17.13 17.11 17.06 17.06 17.07 17.08 17.07 17.02 17.05 17.12 17.09 17.11 16.99 16.97 17.01 17.08 17.11 17.12 17.08 17.12 17.16 17.15 17.11 17.12 17.06 16.89 17.01 17.00 16.98 17.04 17.18 17.22 17.13 16.92 16.78 16.95 17.01 17.15 17.14 17.13 17.16 17.16 17.16 17.18 17.11 17.14 17.12 17.16 17.17 17.12 17.04 17.06 17.02 17.04 16.78 16.83 17.10 17.17 17.08 17.11 17.12 17.10 17.03 17.05 17.12 17.17 17.20 17.20 17.17 17.19 17.14 17.09 17.14 17.16 17.14
17.09 17.11 17.10 17.08 17.05 17.00 16.99 17.02 16.92 17.04 17.13 17.14 17.10 17.08 17.02 16.91 16.86 16.95 17.03 17.09 17.09 17.09 17.10 17.13 17.10 17.10 16.91 16.95 17.06 17.11 17.09 17.10 17.13 17.11 17.12 17.04 16.96 16.73 17.01 17.02 17.08 17.07 17.15 17.14 17.10 17.06 17.10 17.16 17.11 17.12 17.12 17.13 17.02 17.02 17.10 16.94 16.85 16.86 17.02 17.04 17.06 17.01 17.07 17.02 17.04 17.04 17.05 17.11 17.14 17.15 17.14 17.14 17.14 17.11 17.12 17.14 17.09
17.03 17.03 17.02 16.96 16.86 16.94 16.88 16.94 17.00 17.09 17.12 17.10 17.08 17.06 16.99 16.89 17.05 17.03 17.03 17.05 17.11 17.10 17.07 17.09 17.03 17.01 16.95 16.92 16.97 17.04 17.05 17.09 17.02 17.05 17.09 17.09 17.06 16.99 17.09 17.12 17.11 17.06 17.13 17.12 17.13 17.11 17.08 17.11 17.09 17.11 17.12 17.13 17.04 16.98 17.07 17.02 17.09 17.04 17.02 17.14 17.10 17.06 16.99 17.02 16.99 17.05 17.01 17.06 17.07 17.12 17.10 17.12 17.08 17.03 16.95 17.08 17.08
17.01 16.91 16.92 16.87 16.97 17.03 16.94 16.98 17.04 17.05 17.10 17.05 17.02 17.02 17.01 16.96 16.94 17.02 17.05 17.06 17.04 17.07 17.04 17.05 16.98 16.87 16.90 16.96 16.98 17.06 17.05 17.04 17.03 17.03 17.04 17.07 17.11 17.03 16.90 17.16 17.19 17.17 17.09 17.05 16.99 17.07 17.05 17.11 17.11 17.12 17.07 17.11 17.03 16.92 16.94 16.96 17.02 17.03 17.02 17.00 17.07 17.08 17.01 16.98 16.97 17.05 16.92 16.85 16.86 16.89 17.09 17.06 17.01 16.94 16.75 16.96 17.06
