BOM_solar_grid_data_201906/2019062720190627.grid
ncols 839
nrows 679
xllcenter 112.0500
yllcenter -43.9500
cellsize 0.0500
nodata_value 99999.90
[rows 170 to 203 of 679, columns 231 to 307 of 839]
17.64 17.67 17.63 17.81 17.77 17.78 17.75 17.78 17.76 17.69 17.73 17.72 17.77 17.72 17.76 17.72 17.75 17.66 17.64 17.64 17.55 17.54 17.50 17.57 17.48 17.41 17.66 17.77 17.71 17.69 17.63 17.70 17.72 17.73 17.69 17.73 17.56 17.70 17.83 17.80 17.84 17.85 17.91 17.91 17.87 17.79 17.79 17.74 17.77 17.73 17.72 17.69 17.64 17.66 17.77 17.75 17.68 17.75 17.77 17.80 17.79 17.77 17.78 17.76 17.73 17.70 17.69 17.70 17.77 17.78 17.78 17.75 17.73 17.68 17.78 17.75 17.78
17.65 17.59 17.68 17.72 17.76 17.74 17.74 17.72 17.71 17.70 17.60 17.66 17.70 17.68 17.60 17.56 17.62 17.56 17.60 17.65 17.60 17.59 17.57 17.53 17.54 17.43 17.66 17.76 17.75 17.74 17.69 17.66 17.69 17.58 17.47 17.40 17.63 17.67 17.73 17.75 17.75 17.86 17.84 17.80 17.78 17.77 17.80 17.80 17.86 17.75 17.75 17.73 17.72 17.68 17.66 17.65 17.68 17.73 17.77 17.75 17.75 17.77 17.77 17.73 17.74 17.72 17.73 17.75 17.78 17.73 17.72 17.74 17.65 17.65 17.72 17.77 17.74
17.63 17.62 17.64 17.69 17.72 17.70 17.73 17.71 17.64 17.62 17.54 17.57 17.59 17.62 17.58 17.56 17.62 17.62 17.60 17.60 17.65 17.64 17.58 17.49 17.52 17.53 17.67 17.76 17.74 17.77 17.73 17.73 17.69 17.60 17.49 17.46 17.56 17.60 17.59 17.63 17.70 17.77 17.71 17.69 17.68 17.73 17.75 17.72 17.78 17.74 17.71 17.72 17.77 17.77 17.73 17.69 17.68 17.70 17.67 17.73 17.74 17.73 17.77 17.70 17.75 17.74 17.77 17.73 17.72 17.72 17.75 17.69 17.67 17.67 17.70 17.73 17.72
17.59 17.58 17.56 17.62 17.59 17.62 17.63 17.64 17.61 17.52 17.55 17.57 17.58 17.64 17.65 17.64 17.59 17.63 17.50 17.59 17.56 17.59 17.63 17.48 17.48 17.49 17.54 17.61 17.73 17.70 17.70 17.66 17.64 17.62 17.58 17.50 17.56 17.63 17.51 17.62 17.66 17.74 17.67 17.68 17.65 17.67 17.71 17.68 17.73 17.71 17.69 17.69 17.69 17.63 17.74 17.75 17.67 17.65 17.68 17.75 17.74 17.66 17.66 17.71 17.71 17.74 17.73 17.75 17.73 17.72 17.72 17.70 17.68 17.73 17.66 17.69 17.63
17.57 17.54 17.53 17.55 17.55 17.54 17.60 17.55 17.55 17.52 17.59 17.52 17.54 17.57 17.65 17.67 17.64 17.64 17.62 17.55 17.49 17.53 17.61 17.52 17.56 17.52 17.67 17.68 17.67 17.67 17.69 17.69 17.73 17.71 17.66 17.60 17.57 17.59 17.58 17.62 17.61 17.57 17.63 17.65 17.71 17.65 17.66 17.64 17.64 17.60 17.64 17.70 17.59 17.60 17.65 17.66 17.65 17.69 17.62 17.63 17.66 17.63 17.66 17.69 17.70 17.69 17.69 17.68 17.67 17.69 17.72 17.70 17.72 17.68 17.59 17.57 17.69
17.57 17.51 17.53 17.59 17.65 17.63 17.55 17.48 17.50 17.57 17.60 17.60 17.62 17.63 17.64 17.64 17.58 17.63 17.65 17.59 17.54 17.51 17.57 17.63 17.69 17.67 17.78 17.61 17.68 17.66 17.66 17.62 17.68 17.73 17.69 17.64 17.58 17.43 17.50 17.60 17.61 17.64 17.62 17.63 17.69 17.67 17.67 17.61 17.59 17.52 17.62 17.60 17.64 17.61 17.66 17.67 17.66 17.65 17.58 17.61 17.65 17.71 17.66 17.66 17.65 17.69 17.69 17.67 17.69 17.67 17.73 17.70 17.69 17.67 17.57 17.61 17.65
17.62 17.63 17.69 17.63 17.64 17.61 17.58 17.56 17.58 17.57 17.64 17.66 17.69 17.63 17.66 17.64 17.64 17.64 17.62 17.60 17.59 17.64 17.64 17.67 17.68 17.62 17.47 17.54 17.58 17.61 17.64 17.63 17.55 17.56 17.58 17.66 17.53 17.45 17.42 17.50 17.62 17.67 17.53 17.58 17.67 17.70 17.60 17.54 17.56 17.53 17.50 17.62 17.62 17.68 17.60 17.70 17.69 17.65 17.61 17.61 17.62 17.64 17.63 17.67 17.67 17.70 17.69 17.71 17.68 17.68 17.68 17.69 17.68 17.64 17.61 17.62 17.64
17.68 17.66 17.69 17.66 17.66 17.60 17.62 17.60 17.55 17.62 17.61 17.65 17.63 17.67 17.65 17.60 17.62 17.61 17.62 17.64 17.64 17.66 17.71 17.64 17.62 17.63 17.65 17.62 17.53 17.58 17.64 17.61 17.54 17.48 17.52 17.43 17.44 17.33 17.24 17.23 17.53 17.57 17.59 17.64 17.69 17.68 17.64 17.60 17.60 17.59 17.49 17.64 17.57 17.65 17.65 17.62 17.64 17.64 17.60 17.61 17.63 17.61 17.58 17.66 17.67 17.66 17.65 17.67 17.66 17.70 17.69 17.69 17.67 17.64 17.58 17.59 17.61
17.64 17.62 17.62 17.61 17.63 17.59 17.61 17.63 17.63 17.59 17.58 17.61 17.62 17.61 17.61 17.62 17.61 17.57 17.62 17.64 17.67 17.65 17.65 17.64 17.60 17.60 17.64 17.65 17.57 17.52 17.60 17.61 17.55 17.37 17.41 17.42 17.42 17.36 17.30 17.32 17.56 17.49 17.46 17.58 17.56 17.50 17.58 17.52 17.56 17.72 17.65 17.72 17.58 17.64 17.63 17.52 17.55 17.61 17.62 17.60 17.63 17.67 17.61 17.59 17.60 17.63 17.67 17.66 17.67 17.68 17.64 17.66 17.65 17.62 17.60 17.60 17.63
17.59 17.63 17.60 17.58 17.60 17.56 17.61 17.65 17.58 17.58 17.58 17.57 17.56 17.54 17.57 17.55 17.61 17.62 17.64 17.61 17.59 17.56 17.56 17.54 17.59 17.62 17.65 17.63 17.62 17.58 17.58 17.60 17.55 17.64 17.65 17.64 17.56 17.53 17.48 17.56 17.57 17.51 17.49 17.54 17.56 17.47 17.54 17.54 17.52 17.66 17.60 17.57 17.54 17.56 17.56 17.48 17.52 17.56 17.55 17.57 17.62 17.60 17.63 17.64 17.68 17.66 17.64 17.67 17.67 17.68 17.64 17.61 17.60 17.62 17.60 17.58 17.59
17.58 17.58 17.61 17.61 17.60 17.59 17.58 17.63 17.55 17.52 17.55 17.54 17.57 17.55 17.58 17.61 17.60 17.54 17.58 17.54 17.55 17.56 17.57 17.58 17.57 17.60 17.61 17.60 17.60 17.59 17.62 17.66 17.59 17.61 17.62 17.58 17.60 17.51 17.53 17.54 17.61 17.56 17.56 17.56 17.51 17.35 17.51 17.53 17.54 17.56 17.53 17.55 17.54 17.61 17.57 17.50 17.52 17.50 17.56 17.53 17.59 17.57 17.58 17.60 17.64 17.62 17.60 17.62 17.63 17.64 17.64 17.63 17.58 17.61 17.57 17.59 17.58
17.61 17.62 17.60 17.59 17.61 17.61 17.60 17.56 17.57 17.55 17.51 17.53 17.51 17.52 17.51 17.52 17.51 17.49 17.51 17.52 17.56 17.53 17.62 17.61 17.61 17.59 17.57 17.61 17.60 17.61 17.60 17.58 17.59 17.54 17.56 17.51 17.58 17.54 17.54 17.56 17.64 17.56 17.55 17.50 17.54 17.49 17.50 17.53 17.54 17.56 17.54 17.52 17.58 17.59 17.53 17.53 17.48 17.52 17.57 17.53 17.53 17.56 17.57 17.54 17.59 17.58 17.55 17.58 17.58 17.59 17.60 17.56 17.55 17.52 17.47 17.51 17.57
17.58 17.57 17.57 17.60 17.60 17.61 17.59 17.57 17.58 17.54 17.52 17.50 17.53 17.52 17.51 17.53 17.48 17.49 17.55 17.57 17.56 17.59 17.55 17.56 17.60 17.59 17.61 17.59 17.62 17.58 17.55 17.56 17.62 17.57 17.52 17.59 17.57 17.55 17.62 17.66 17.52 17.52 17.55 17.52 17.52 17.56 17.56 17.52 17.50 17.52 17.50 17.57 17.61 17.58 17.53 17.54 17.50 17.54 17.51 17.56 17.57 17.54 17.52 17.48 17.47 17.48 17.45 17.48 17.49 17.49 17.49 17.45 17.49 17.50 17.51 17.52 17.53
17.58 17.58 17.53 17.55 17.56 17.58 17.56 17.54 17.53 17.49 17.49 17.43 17.50 17.50 17.51 17.47 17.48 17.42 17.45 17.54 17.51 17.51 17.50 17.54 17.54 17.56 17.55 17.58 17.55 17.58 17.54 17.56 17.58 17.55 17.52 17.57 17.57 17.51 17.51 17.50 17.51 17.56 17.57 17.52 17.50 17.51 17.50 17.52 17.49 17.49 17.52 17.58 17.54 17.52 17.53 17.50 17.49 17.46 17.50 17.51 17.53 17.55 17.50 17.51 17.48 17.48 17.50 17.51 17.47 17.42 17.44 17.48 17.50 17.45 17.48 17.55 17.56
17.54 17.53 17.55 17.53 17.50 17.50 17.50 17.47 17.52 17.48 17.46 17.42 17.44 17.45 17.42 17.44 17.49 17.47 17.54 17.49 17.47 17.55 17.52 17.53 17.50 17.53 17.53 17.54 17.54 17.56 17.53 17.50 17.51 17.58 17.61 17.57 17.56 17.52 17.51 17.47 17.49 17.52 17.53 17.52 17.46 17.46 17.50 17.50 17.46 17.52 17.56 17.53 17.51 17.54 17.54 17.60 17.50 17.44 17.46 17.47 17.47 17.51 17.52 17.54 17.46 17.46 17.49 17.51 17.51 17.51 17.49 17.51 17.50 17.47 17.47 17.47 17.50
17.50 17.56 17.54 17.49 17.45 17.44 17.44 17.45 17.50 17.45 17.46 17.40 17.44 17.41 17.47 17.43 17.43 17.36 17.42 17.52 17.52 17.52 17.49 17.50 17.49 17.51 17.55 17.56 17.56 17.51 17.49 17.51 17.53 17.52 17.50 17.51 17.52 17.49 17.47 17.45 17.49 17.48 17.46 17.45 17.47 17.48 17.48 17.50 17.50 17.48 17.47 17.49 17.49 17.49 17.51 17.51 17.47 17.45 17.47 17.47 17.47 17.48 17.49 17.49 17.44 17.45 17.48 17.52 17.49 17.46 17.46 17.46 17.49 17.46 17.50 17.46 17.50
17.51 17.51 17.54 17.52 17.46 17.43 17.40 17.41 17.43 17.39 17.43 17.47 17.46 17.45 17.46 17.45 17.44 17.49 17.42 17.45 17.46 17.52 17.49 17.54 17.52 17.51 17.51 17.52 17.48 17.45 17.51 17.49 17.51 17.49 17.49 17.51 17.54 17.50 17.46 17.46 17.47 17.49 17.45 17.42 17.42 17.45 17.46 17.44 17.45 17.43 17.39 17.42 17.45 17.44 17.45 17.44 17.42 17.43 17.44 17.43 17.49 17.47 17.43 17.45 17.41 17.45 17.47 17.46 17.43 17.44 17.45 17.43 17.44 17.43 17.44 17.45 17.47
17.46 17.47 17.49 17.49 17.49 17.45 17.49 17.46 17.46 17.44 17.47 17.44 17.44 17.43 17.43 17.44 17.49 17.46 17.49 17.48 17.47 17.49 17.51 17.53 17.49 17.46 17.48 17.51 17.49 17.48 17.47 17.47 17.48 17.49 17.49 17.52 17.49 17.45 17.41 17.43 17.45 17.45 17.35 17.40 17.42 17.40 17.39 17.38 17.43 17.41 17.39 17.39 17.41 17.45 17.43 17.36 17.41 17.43 17.41 17.47 17.52 17.48 17.52 17.51 17.45 17.48 17.46 17.44 17.43 17.43 17.41 17.42 17.43 17.41 17.43 17.45 17.48
17.43 17.42 17.43 17.45 17.46 17.43 17.48 17.47 17.45 17.46 17.44 17.39 17.40 17.43 17.44 17.40 17.43 17.49 17.48 17.49 17.46 17.47 17.46 17.48 17.45 17.41 17.47 17.51 17.51 17.45 17.46 17.44 17.48 17.50 17.50 17.49 17.44 17.45 17.43 17.43 17.39 17.39 17.38 17.43 17.40 17.38 17.35 17.40 17.40 17.38 17.33 17.35 17.40 17.39 17.34 17.37 17.33 17.38 17.39 17.42 17.48 17.50 17.46 17.44 17.42 17.47 17.46 17.45 17.45 17.43 17.47 17.48 17.44 17.43 17.42 17.42 17.43
17.47 17.45 17.45 17.44 17.44 17.42 17.44 17.39 17.44 17.42 17.43 17.41 17.40 17.38 17.37 17.43 17.46 17.46 17.46 17.48 17.48 17.50 17.50 17.49 17.42 17.43 17.43 17.44 17.45 17.44 17.46 17.44 17.43 17.45 17.46 17.48 17.46 17.40 17.37 17.44 17.42 17.43 17.39 17.39 17.38 17.35 17.38 17.40 17.37 17.32 17.29 17.25 17.38 17.35 17.27 17.20 17.31 17.31 17.38 17.38 17.39 17.40 17.43 17.46 17.44 17.43 17.43 17.42 17.41 17.42 17.41 17.42 17.46 17.44 17.42 17.43 17.41
17.44 17.43 17.42 17.43 17.42 17.40 17.36 17.46 17.44 17.41 17.45 17.43 17.38 17.38 17.40 17.41 17.43 17.45 17.45 17.44 17.45 17.42 17.45 17.41 17.42 17.42 17.40 17.42 17.46 17.44 17.40 17.37 17.39 17.44 17.45 17.47 17.43 17.39 17.34 17.36 17.36 17.35 17.37 17.39 17.32 17.31 17.36 17.36 17.32 17.34 17.28 17.27 17.34 17.35 17.35 17.33 17.29 17.23 17.32 17.36 17.42 17.41 17.40 17.41 17.39 17.37 17.37 17.33 17.36 17.39 17.39 17.38 17.42 17.42 17.42 17.43 17.45
17.38 17.37 17.40 17.35 17.38 17.40 17.39 17.42 17.40 17.41 17.37 17.37 17.37 17.32 17.36 17.37 17.37 17.41 17.41 17.42 17.43 17.43 17.42 17.43 17.43 17.44 17.44 17.39 17.39 17.41 17.39 17.33 17.32 17.42 17.40 17.41 17.40 17.40 17.36 17.36 17.33 17.32 17.35 17.31 17.32 17.34 17.39 17.31 17.33 17.33 17.34 17.37 17.36 17.31 17.31 17.33 17.32 17.46 17.36 17.43 17.38 17.40 17.38 17.36 17.39 17.37 17.35 17.34 17.36 17.36 17.39 17.40 17.42 17.41 17.41 17.42 17.40
17.35 17.34 17.39 17.38 17.33 17.36 17.35 17.34 17.23 17.29 17.36 17.24 17.26 17.31 17.41 17.39 17.37 17.37 17.34 17.41 17.41 17.38 17.40 17.39 17.43 17.41 17.39 17.39 17.39 17.38 17.35 17.36 17.42 17.40 17.33 17.30 17.33 17.37 17.33 17.32 17.31 17.31 17.34 17.32 17.35 17.37 17.36 17.34 17.34 17.34 17.32 17.32 17.31 17.28 17.32 17.30 17.33 17.33 17.37 17.41 17.40 17.41 17.39 17.40 17.39 17.36 17.39 17.37 17.37 17.34 17.35 17.40 17.37 17.36 17.37 17.38 17.36
17.37 17.31 17.28 17.31 17.31 17.33 17.34 17.33 17.17 17.18 17.22 17.23 17.28 17.34 17.38 17.40 17.37 17.36 17.38 17.38 17.40 17.37 17.39 17.38 17.37 17.37 17.36 17.35 17.35 17.36 17.32 17.33 17.34 17.34 17.30 17.24 17.26 17.29 17.29 17.29 17.28 17.31 17.27 17.29 17.33 17.32 17.31 17.31 17.32 17.33 17.29 17.31 17.35 17.34 17.32 17.33 17.25 17.16 17.20 17.34 17.31 17.30 17.32 17.31 17.30 17.32 17.32 17.34 17.34 17.33 17.42 17.39 17.37 17.37 17.37 17.40 17.38
17.30 17.21 17.22 17.25 17.32 17.30 17.28 17.29 17.23 17.29 17.26 17.23 17.27 17.35 17.36 17.36 17.33 17.35 17.34 17.33 17.36 17.34 17.34 17.35 17.36 17.34 17.31 17.32 17.30 17.28 17.27 17.29 17.30 17.31 17.31 17.30 17.27 17.31 17.28 17.25 17.25 17.26 17.28 17.29 17.31 17.25 17.28 17.31 17.35 17.34 17.32 17.33 17.19 17.29 17.33 17.31 17.25 17.28 17.26 17.30 17.32 17.28 17.31 17.28 17.35 17.30 17.29 17.29 17.29 17.30 17.30 17.32 17.31 17.32 17.31 17.31 17.30
17.34 17.32 17.30 17.25 17.27 17.23 17.25 17.29 17.29 17.30 17.27 17.24 17.31 17.31 17.31 17.29 17.27 17.29 17.30 17.27 17.31 17.30 17.32 17.35 17.36 17.34 17.35 17.30 17.26 17.29 17.30 17.30 17.25 17.26 17.29 17.31 17.30 17.28 17.26 17.28 17.22 17.23 17.32 17.25 17.25 17.28 17.22 17.25 17.27 17.31 17.29 17.25 17.31 17.30 17.29 17.29 17.25 17.24 17.20 17.23 17.25 17.27 17.27 17.26 17.27 17.30 17.30 17.31 17.32 17.33 17.32 17.31 17.33 17.29 17.26 17.32 17.32
17.32 17.32 17.29 17.30 17.23 17.27 17.30 17.31 17.25 17.26 17.17 17.33 17.33 17.34 17.34 17.28 17.26 17.30 17.29 17.30 17.34 17.31 17.27 17.29 17.31 17.32 17.31 17.32 17.27 17.26 17.28 17.26 17.26 17.23 17.28 17.26 17.26 17.26 17.26 17.24 17.26 17.29 17.34 17.32 17.27 17.27 17.28 17.25 17.27 17.26 17.22 17.19 17.21 17.29 17.28 17.23 17.27 17.20 17.19 17.29 17.30 17.27 17.24 17.25 17.22 17.19 17.21 17.27 17.27 17.29 17.26 17.31 17.29 17.30 17.32 17.30 17.28
17.28 17.29 17.29 17.24 17.24 17.25 17.25 17.26 17.23 17.20 17.18 17.26 17.27 17.26 17.25 17.26 17.30 17.26 17.29 17.31 17.29 17.29 17.27 17.26 17.27 17.28 17.26 17.30 17.27 17.24 17.23 17.26 17.27 17.28 17.27 17.25 17.26 17.27 17.26 17.23 17.20 17.27 17.33 17.28 17.25 17.24 17.25 17.26 17.26 17.24 17.23 17.20 17.23 17.24 17.24 17.23 17.21 17.21 17.20 17.25 17.26 17.25 17.24 17.23 17.23 17.26 17.25 17.24 17.23 17.22 17.24 17.24 17.27 17.31 17.31 17.23 17.23
17.27 17.29 17.27 17.27 17.24 17.23 17.22 17.22 17.18 17.17 17.21 17.18 17.24 17.23 17.27 17.25 17.27 17.29 17.31 17.28 17.29 17.27 17.24 17.25 17.21 17.22 17.23 17.23 17.23 17.27 17.20 17.20 17.21 17.21 17.22 17.23 17.26 17.23 17.24 17.18 17.17 17.27 17.36 17.34 17.30 17.25 17.23 17.27 17.27 17.26 17.28 17.27 17.25 17.27 17.20 17.22 17.22 17.19 17.23 17.24 17.23 17.20 17.21 17.21 17.22 17.22 17.24 17.23 17.24 17.22 17.24 17.23 17.20 17.25 17.30 17.27 17.26
17.25 17.28 17.29 17.27 17.20 17.20 17.18 17.18 17.14 17.12 17.09 17.23 17.26 17.32 17.31 17.24 17.20 17.13 17.23 17.27 17.25 17.25 17.25 17.20 17.09 17.06 17.11 17.18 17.23 17.19 17.17 17.18 17.21 17.16 17.18 17.19 17.19 17.15 17.14 17.10 17.10 17.19 17.22 17.32 17.28 17.29 17.22 17.26 17.25 17.24 17.26 17.32 17.33 17.29 17.29 17.25 17.18 17.15 17.21 17.22 17.23 17.21 17.21 17.19 17.21 17.22 17.22 17.24 17.23 17.24 17.21 17.17 17.15 17.19 17.20 17.23 17.25
17.22 17.21 17.24 17.25 17.19 17.16 17.10 17.13 17.14 17.15 17.17 17.31 17.29 17.32 17.31 17.24 17.12 17.11 17.09 17.17 17.21 17.21 17.23 17.19 17.20 17.16 17.15 17.19 17.16 17.17 17.19 17.16 17.14 17.17 17.19 17.15 17.14 17.19 17.23 17.17 17.12 17.07 17.12 17.19 17.26 17.31 17.28 17.27 17.27 17.26 17.25 17.25 17.23 17.25 17.27 17.24 17.20 17.18 17.21 17.22 17.22 17.17 17.14 17.12 17.14 17.14 17.16 17.16 17.18 17.21 17.17 17.15 17.16 17.22 17.23 17.19 17.17
17.21 17.20 17.18 17.17 17.16 17.14 17.03 17.06 17.13 17.20 17.22 17.24 17.28 17.26 17.22 17.19 17.14 17.13 17.16 17.18 17.17 17.20 17.13 17.19 17.14 17.15 17.15 17.14 17.14 17.11 17.13 17.14 17.13 17.17 17.20 17.16 17.05 16.93 17.05 17.09 17.10 17.03 17.12 17.12 17.13 17.26 17.28 17.30 17.29 17.30 17.29 17.21 17.21 17.23 17.27 17.22 17.20 17.18 17.14 17.15 17.12 17.18 17.16 17.21 17.14 17.12 17.16 17.14 17.14 17.13 17.14 17.03 17.09 17.22 17.21 17.14 17.18
17.18 17.15 17.14 17.13 17.13 17.09 17.07 17.10 17.14 17.17 17.19 17.09 17.12 17.18 17.18 17.17 17.19 17.16 17.14 17.12 17.13 17.17 17.18 17.14 17.20 17.17 17.13 17.12 17.07 17.11 17.16 17.05 17.08 17.15 17.18 17.13 17.13 17.13 17.12 17.01 16.95 17.06 17.10 17.10 17.14 17.23 17.27 17.25 17.25 17.28 17.27 17.21 17.23 17.22 17.26 17.24 17.27 17.17 17.17 17.13 17.12 17.12 17.08 17.14 17.09 17.12 17.14 17.13 17.15 17.14 17.15 17.14 17.16 17.12 17.22 17.17 17.10
17.18 17.16 17.12 17.08 17.06 17.04 17.05 17.13 17.12 17.06 17.09 17.13 17.12 17.15 17.15 17.13 17.10 17.15 17.14 17.12 17.06 17.14 17.14 17.14 17.12 17.15 17.13 17.12 17.10 17.13 17.15 17.19 17.04 17.07 17.11 17.08 17.09 17.05 17.04 17.12 17.03 16.98 17.11 17.12 17.12 17.15 17.21 17.18 17.21 17.21 17.22 17.17 17.21 17.18 17.19 17.11 17.15 17.17 17.14 17.14 17.10 17.10 17.03 17.02 17.08 17.11 17.15 17.10 17.14 17.14 17.11 17.12 17.15 17.14 17.10 17.08 16.78
