BOM_solar_grid_data_201906/2019062220190622.grid
ncols 839
nrows 679
xllcenter 112.0500
yllcenter -43.9500
cellsize 0.0500
nodata_value 99999.90
[rows 238 to 271 of 679, columns 539 to 615 of 839]
16.18 16.19 16.15 16.24 16.22 16.16 16.18 16.16 16.15 16.09 16.13 16.22 15.90 16.09 16.02 16.16 16.14 15.94 15.87 15.99 15.62 15.69 15.53 15.67 15.27 15.30 15.73 16.26 16.17 16.18 16.27 16.23 16.27 16.26 15.94 15.92 15.85 15.80 15.71 15.62 15.97 16.32 16.29 16.07 16.31 16.35 16.34 16.32 16.33 16.32 16.30 16.33 16.34 16.28 16.33 16.34 16.34 16.35 16.35 16.21 16.20 16.34 16.35 16.28 16.25 15.94 15.93 16.00 16.01 16.00 15.93 15.81 15.97 16.07 15.97 15.83 15.89
16.01 15.95 16.11 16.19 16.18 16.24 16.29 16.30 16.26 16.24 16.13 16.13 15.87 15.87 15.87 16.16 16.03 15.94 16.00 15.95 15.62 15.80 15.62 15.68 15.76 15.68 15.76 15.84 16.19 15.98 16.14 16.30 16.33 16.29 15.99 16.21 15.83 15.74 15.65 15.40 16.21 16.09 16.15 16.02 16.32 16.33 16.33 16.32 16.31 16.10 16.21 16.32 16.32 16.30 16.31 16.33 16.32 16.32 16.32 16.17 16.33 16.32 16.32 16.32 16.16 16.01 15.99 15.94 15.99 15.95 15.89 15.93 15.99 16.17 15.91 15.79 15.86
15.97 16.16 16.18 16.14 16.17 16.19 16.28 16.29 16.14 15.98 15.89 15.86 15.71 15.84 15.80 16.01 15.82 15.71 15.99 16.01 16.01 16.04 16.21 15.83 15.81 15.77 15.97 15.67 15.61 15.54 15.84 16.20 16.25 16.23 16.13 16.03 16.10 15.86 15.59 15.59 16.28 16.19 16.11 15.82 16.21 16.29 16.23 16.29 16.27 15.76 15.78 16.25 16.30 16.29 16.30 16.07 16.25 16.30 16.30 16.20 16.32 16.30 16.30 16.30 16.19 16.01 15.81 15.88 15.95 15.99 15.95 15.82 15.79 15.85 15.90 15.89 15.95
16.10 16.22 16.22 16.25 16.16 16.28 16.31 16.30 16.28 16.24 16.24 15.94 15.89 16.02 15.89 15.87 15.60 15.40 15.34 15.52 15.56 16.09 16.21 16.01 15.72 15.84 16.03 16.02 15.59 15.65 16.21 16.27 16.25 16.16 16.30 15.81 15.86 15.81 15.59 16.12 16.21 16.22 15.91 15.75 16.12 16.26 16.21 16.27 16.16 15.66 15.65 16.25 16.26 16.27 16.15 15.87 16.08 16.28 16.29 16.17 16.30 16.28 16.29 16.29 16.21 16.13 16.06 16.03 15.98 15.94 16.07 15.96 15.84 15.91 15.92 15.87 15.93
16.14 16.22 16.20 16.22 16.10 16.16 16.24 16.24 16.17 16.24 16.27 16.11 16.08 16.17 16.12 16.02 15.88 15.50 15.47 15.29 15.22 15.39 15.95 16.18 15.78 15.76 15.98 15.84 15.56 15.63 16.15 16.27 16.27 16.09 15.98 15.92 15.86 15.81 15.82 16.01 16.09 15.97 15.72 15.69 16.00 16.22 15.99 15.88 15.72 15.46 15.63 15.65 15.90 16.01 16.24 16.18 16.11 16.14 16.24 16.20 16.27 16.25 16.25 16.23 16.22 16.14 16.11 16.10 15.93 15.93 16.05 16.11 15.94 16.02 15.91 15.79 15.84
16.09 16.15 16.05 15.95 15.99 16.15 16.18 16.18 16.08 16.15 16.21 16.21 16.27 16.07 15.98 15.78 15.95 15.71 15.52 15.36 15.30 15.50 15.70 15.75 15.99 15.66 15.84 15.94 16.10 16.14 16.25 16.20 16.20 16.24 16.00 15.90 15.94 15.76 15.82 15.91 15.89 15.72 15.66 15.72 16.02 16.18 15.82 15.78 15.43 15.30 15.61 15.56 15.68 15.92 16.04 16.18 16.24 16.16 16.24 16.20 16.26 16.25 16.24 16.23 16.25 16.20 16.13 16.15 16.03 16.06 16.10 16.08 15.91 15.85 15.90 15.90 16.00
16.04 16.00 16.10 16.02 16.16 16.17 16.15 16.10 15.95 16.10 16.13 16.10 16.21 16.07 16.03 16.16 16.15 16.03 15.46 15.20 15.35 15.38 15.62 15.64 16.05 15.78 15.84 16.07 16.14 16.14 16.22 16.11 16.04 16.07 15.88 15.91 15.85 15.95 16.04 15.99 15.93 15.77 15.99 15.94 16.10 16.04 15.70 15.72 15.69 15.38 15.51 15.51 15.53 16.01 16.05 16.19 16.17 16.24 16.23 16.23 16.23 16.22 16.21 16.22 16.20 16.11 16.13 16.11 15.95 16.12 16.17 15.95 15.84 15.82 15.82 15.98 15.90
15.89 16.06 16.14 16.20 16.19 16.15 16.13 16.13 16.04 16.03 16.06 16.11 16.18 16.07 16.04 16.13 16.14 16.10 15.89 15.73 15.56 15.37 15.72 15.61 15.91 15.97 16.06 16.13 16.21 16.20 16.14 15.88 15.87 15.87 15.71 15.81 15.81 16.19 16.18 16.17 16.17 16.16 15.78 15.70 15.92 15.68 15.55 15.55 15.65 15.38 15.34 15.54 15.61 16.13 16.20 16.21 16.21 16.15 16.22 16.22 16.20 16.20 16.20 16.20 16.20 16.19 16.18 16.19 15.99 16.05 15.81 15.78 15.85 15.85 15.99 16.16 15.77
15.92 16.00 16.06 16.08 16.20 16.17 16.12 16.11 16.07 15.98 16.03 16.02 16.09 16.05 16.14 16.16 16.18 16.09 15.85 15.71 15.65 15.67 15.57 15.54 15.87 15.89 16.05 16.14 16.13 16.20 15.77 15.86 15.73 15.73 15.79 15.62 16.01 16.17 16.17 16.17 16.08 16.13 16.04 15.40 15.44 15.41 15.53 15.20 15.18 15.46 15.55 15.44 15.37 15.94 16.02 16.12 16.17 16.18 16.13 16.19 16.17 16.17 16.17 16.17 16.18 16.17 16.11 16.13 15.81 15.86 15.86 15.88 15.94 15.99 16.15 16.13 15.97
15.77 15.73 15.86 16.00 16.11 16.12 16.11 16.12 16.07 15.96 15.97 15.95 16.09 15.98 16.13 16.16 16.04 16.12 15.88 15.85 15.59 15.72 15.29 15.54 15.75 15.71 15.85 16.01 15.94 16.17 15.83 15.84 15.77 15.72 15.62 15.46 16.00 15.99 16.09 16.12 16.16 16.14 16.14 15.71 15.24 15.30 15.27 15.10 15.04 15.07 15.19 15.58 15.43 15.59 15.83 16.04 16.18 16.17 16.12 16.16 16.17 16.17 16.17 16.17 16.16 16.16 16.14 15.94 15.87 16.12 15.88 15.93 15.79 15.95 16.05 15.95 16.06
15.74 15.78 15.87 15.96 15.95 15.99 16.04 16.13 16.02 15.95 15.97 16.02 16.04 16.03 15.98 16.14 16.14 16.12 15.92 15.81 15.75 15.64 15.65 15.75 15.88 15.74 15.89 16.12 16.14 16.13 15.78 15.95 15.77 15.72 15.52 15.53 15.87 15.84 16.05 16.15 16.15 16.11 16.12 16.06 15.34 15.12 15.25 14.96 15.01 15.16 15.13 15.48 15.81 15.68 15.49 15.84 16.12 16.10 16.12 16.19 16.17 16.16 16.15 16.15 16.14 16.14 16.10 15.86 16.04 16.08 15.95 16.00 15.83 15.75 16.03 15.93 16.00
15.99 15.97 15.92 16.00 15.99 16.04 16.02 16.02 15.95 15.85 15.95 15.98 16.01 16.00 15.97 15.90 15.98 16.09 15.97 15.89 15.87 15.46 15.37 15.79 15.91 15.94 15.91 16.07 16.01 15.98 15.63 15.96 15.67 15.57 15.42 15.52 15.88 16.00 16.14 16.09 16.05 16.07 15.98 15.95 15.41 15.16 14.99 14.95 15.29 15.08 15.20 15.86 15.96 15.91 15.67 15.88 16.13 16.08 16.10 16.20 16.15 16.14 16.12 16.13 16.12 16.12 16.03 15.82 15.99 16.04 15.91 15.72 15.89 15.90 16.02 15.87 15.97
15.99 16.00 16.06 16.04 16.07 15.94 16.03 16.00 15.94 15.91 15.94 15.93 16.01 16.02 16.09 16.06 15.83 15.84 15.78 15.75 15.85 15.68 15.69 15.64 15.90 15.97 15.93 15.62 16.03 15.91 15.75 15.85 15.73 15.68 15.64 15.44 15.89 15.90 15.87 15.92 16.05 15.92 16.06 15.95 15.18 15.06 15.30 15.06 15.44 15.12 15.58 16.04 16.09 16.09 16.07 15.82 16.08 16.10 16.13 16.16 16.13 16.12 16.10 16.10 16.10 16.10 16.04 15.98 16.08 16.08 15.70 15.69 15.92 16.00 16.09 15.99 16.11
16.01 16.03 15.97 16.02 15.91 15.96 16.02 16.06 15.93 15.99 15.94 15.96 16.03 16.00 15.91 16.00 15.91 15.80 15.76 15.68 15.83 15.62 15.58 15.52 15.50 15.81 15.94 15.71 16.00 15.90 15.82 15.87 15.85 15.78 15.71 15.56 15.80 15.68 16.05 15.96 15.90 15.87 16.00 15.95 15.30 14.87 15.10 15.12 15.22 15.30 15.70 15.84 15.97 16.07 16.06 16.06 16.05 16.05 16.09 16.12 15.98 16.11 16.09 16.08 16.08 16.09 16.06 16.07 16.08 15.92 15.65 15.69 16.08 16.01 15.91 16.06 16.10
15.97 15.90 15.93 15.90 15.89 15.87 16.03 16.02 15.90 15.95 15.89 15.99 15.98 15.91 15.91 15.85 15.84 15.77 15.76 15.69 15.79 15.75 15.57 15.30 15.34 15.52 15.87 15.81 15.97 15.69 15.66 15.83 15.88 15.86 15.44 15.66 15.87 15.89 15.69 15.61 15.71 15.78 15.92 15.75 15.23 15.15 15.18 15.24 15.37 15.44 15.72 15.77 16.02 16.01 16.06 16.06 16.06 16.06 15.96 16.04 16.07 15.99 16.08 16.08 16.06 16.05 16.07 16.06 15.91 15.78 15.65 15.97 16.05 16.04 15.73 16.05 16.05
15.93 15.90 15.87 15.86 15.84 15.96 15.97 15.88 15.91 16.03 15.94 15.83 15.94 15.91 15.78 15.77 15.74 15.78 15.78 15.72 15.82 15.68 15.62 15.38 15.20 15.26 15.42 15.46 15.62 15.46 15.67 15.85 15.76 15.63 15.41 15.68 15.83 15.85 15.72 15.61 15.49 15.66 15.79 15.86 15.25 15.06 14.99 15.50 15.30 15.37 15.34 15.84 15.95 16.02 16.03 16.05 16.05 16.04 16.02 15.89 15.80 15.95 15.93 15.87 15.97 16.08 16.05 16.03 15.60 15.45 15.61 15.99 16.01 15.79 15.83 16.01 16.01
15.94 15.90 15.78 15.95 15.75 15.93 15.91 15.99 16.03 16.03 15.80 15.76 15.90 16.01 15.89 15.73 15.73 15.70 15.84 15.73 15.70 15.79 15.59 15.43 15.29 15.29 15.47 15.32 15.50 15.57 15.71 15.75 15.64 15.63 15.53 15.76 15.78 15.70 15.55 15.52 15.61 15.82 15.91 15.73 15.62 15.55 15.29 15.15 15.51 15.64 15.67 15.65 16.02 15.96 15.99 15.87 15.98 15.84 15.88 15.97 15.91 15.98 15.79 15.86 15.94 15.93 16.03 15.95 15.69 15.47 15.74 16.00 15.99 15.96 15.88 15.97 15.99
15.95 15.82 15.74 15.98 15.71 15.97 15.84 15.98 16.01 15.85 15.83 15.82 15.82 15.88 15.94 15.79 15.76 15.65 15.82 15.70 15.66 15.74 15.62 15.45 15.41 15.37 15.44 15.43 15.54 15.56 15.71 15.71 15.59 15.67 15.54 15.76 15.70 15.68 15.71 15.66 15.76 15.85 15.69 15.71 15.61 15.67 15.59 15.60 15.50 15.60 15.71 15.75 15.64 15.97 16.00 16.01 15.86 15.67 15.74 15.75 15.89 15.85 15.97 15.86 15.95 15.91 15.92 15.66 15.69 15.62 15.93 15.97 15.92 15.71 15.67 15.97 15.98
15.89 15.87 15.84 15.82 15.61 15.90 15.82 15.80 15.98 15.97 15.87 15.91 15.75 15.80 15.88 15.81 15.78 15.76 15.65 15.70 15.70 15.58 15.65 15.58 15.43 15.58 15.55 15.44 15.57 15.70 15.76 15.63 15.58 15.53 15.64 15.84 15.75 15.78 15.74 15.71 15.21 15.59 15.75 15.80 15.73 15.67 15.57 15.63 15.60 15.72 15.85 15.96 15.91 15.73 15.97 16.03 15.84 15.67 15.84 15.81 15.80 15.89 15.92 15.99 15.97 15.94 15.77 15.60 15.59 15.89 15.94 15.91 15.93 15.88 15.81 15.89 15.91
15.86 15.83 15.84 15.90 15.85 15.82 15.88 15.92 15.86 15.92 15.95 15.91 15.84 15.81 15.87 15.82 15.82 15.73 15.72 15.65 15.45 15.50 15.53 15.61 15.52 15.44 15.48 15.45 15.49 15.66 15.72 15.64 15.47 15.75 15.81 15.80 15.85 15.87 15.75 15.44 15.04 15.26 15.47 15.54 15.67 15.62 15.58 15.65 15.62 15.87 15.91 15.91 15.73 15.63 15.93 15.98 15.78 15.82 15.87 15.77 15.80 15.77 15.87 15.94 15.92 15.87 15.71 15.69 15.77 15.94 15.94 15.93 15.94 15.95 15.92 15.91 15.94
15.91 15.84 15.81 15.87 15.94 15.94 15.90 15.84 15.69 15.85 15.94 15.91 15.87 15.74 15.87 15.75 15.63 15.55 15.71 15.73 15.56 15.48 15.49 15.60 15.58 15.57 15.57 15.56 15.61 15.61 15.53 15.55 15.56 15.80 15.76 15.74 15.75 15.87 15.79 15.43 15.05 15.22 15.44 15.47 15.79 15.79 15.74 15.63 15.82 15.89 15.78 15.83 15.74 15.78 15.94 15.93 15.84 15.71 15.80 15.86 15.88 15.83 15.88 15.85 15.91 15.82 15.55 15.63 15.82 15.94 15.91 15.88 15.88 15.90 15.76 15.86 15.90
15.87 15.96 15.90 15.94 15.94 15.95 15.93 15.81 15.90 15.85 15.88 15.85 15.89 15.76 15.83 15.75 15.65 15.64 15.62 15.66 15.59 15.56 15.62 15.52 15.51 15.55 15.70 15.65 15.67 15.55 15.30 15.50 15.73 15.75 15.81 15.79 15.83 15.87 15.59 15.50 15.25 15.35 15.47 15.47 15.75 15.87 15.89 15.83 15.79 15.81 15.65 15.71 15.74 15.65 15.84 15.67 15.49 15.72 15.67 15.64 15.81 15.81 15.78 15.65 15.71 15.84 15.63 15.63 15.87 15.90 15.89 15.86 15.83 15.78 15.69 15.81 15.89
15.89 15.89 15.88 15.91 15.89 15.81 15.91 15.91 15.85 15.85 15.86 15.89 15.71 15.75 15.73 15.81 15.52 15.55 15.64 15.68 15.55 15.68 15.57 15.57 15.48 15.63 15.72 15.65 15.62 15.54 15.62 15.77 15.78 15.76 15.86 15.89 15.86 15.75 15.53 15.36 15.40 15.46 15.56 15.50 15.74 15.84 15.78 15.85 15.86 15.64 15.72 15.75 15.75 15.59 15.46 15.59 15.68 15.68 15.62 15.59 15.59 15.77 15.84 15.69 15.71 15.80 15.56 15.75 15.88 15.87 15.86 15.86 15.87 15.85 15.84 15.81 15.80
15.90 15.88 15.87 15.84 15.83 15.83 15.83 15.83 15.87 15.88 15.83 15.79 15.52 15.56 15.74 15.73 15.39 15.52 15.72 15.56 15.42 15.63 15.53 15.54 15.58 15.63 15.65 15.61 15.65 15.64 15.68 15.67 15.70 15.76 15.81 15.82 15.80 15.64 15.59 15.50 15.37 15.49 15.39 15.39 15.32 15.53 15.70 15.66 15.60 15.52 15.61 15.77 15.77 15.61 15.57 15.68 15.82 15.76 15.68 15.69 15.67 15.55 15.56 15.71 15.81 15.82 15.62 15.75 15.84 15.83 15.84 15.84 15.84 15.84 15.85 15.83 15.78
15.74 15.82 15.78 15.79 15.83 15.89 15.89 15.87 15.71 15.70 15.87 15.72 15.57 15.61 15.68 15.50 15.49 15.73 15.82 15.52 15.49 15.56 15.56 15.57 15.61 15.60 15.53 15.56 15.69 15.65 15.70 15.70 15.67 15.78 15.79 15.82 15.75 15.65 15.63 15.67 15.54 15.47 15.43 15.44 15.24 15.42 15.54 15.62 15.41 15.51 15.68 15.75 15.74 15.65 15.64 15.74 15.84 15.85 15.85 15.84 15.75 15.60 15.60 15.66 15.86 15.76 15.81 15.76 15.75 15.80 15.84 15.81 15.82 15.82 15.79 15.77 15.77
15.76 15.80 15.75 15.70 15.72 15.75 15.75 15.77 15.75 15.68 15.83 15.80 15.56 15.58 15.59 15.50 15.60 15.79 15.75 15.49 15.57 15.65 15.59 15.62 15.50 15.48 15.46 15.53 15.50 15.63 15.65 15.64 15.70 15.68 15.73 15.74 15.68 15.65 15.69 15.59 15.63 15.63 15.43 15.60 15.44 15.48 15.55 15.62 15.48 15.49 15.54 15.55 15.66 15.31 15.45 15.85 15.82 15.83 15.83 15.75 15.58 15.64 15.65 15.79 15.83 15.79 15.82 15.78 15.75 15.82 15.82 15.80 15.80 15.79 15.75 15.74 15.71
15.79 15.81 15.80 15.70 15.64 15.65 15.66 15.72 15.59 15.62 15.69 15.72 15.77 15.63 15.61 15.50 15.60 15.63 15.58 15.50 15.49 15.64 15.61 15.51 15.48 15.51 15.53 15.52 15.48 15.62 15.61 15.62 15.66 15.67 15.70 15.61 15.63 15.63 15.62 15.65 15.67 15.66 15.56 15.70 15.49 15.55 15.66 15.58 15.54 15.53 15.57 15.38 15.22 15.44 15.80 15.81 15.80 15.80 15.73 15.78 15.63 15.55 15.69 15.79 15.80 15.81 15.78 15.70 15.80 15.82 15.80 15.78 15.80 15.78 15.76 15.80 15.79
15.73 15.73 15.77 15.70 15.62 15.59 15.70 15.70 15.63 15.64 15.69 15.68 15.78 15.75 15.56 15.40 15.54 15.61 15.56 15.49 15.48 15.52 15.45 15.46 15.58 15.52 15.50 15.59 15.59 15.63 15.57 15.49 15.64 15.66 15.60 15.61 15.59 15.62 15.64 15.61 15.64 15.67 15.60 15.72 15.58 15.71 15.66 15.59 15.56 15.60 15.35 15.12 15.44 15.71 15.77 15.78 15.78 15.77 15.77 15.72 15.77 15.67 15.75 15.78 15.78 15.76 15.67 15.71 15.77 15.80 15.69 15.75 15.76 15.77 15.75 15.77 15.78
15.75 15.66 15.77 15.72 15.71 15.63 15.67 15.60 15.58 15.60 15.64 15.62 15.64 15.74 15.71 15.40 15.26 15.29 15.32 15.38 15.44 15.29 15.39 15.56 15.56 15.52 15.65 15.61 15.67 15.65 15.60 15.57 15.65 15.64 15.62 15.66 15.62 15.64 15.66 15.71 15.66 15.66 15.48 15.61 15.62 15.65 15.64 15.57 15.52 15.41 15.27 15.23 15.64 15.76 15.76 15.76 15.67 15.75 15.75 15.76 15.73 15.74 15.76 15.74 15.74 15.68 15.73 15.74 15.72 15.73 15.71 15.71 15.75 15.75 15.73 15.73 15.74
15.74 15.73 15.54 15.55 15.68 15.57 15.59 15.56 15.55 15.58 15.60 15.54 15.51 15.72 15.71 15.53 15.24 15.20 15.20 15.27 15.30 15.26 15.38 15.51 15.54 15.51 15.56 15.58 15.53 15.61 15.61 15.57 15.61 15.60 15.63 15.66 15.62 15.63 15.61 15.61 15.69 15.68 15.58 15.53 15.62 15.68 15.66 15.61 15.55 15.37 15.32 15.61 15.74 15.73 15.76 15.75 15.71 15.74 15.72 15.73 15.73 15.73 15.72 15.71 15.71 15.70 15.69 15.72 15.71 15.65 15.66 15.73 15.72 15.73 15.72 15.72 15.71
15.63 15.71 15.55 15.61 15.68 15.56 15.53 15.57 15.60 15.56 15.59 15.50 15.47 15.65 15.70 15.62 15.23 15.26 15.16 15.33 15.29 15.38 15.46 15.56 15.65 15.59 15.56 15.52 15.50 15.58 15.58 15.56 15.56 15.62 15.65 15.63 15.59 15.60 15.62 15.55 15.66 15.64 15.66 15.60 15.52 15.48 15.62 15.41 15.44 15.45 15.64 15.75 15.76 15.77 15.78 15.74 15.71 15.73 15.72 15.72 15.71 15.71 15.70 15.71 15.71 15.68 15.67 15.70 15.62 15.68 15.70 15.68 15.70 15.71 15.70 15.70 15.70
15.35 15.42 15.39 15.62 15.63 15.53 15.51 15.53 15.53 15.49 15.54 15.52 15.47 15.66 15.67 15.59 15.35 15.11 15.13 15.40 15.42 15.51 15.51 15.48 15.52 15.60 15.50 15.55 15.52 15.60 15.62 15.56 15.56 15.67 15.61 15.62 15.57 15.57 15.57 15.57 15.54 15.49 15.45 15.51 15.62 15.39 15.32 15.18 15.35 15.64 15.71 15.70 15.74 15.73 15.78 15.75 15.73 15.71 15.69 15.70 15.69 15.69 15.69 15.69 15.69 15.69 15.65 15.69 15.63 15.62 15.59 15.68 15.69 15.69 15.68 15.67 15.68
15.48 15.41 15.38 15.61 15.60 15.57 15.55 15.50 15.49 15.52 15.59 15.56 15.57 15.49 15.64 15.58 15.41 15.11 15.11 15.35 15.26 15.29 15.56 15.57 15.61 15.65 15.60 15.53 15.56 15.49 15.58 15.58 15.55 15.53 15.52 15.41 15.46 15.51 15.52 15.39 15.42 15.38 15.40 15.39 15.42 15.26 15.19 15.12 15.65 15.68 15.68 15.71 15.69 15.68 15.71 15.71 15.68 15.67 15.63 15.70 15.68 15.67 15.68 15.67 15.66 15.67 15.66 15.66 15.67 15.62 15.62 15.69 15.65 15.65 15.65 15.65 15.64
15.41 15.27 15.37 15.63 15.58 15.58 15.56 15.60 15.56 15.49 15.45 15.52 15.29 15.64 15.61 15.59 15.41 15.24 15.25 15.32 15.32 15.01 15.34 15.59 15.57 15.55 15.51 15.54 15.48 15.48 15.52 15.57 15.58 15.47 15.49 15.44 15.45 15.50 15.43 15.48 15.41 15.44 15.36 15.19 15.21 15.19 15.44 15.36 15.44 15.59 15.62 15.68 15.64 15.65 15.65 15.66 15.66 15.61 15.65 15.64 15.70 15.65 15.63 15.66 15.60 15.65 15.65 15.65 15.65 15.65 15.65 15.65 15.64 15.63 15.62 15.63 15.63
