BOM_solar_grid_data_201906/2019061720190617.grid
ncols 839
nrows 679
xllcenter 112.0500
yllcenter -43.9500
cellsize 0.0500
nodata_value 99999.90
[rows 136 to 169 of 679, columns 154 to 230 of 839]
99999.90 99999.90 99999.90 99999.90 99999.90 99999.90 99999.90 99999.90 99999.90 99999.90 99999.90 99999.90 99999.90 99999.90 99999.90 99999.90 99999.90 99999.90 99999.90 99999.90 99999.90 99999.90 99999.90 99999.90 99999.90 99999.90 99999.90 99999.90 99999.90 99999.90 99999.90 99999.90 99999.90 99999.90 99999.90 99999.90 99999.90 99999.90 99999.90 18.08 18.08 18.15 18.15 18.15 18.15 18.15 18.15 18.30 18.30 18.30 18.30 18.30 18.34 18.34 18.15 18.15 18.15 18.15 18.19 18.22 18.31 18.28 18.27 18.21 18.22 18.15 18.19 18.21 18.21 18.21 18.04 18.04 18.19 18.19 18.40 18.40 18.40
99999.90 99999.90 99999.90 99999.90 99999.90 99999.90 99999.90 99999.90 99999.90 99999.90 99999.90 99999.90 99999.90 99999.90 99999.90 99999.90 99999.90 99999.90 99999.90 99999.90 99999.90 99999.90 99999.90 99999.90 99999.90 99999.90 99999.90 99999.90 99999.90 99999.90 99999.90 99999.90 99999.90 99999.90 99999.90 99999.90 99999.90 99999.90 99999.90 18.08 18.08 18.08 18.15 18.15 18.15 18.15 18.15 18.15 18.30 18.30 18.30 18.30 18.34 18.34 18.34 18.05 18.05 18.05 18.02 18.11 18.22 18.24 18.22 18.22 18.15 18.11 18.22 18.15 18.15 18.04 18.04 18.19 18.19 18.19 18.02 18.02 18.02
99999.90 99999.90 99999.90 99999.90 99999.90 99999.90 99999.90 99999.90 99999.90 99999.90 99999.90 99999.90 99999.90 99999.90 99999.90 99999.90 99999.90 99999.90 99999.90 99999.90 99999.90 99999.90 99999.90 99999.90 99999.90 99999.90 99999.90 99999.90 99999.90 99999.90 99999.90 99999.90 99999.90 99999.90 99999.90 99999.90 99999.90 99999.90 99999.90 18.08 18.08 18.08 18.08 18.08 18.15 18.15 18.15 18.15 18.15 18.30 18.30 18.30 18.30 18.34 18.34 18.14 18.05 18.05 18.03 18.15 18.24 18.19 18.24 18.24 18.25 18.16 18.16 18.05 18.04 18.04 18.19 18.19 18.19 18.19 18.02 18.02 18.02
99999.90 99999.90 99999.90 99999.90 99999.90 99999.90 99999.90 99999.90 99999.90 99999.90 99999.90 99999.90 99999.90 99999.90 99999.90 99999.90 99999.90 99999.90 99999.90 99999.90 99999.90 99999.90 99999.90 99999.90 99999.90 99999.90 99999.90 99999.90 99999.90 99999.90 99999.90 99999.90 99999.90 99999.90 99999.90 99999.90 99999.90 99999.90 18.08 18.08 18.08 18.08 18.08 18.08 18.08 18.15 18.15 18.15 18.15 18.15 18.30 18.30 18.30 18.34 18.34 18.14 18.09 18.04 18.10 18.16 18.18 18.15 18.19 18.23 18.25 18.26 18.17 18.06 18.15 18.19 18.19 18.19 18.08 18.08 18.02 18.02 18.02
99999.90 99999.90 99999.90 99999.90 99999.90 99999.90 99999.90 99999.90 99999.90 99999.90 99999.90 99999.90 99999.90 99999.90 99999.90 99999.90 99999.90 99999.90 99999.90 99999.90 99999.90 99999.90 99999.90 99999.90 99999.90 99999.90 99999.90 99999.90 99999.90 99999.90 99999.90 99999.90 99999.90 99999.90 99999.90 99999.90 99999.90 99999.90 18.08 18.08 18.08 18.08 18.08 18.08 18.08 18.08 17.98 18.15 18.15 18.15 18.15 18.30 18.30 18.24 18.17 18.24 18.09 18.04 18.04 18.10 18.10 18.05 18.09 18.20 18.24 18.24 18.20 18.06 18.13 18.21 18.21 18.08 18.08 18.08 18.02 18.02 18.02
99999.90 99999.90 99999.90 99999.90 99999.90 99999.90 99999.90 99999.90 99999.90 99999.90 99999.90 99999.90 99999.90 99999.90 99999.90 99999.90 99999.90 99999.90 99999.90 99999.90 99999.90 99999.90 99999.90 99999.90 99999.90 99999.90 99999.90 99999.90 99999.90 99999.90 99999.90 99999.90 99999.90 99999.90 99999.90 99999.90 99999.90 99999.90 18.08 18.08 18.08 18.08 18.08 18.08 18.08 18.08 18.08 17.98 17.98 18.15 18.15 18.15 18.18 18.10 18.14 18.14 18.08 18.00 18.02 17.99 18.11 18.13 17.98 18.18 18.14 18.17 18.18 18.18 18.14 18.17 18.08 18.08 18.08 18.13 18.20 18.20 18.20
99999.90 99999.90 99999.90 99999.90 99999.90 99999.90 99999.90 99999.90 99999.90 99999.90 99999.90 99999.90 99999.90 99999.90 99999.90 99999.90 99999.90 99999.90 99999.90 99999.90 99999.90 99999.90 99999.90 99999.90 99999.90 99999.90 99999.90 99999.90 99999.90 99999.90 99999.90 99999.90 99999.90 99999.90 99999.90 99999.90 99999.90 99999.90 18.08 18.08 18.08 18.08 18.08 18.08 18.08 18.08 18.08 18.08 17.98 17.98 17.96 17.96 18.17 18.04 18.08 18.13 18.09 18.02 18.04 18.02 18.09 18.05 18.09 18.16 18.13 18.17 18.17 18.21 18.18 18.13 18.05 18.05 18.13 18.13 17.82 18.20 18.20
99999.90 99999.90 99999.90 99999.90 99999.90 99999.90 99999.90 99999.90 99999.90 99999.90 99999.90 99999.90 99999.90 99999.90 99999.90 99999.90 99999.90 99999.90 99999.90 99999.90 99999.90 99999.90 99999.90 99999.90 99999.90 99999.90 99999.90 99999.90 99999.90 99999.90 99999.90 99999.90 99999.90 99999.90 99999.90 99999.90 99999.90 99999.90 18.08 18.08 18.08 18.08 18.08 18.08 18.08 18.08 18.08 18.08 18.08 17.98 17.98 18.22 18.15 18.17 18.10 18.08 18.05 17.99 17.99 17.97 18.06 18.07 18.09 18.15 18.08 18.09 18.12 18.17 18.17 18.19 18.17 18.13 18.13 17.82 17.82 18.20 17.78
99999.90 99999.90 99999.90 99999.90 99999.90 99999.90 99999.90 99999.90 99999.90 99999.90 99999.90 99999.90 99999.90 99999.90 99999.90 99999.90 99999.90 99999.90 99999.90 99999.90 99999.90 99999.90 99999.90 99999.90 99999.90 99999.90 99999.90 99999.90 99999.90 99999.90 99999.90 99999.90 99999.90 99999.90 99999.90 99999.90 99999.90 99999.90 18.08 18.08 18.08 18.08 18.08 18.08 18.08 18.08 18.08 18.08 18.08 18.08 18.13 18.10 18.10 18.09 18.10 18.14 18.11 17.96 17.96 17.95 18.00 17.97 18.04 18.00 18.08 18.08 18.06 17.98 17.98 18.03 18.14 18.08 17.82 17.82 17.82 15.52 17.01
99999.90 99999.90 99999.90 99999.90 99999.90 99999.90 99999.90 99999.90 99999.90 99999.90 99999.90 99999.90 99999.90 99999.90 99999.90 99999.90 99999.90 99999.90 99999.90 99999.90 99999.90 99999.90 99999.90 99999.90 99999.90 99999.90 99999.90 99999.90 99999.90 99999.90 99999.90 99999.90 99999.90 99999.90 99999.90 99999.90 99999.90 99999.90 18.08 18.08 18.08 18.16 18.16 18.16 18.16 18.16 18.16 18.16 18.16 18.16 18.04 18.03 18.08 18.13 18.10 18.00 18.01 17.97 17.96 18.00 17.99 17.91 17.99 18.02 18.08 18.06 18.06 17.98 17.93 17.96 18.06 17.49 17.56 17.56 15.52 15.52 17.28
99999.90 99999.90 99999.90 99999.90 99999.90 99999.90 99999.90 99999.90 99999.90 99999.90 99999.90 99999.90 99999.90 99999.90 99999.90 99999.90 99999.90 99999.90 99999.90 99999.90 99999.90 99999.90 99999.90 99999.90 99999.90 99999.90 99999.90 99999.90 99999.90 99999.90 99999.90 99999.90 99999.90 99999.90 99999.90 99999.90 99999.90 99999.90 18.08 18.08 18.08 18.08 18.08 18.08 18.07 18.07 18.07 18.07 18.07 18.07 18.04 18.06 18.12 18.10 18.10 18.05 18.01 18.01 18.05 18.01 17.98 17.97 18.00 17.93 17.99 18.02 17.98 17.98 17.98 18.01 18.11 17.27 16.50 15.52 15.52 15.52 17.28
99999.90 99999.90 99999.90 99999.90 99999.90 99999.90 99999.90 99999.90 99999.90 99999.90 99999.90 99999.90 99999.90 99999.90 99999.90 99999.90 99999.90 99999.90 99999.90 99999.90 99999.90 99999.90 99999.90 99999.90 99999.90 99999.90 99999.90 99999.90 99999.90 99999.90 99999.90 99999.90 99999.90 99999.90 99999.90 99999.90 99999.90 99999.90 18.08 18.08 18.08 18.08 18.08 18.08 18.08 18.08 18.08 18.08 18.08 18.08 18.08 18.02 18.05 18.12 18.06 18.02 18.02 18.00 17.99 18.02 17.96 18.02 18.03 18.00 18.00 18.00 18.00 17.99 18.06 18.09 18.09 17.64 15.68 16.74 16.74 18.01 16.62
99999.90 99999.90 99999.90 99999.90 99999.90 99999.90 99999.90 99999.90 99999.90 99999.90 99999.90 99999.90 99999.90 99999.90 99999.90 99999.90 99999.90 99999.90 99999.90 99999.90 99999.90 99999.90 99999.90 99999.90 99999.90 99999.90 99999.90 99999.90 99999.90 99999.90 99999.90 99999.90 99999.90 99999.90 99999.90 99999.90 99999.90 99999.90 18.08 18.08 18.08 18.08 18.08 18.08 18.08 18.08 18.08 18.08 18.12 18.12 18.10 18.03 18.01 18.06 17.99 17.99 18.06 17.98 17.94 18.00 18.02 17.99 17.93 17.95 17.96 17.99 17.99 18.01 18.07 18.00 18.00 18.03 18.01 18.01 18.01 18.01 16.96
99999.90 99999.90 99999.90 99999.90 99999.90 99999.90 99999.90 99999.90 99999.90 99999.90 99999.90 99999.90 99999.90 99999.90 99999.90 99999.90 99999.90 99999.90 99999.90 99999.90 99999.90 99999.90 99999.90 99999.90 99999.90 99999.90 99999.90 99999.90 99999.90 99999.90 99999.90 99999.90 99999.90 99999.90 99999.90 99999.90 99999.90 99999.90 18.08 18.08 18.08 18.08 18.08 18.08 18.08 18.08 18.08 18.08 18.08 18.02 17.95 17.94 17.99 17.99 17.94 17.92 17.93 17.95 17.94 17.95 17.97 17.98 17.95 17.94 17.90 17.82 17.92 17.98 18.04 18.00 17.99 18.00 18.00 17.91 17.87 17.63 17.63
99999.90 99999.90 99999.90 99999.90 99999.90 99999.90 99999.90 99999.90 99999.90 99999.90 99999.90 99999.90 99999.90 99999.90 99999.90 99999.90 99999.90 99999.90 99999.90 99999.90 99999.90 99999.90 99999.90 99999.90 99999.90 99999.90 99999.90 99999.90 99999.90 99999.90 99999.90 99999.90 99999.90 99999.90 99999.90 99999.90 99999.90 99999.90 18.07 18.07 18.07 18.07 18.07 18.07 18.07 18.07 18.07 18.07 18.07 17.99 17.97 17.97 17.88 17.86 17.84 17.87 17.95 17.98 17.92 17.89 17.90 17.92 17.88 17.90 17.86 17.92 17.95 17.90 17.94 17.98 17.89 17.95 18.00 17.95 17.79 17.43 17.43
99999.90 99999.90 99999.90 99999.90 99999.90 99999.90 99999.90 99999.90 99999.90 99999.90 99999.90 99999.90 99999.90 99999.90 99999.90 99999.90 99999.90 99999.90 99999.90 99999.90 99999.90 99999.90 99999.90 99999.90 99999.90 99999.90 99999.90 99999.90 99999.90 99999.90 99999.90 99999.90 99999.90 99999.90 99999.90 99999.90 99999.90 99999.90 18.07 18.07 18.07 18.07 18.07 18.07 18.07 18.07 18.07 18.07 18.07 17.98 17.91 17.90 17.83 17.88 17.86 17.84 17.89 17.89 17.94 17.86 17.81 17.83 17.88 17.85 17.88 17.93 17.88 17.87 17.85 17.93 17.78 17.89 17.90 17.83 17.48 17.24 17.73
99999.90 99999.90 99999.90 99999.90 99999.90 99999.90 99999.90 99999.90 99999.90 99999.90 99999.90 99999.90 99999.90 99999.90 99999.90 99999.90 99999.90 99999.90 99999.90 99999.90 99999.90 99999.90 99999.90 99999.90 99999.90 99999.90 99999.90 99999.90 99999.90 99999.90 99999.90 99999.90 99999.90 99999.90 99999.90 99999.90 99999.90 99999.90 18.07 18.07 18.07 18.07 18.07 18.07 18.07 18.07 18.07 17.96 17.96 17.96 17.91 17.91 17.90 17.91 17.87 17.84 17.86 17.86 17.90 17.92 17.81 17.72 17.78 17.83 17.82 17.87 17.90 17.81 17.78 17.86 17.80 17.84 17.86 17.67 17.34 17.48 17.67
99999.90 99999.90 99999.90 99999.90 99999.90 99999.90 99999.90 99999.90 99999.90 99999.90 99999.90 99999.90 99999.90 99999.90 99999.90 99999.90 99999.90 99999.90 99999.90 99999.90 99999.90 99999.90 99999.90 99999.90 99999.90 99999.90 99999.90 99999.90 99999.90 99999.90 99999.90 99999.90 99999.90 99999.90 99999.90 99999.90 99999.90 99999.90 18.07 18.07 18.07 18.07 18.07 18.07 18.07 17.96 17.96 17.96 17.96 17.96 17.88 17.95 17.88 17.92 17.91 17.89 17.82 17.76 17.79 17.80 17.90 17.79 17.84 17.85 17.83 17.91 17.81 17.76 17.76 17.75 17.77 17.89 17.85 17.88 17.81 17.80 17.83
99999.90 99999.90 99999.90 99999.90 99999.90 99999.90 99999.90 99999.90 99999.90 99999.90 99999.90 99999.90 99999.90 99999.90 99999.90 99999.90 99999.90 99999.90 99999.90 99999.90 99999.90 99999.90 99999.90 99999.90 99999.90 99999.90 99999.90 99999.90 99999.90 99999.90 99999.90 99999.90 99999.90 99999.90 99999.90 99999.90 99999.90 99999.90 18.07 18.07 18.07 18.07 18.07 17.96 17.96 17.96 17.96 17.96 17.84 17.84 17.84 17.88 17.90 17.90 17.89 17.87 17.90 17.83 17.82 17.80 17.74 17.81 17.85 17.87 17.85 17.92 17.89 17.84 17.81 17.62 17.71 17.71 17.82 17.84 17.79 17.71 17.66
99999.90 99999.90 99999.90 99999.90 99999.90 99999.90 99999.90 99999.90 99999.90 99999.90 99999.90 99999.90 99999.90 99999.90 99999.90 99999.90 99999.90 99999.90 99999.90 99999.90 99999.90 99999.90 99999.90 99999.90 99999.90 99999.90 99999.90 99999.90 99999.90 99999.90 99999.90 99999.90 99999.90 99999.90 99999.90 99999.90 99999.90 99999.90 18.07 18.07 18.07 17.96 17.96 17.96 17.96 17.96 17.90 17.90 17.90 17.90 17.90 17.88 17.88 17.84 17.87 17.82 17.85 17.88 17.94 17.89 17.75 17.83 17.87 17.86 17.83 17.80 17.76 17.73 17.74 17.71 17.67 17.64 17.70 17.67 17.71 17.69 17.67
99999.90 99999.90 99999.90 99999.90 99999.90 99999.90 99999.90 99999.90 99999.90 99999.90 99999.90 99999.90 99999.90 99999.90 99999.90 99999.90 99999.90 99999.90 99999.90 99999.90 99999.90 99999.90 99999.90 99999.90 99999.90 99999.90 99999.90 99999.90 99999.90 99999.90 99999.90 99999.90 99999.90 99999.90 99999.90 99999.90 99999.90 17.73 18.07 17.96 17.96 17.96 17.89 17.89 17.89 17.89 17.89 17.89 17.89 17.89 17.89 17.83 17.82 17.81 17.74 17.80 17.80 17.79 17.80 17.80 17.76 17.91 17.83 17.87 17.78 17.79 17.79 17.68 17.72 17.82 17.77 17.79 17.87 17.85 17.85 17.78 17.67
99999.90 99999.90 99999.90 99999.90 99999.90 99999.90 99999.90 99999.90 99999.90 99999.90 99999.90 99999.90 99999.90 99999.90 99999.90 99999.90 99999.90 99999.90 99999.90 99999.90 99999.90 99999.90 99999.90 99999.90 99999.90 99999.90 99999.90 99999.90 99999.90 99999.90 99999.90 99999.90 99999.90 99999.90 99999.90 99999.90 17.70 17.73 18.07 17.96 17.82 17.82 17.82 17.82 17.82 17.82 17.82 17.82 17.82 17.82 17.82 17.85 17.85 17.86 17.83 17.83 17.43 17.64 17.71 17.74 17.71 17.71 17.59 17.71 17.76 17.79 17.77 17.79 17.63 17.63 17.69 17.71 17.82 17.84 17.89 17.80 17.69
99999.90 99999.90 99999.90 99999.90 99999.90 99999.90 99999.90 99999.90 99999.90 99999.90 99999.90 99999.90 99999.90 99999.90 99999.90 99999.90 99999.90 99999.90 99999.90 99999.90 99999.90 99999.90 99999.90 99999.90 99999.90 99999.90 99999.90 99999.90 99999.90 99999.90 99999.90 99999.90 99999.90 99999.90 99999.90 17.66 17.70 17.70 17.73 17.73 17.91 17.91 17.91 17.91 17.91 17.91 17.91 17.91 17.91 17.91 17.91 17.84 17.72 17.64 17.56 17.40 17.49 17.55 17.41 17.66 17.75 17.70 17.70 17.74 17.79 17.78 17.80 17.74 17.70 17.69 17.69 17.74 17.76 17.69 17.77 17.75 17.76
99999.90 99999.90 99999.90 99999.90 99999.90 99999.90 99999.90 99999.90 99999.90 99999.90 99999.90 99999.90 99999.90 99999.90 99999.90 99999.90 99999.90 99999.90 99999.90 99999.90 99999.90 99999.90 99999.90 99999.90 99999.90 99999.90 99999.90 99999.90 99999.90 99999.90 99999.90 99999.90 17.55 17.55 17.55 17.55 17.55 17.55 17.55 17.55 17.73 17.91 17.91 17.91 17.91 17.91 17.91 17.91 17.91 17.91 17.91 17.84 17.72 16.95 17.55 17.60 17.53 17.51 17.67 17.79 17.75 17.78 17.78 17.74 17.70 17.68 17.69 17.77 17.70 17.70 17.71 17.66 17.67 17.70 17.71 17.64 17.71
99999.90 99999.90 99999.90 99999.90 99999.90 99999.90 99999.90 99999.90 99999.90 99999.90 99999.90 99999.90 99999.90 99999.90 99999.90 99999.90 99999.90 99999.90 99999.90 99999.90 99999.90 99999.90 99999.90 99999.90 99999.90 99999.90 99999.90 99999.90 99999.90 99999.90 99999.90 17.49 17.55 17.55 17.55 17.55 17.55 17.55 17.55 17.55 17.73 17.73 17.69 17.69 17.91 17.91 17.91 17.91 17.91 17.91 17.91 17.84 17.18 17.18 17.55 17.69 17.77 17.74 17.77 17.72 17.72 17.72 17.69 17.60 17.57 17.61 17.71 17.77 17.68 17.69 17.76 17.74 17.78 17.68 17.77 17.81 17.72
99999.90 99999.90 99999.90 99999.90 99999.90 99999.90 99999.90 99999.90 99999.90 99999.90 99999.90 99999.90 99999.90 99999.90 99999.90 99999.90 99999.90 99999.90 99999.90 99999.90 99999.90 99999.90 99999.90 99999.90 99999.90 99999.90 99999.90 99999.90 99999.90 99999.90 99999.90 17.49 17.49 17.55 17.55 17.55 17.55 17.55 17.55 17.55 17.55 17.73 17.73 17.69 17.69 17.64 17.64 17.64 17.64 17.72 17.68 17.68 17.04 17.04 17.89 17.85 17.75 17.68 17.74 17.71 17.71 17.67 17.68 17.61 17.53 17.62 17.67 17.74 17.65 17.68 17.70 17.67 17.68 17.68 17.74 17.81 17.81
99999.90 99999.90 99999.90 99999.90 99999.90 99999.90 99999.90 99999.90 99999.90 99999.90 99999.90 99999.90 99999.90 99999.90 99999.90 99999.90 99999.90 99999.90 99999.90 99999.90 99999.90 99999.90 99999.90 99999.90 99999.90 99999.90 99999.90 99999.90 99999.90 99999.90 99999.90 17.49 17.49 17.49 17.55 17.55 17.55 17.55 17.55 17.55 17.55 17.70 17.73 17.73 17.69 17.69 17.64 17.64 17.64 17.64 17.72 17.68 17.68 17.80 17.80 17.80 17.62 17.67 17.55 17.64 17.66 17.64 17.63 17.70 17.66 17.69 17.68 17.61 17.63 17.64 17.67 17.66 17.74 17.71 17.73 17.78 17.73
99999.90 99999.90 99999.90 99999.90 99999.90 99999.90 99999.90 99999.90 99999.90 99999.90 99999.90 99999.90 99999.90 99999.90 99999.90 99999.90 99999.90 99999.90 99999.90 99999.90 99999.90 99999.90 99999.90 99999.90 99999.90 99999.90 99999.90 99999.90 99999.90 99999.90 17.42 17.49 17.49 17.49 17.49 17.55 17.55 17.55 17.55 17.55 17.55 17.55 17.70 17.73 17.73 17.69 17.69 17.64 17.64 17.64 17.72 17.72 17.77 17.80 17.74 17.73 17.60 17.56 17.60 17.54 17.44 17.40 17.62 17.71 17.78 17.75 17.66 17.61 17.56 17.49 17.53 17.61 17.66 17.69 17.78 17.75 17.72
99999.90 99999.90 99999.90 99999.90 99999.90 99999.90 99999.90 99999.90 99999.90 99999.90 99999.90 99999.90 99999.90 99999.90 99999.90 99999.90 99999.90 99999.90 99999.90 99999.90 99999.90 99999.90 99999.90 99999.90 99999.90 99999.90 99999.90 99999.90 17.46 17.46 17.46 17.49 17.49 17.49 17.49 17.49 17.55 17.55 17.55 17.55 17.55 17.55 17.70 17.70 17.73 17.73 17.69 17.69 17.64 17.64 17.69 17.75 17.77 17.71 17.52 17.66 17.68 17.67 17.54 17.47 17.48 17.47 17.55 17.61 17.72 17.71 17.68 17.66 17.59 17.39 17.46 17.52 17.62 17.76 17.82 17.73 17.70
99999.90 99999.90 99999.90 99999.90 99999.90 99999.90 99999.90 99999.90 99999.90 99999.90 99999.90 99999.90 99999.90 99999.90 99999.90 99999.90 99999.90 99999.90 99999.90 99999.90 99999.90 99999.90 99999.90 99999.90 99999.90 99999.90 99999.90 99999.90 17.46 17.46 17.46 17.49 17.49 17.49 17.49 17.49 17.49 17.55 17.55 17.55 17.55 17.55 17.55 17.70 17.70 17.73 17.73 17.69 17.69 17.53 17.66 17.55 17.65 17.57 17.60 17.60 17.65 17.74 17.67 17.61 17.52 17.49 17.50 17.57 17.61 17.61 17.62 17.69 17.69 17.58 17.63 17.62 17.71 17.74 17.74 17.80 17.69
99999.90 99999.90 99999.90 99999.90 99999.90 99999.90 99999.90 99999.90 99999.90 99999.90 99999.90 99999.90 99999.90 99999.90 99999.90 99999.90 99999.90 99999.90 99999.90 99999.90 99999.90 99999.90 99999.90 99999.90 99999.90 99999.90 99999.90 99999.90 17.46 17.46 17.46 17.46 17.49 17.49 17.49 17.49 17.49 17.49 17.55 17.55 17.55 17.55 17.55 17.66 17.70 17.70 17.73 17.73 17.70 17.54 17.53 17.50 17.59 17.67 17.54 17.55 17.57 17.61 17.66 17.67 17.53 17.45 17.53 17.55 17.64 17.66 17.67 17.64 17.63 17.61 17.60 17.65 17.68 17.67 17.71 17.77 17.76
99999.90 99999.90 99999.90 99999.90 99999.90 99999.90 99999.90 99999.90 99999.90 99999.90 99999.90 99999.90 99999.90 99999.90 99999.90 99999.90 99999.90 99999.90 99999.90 99999.90 99999.90 99999.90 99999.90 99999.90 99999.90 99999.90 99999.90 99999.90 17.46 17.46 17.46 17.46 17.46 17.49 17.49 17.49 17.49 17.49 17.49 17.55 17.55 17.55 17.55 17.59 17.66 17.70 17.70 17.69 17.58 17.42 17.42 17.54 17.64 17.67 17.56 17.50 17.53 17.51 17.61 17.61 17.54 17.59 17.64 17.62 17.66 17.63 17.61 17.67 17.73 17.66 17.63 17.69 17.76 17.78 17.67 17.67 17.75
99999.90 99999.90 99999.90 99999.90 99999.90 99999.90 99999.90 99999.90 99999.90 99999.90 99999.90 99999.90 99999.90 99999.90 99999.90 99999.90 99999.90 99999.90 99999.90 99999.90 99999.90 99999.90 99999.90 99999.90 99999.90 99999.90 99999.90 17.42 17.46 17.46 17.46 17.46 17.46 17.46 17.46 17.49 17.49 17.49 17.49 17.49 17.55 17.55 17.55 17.59 17.66 17.66 17.65 17.45 17.42 17.44 17.49 17.57 17.63 17.65 17.69 17.65 17.67 17.54 17.44 17.46 17.38 17.39 17.55 17.69 17.68 17.61 17.56 17.66 17.81 17.70 17.65 17.68 17.72 17.72 17.69 17.75 17.79
99999.90 99999.90 99999.90 99999.90 99999.90 99999.90 99999.90 99999.90 99999.90 99999.90 99999.90 99999.90 99999.90 99999.90 99999.90 99999.90 99999.90 99999.90 99999.90 99999.90 99999.90 99999.90 99999.90 99999.90 99999.90 99999.90 99999.90 17.42 17.46 17.46 17.46 17.46 17.46 17.46 17.46 17.46 17.49 17.49 17.49 17.49 17.49 17.55 17.55 17.59 17.65 17.68 17.61 17.60 17.57 17.47 17.49 17.56 17.56 17.59 17.57 17.65 17.66 17.60 17.50 17.51 17.53 17.49 17.53 17.60 17.62 17.66 17.66 17.69 17.67 17.68 17.75 17.71 17.75 17.74 17.72 17.71 17.67
