BOM_solar_grid_data_201906/2019062020190620.grid
ncols 839
nrows 679
xllcenter 112.0500
yllcenter -43.9500
cellsize 0.0500
nodata_value 99999.90
[rows 68 to 101 of 679, columns 385 to 461 of 839]
19.78 19.72 19.71 19.73 19.66 19.67 19.66 19.64 19.67 19.69 19.59 19.67 19.72 19.68 19.60 19.70 19.72 19.72 19.72 19.75 19.69 19.73 19.79 19.84 19.85 19.87 19.86 19.87 19.86 19.87 19.86 19.86 19.87 19.87 19.87 19.87 19.88 19.89 19.88 19.89 19.88 19.88 19.87 19.86 19.86 19.85 19.85 19.85 19.86 19.86 19.86 19.86 19.86 19.86 19.86 19.87 19.87 19.88 19.85 19.86 19.88 19.88 19.88 19.88 19.88 19.88 19.90 19.89 19.90 19.89 19.90 19.91 19.89 19.89 19.89 19.90 19.91
19.69 19.69 19.70 19.68 19.72 19.65 19.68 19.65 19.63 19.61 19.63 19.60 19.69 19.70 19.61 19.68 19.76 19.75 19.71 19.74 19.75 19.70 19.73 19.75 19.78 19.79 19.82 19.83 19.85 19.84 19.79 19.81 19.83 19.85 19.86 19.85 19.87 19.86 19.87 19.86 19.88 19.86 19.85 19.85 19.83 19.83 19.84 19.84 19.84 19.84 19.84 19.85 19.84 19.84 19.85 19.84 19.81 19.83 19.78 19.84 19.84 19.86 19.85 19.85 19.87 19.87 19.87 19.87 19.87 19.86 19.86 19.87 19.88 19.88 19.88 19.90 19.90
19.71 19.69 19.67 19.68 19.65 19.63 19.63 19.57 19.59 19.56 19.59 19.59 19.69 19.58 19.58 19.63 19.71 19.71 19.68 19.79 19.82 19.75 19.73 19.79 19.77 19.74 19.70 19.70 19.78 19.80 19.75 19.70 19.73 19.80 19.82 19.83 19.86 19.86 19.83 19.83 19.84 19.82 19.83 19.81 19.82 19.81 19.82 19.83 19.81 19.82 19.82 19.82 19.83 19.83 19.83 19.83 19.83 19.80 19.79 19.79 19.81 19.83 19.80 19.83 19.84 19.86 19.83 19.85 19.85 19.85 19.85 19.85 19.85 19.85 19.86 19.86 19.87
19.65 19.65 19.55 19.68 19.71 19.65 19.66 19.61 19.61 19.59 19.51 19.70 19.71 19.66 19.64 19.60 19.65 19.66 19.73 19.69 19.79 19.78 19.75 19.77 19.77 19.78 19.72 19.70 19.69 19.72 19.69 19.67 19.64 19.65 19.75 19.82 19.83 19.83 19.82 19.78 19.79 19.79 19.78 19.80 19.80 19.80 19.80 19.80 19.80 19.80 19.80 19.80 19.80 19.80 19.80 19.81 19.81 19.78 19.79 19.76 19.78 19.81 19.80 19.81 19.82 19.81 19.82 19.82 19.82 19.83 19.83 19.83 19.83 19.83 19.85 19.83 19.85
19.55 19.55 19.48 19.58 19.76 19.72 19.67 19.60 19.59 19.55 19.54 19.70 19.69 19.69 19.70 19.65 19.61 19.67 19.81 19.81 19.68 19.72 19.78 19.74 19.73 19.72 19.75 19.69 19.73 19.69 19.61 19.55 19.66 19.66 19.74 19.79 19.79 19.79 19.79 19.78 19.70 19.71 19.71 19.78 19.78 19.78 19.79 19.77 19.79 19.79 19.79 19.79 19.79 19.78 19.78 19.78 19.78 19.79 19.79 19.77 19.77 19.76 19.76 19.80 19.80 19.78 19.79 19.81 19.81 19.79 19.79 19.81 19.80 19.82 19.82 19.81 19.82
19.57 19.55 19.36 19.47 19.70 19.74 19.64 19.64 19.59 19.60 19.57 19.72 19.64 19.66 19.65 19.65 19.61 19.57 19.66 19.80 19.73 19.65 19.73 19.70 19.73 19.71 19.71 19.62 19.62 19.69 19.63 19.53 19.63 19.61 19.55 19.76 19.79 19.77 19.70 19.71 19.72 19.76 19.70 19.76 19.76 19.76 19.76 19.75 19.76 19.76 19.76 19.76 19.76 19.76 19.77 19.76 19.76 19.77 19.77 19.77 19.77 19.76 19.73 19.77 19.78 19.79 19.75 19.78 19.77 19.76 19.77 19.77 19.78 19.79 19.81 19.80 19.80
19.56 19.56 19.46 19.41 19.59 19.57 19.62 19.61 19.63 19.60 19.59 19.64 19.65 19.67 19.65 19.61 19.63 19.55 19.66 19.75 19.56 19.57 19.67 19.72 19.69 19.66 19.72 19.70 19.67 19.69 19.58 19.57 19.57 19.66 19.61 19.49 19.74 19.73 19.67 19.74 19.73 19.74 19.73 19.73 19.74 19.74 19.75 19.74 19.74 19.74 19.74 19.74 19.74 19.75 19.75 19.74 19.74 19.75 19.75 19.76 19.75 19.76 19.75 19.76 19.75 19.74 19.75 19.73 19.75 19.76 19.75 19.75 19.76 19.77 19.77 19.78 19.77
19.59 19.59 19.57 19.56 19.43 19.40 19.61 19.57 19.58 19.59 19.58 19.56 19.62 19.63 19.62 19.62 19.62 19.48 19.58 19.64 19.54 19.59 19.67 19.70 19.65 19.67 19.69 19.69 19.63 19.60 19.64 19.62 19.69 19.72 19.72 19.71 19.70 19.75 19.74 19.73 19.73 19.73 19.72 19.72 19.73 19.72 19.73 19.71 19.72 19.73 19.72 19.72 19.72 19.73 19.73 19.73 19.73 19.74 19.75 19.73 19.74 19.73 19.74 19.72 19.71 19.73 19.71 19.71 19.73 19.71 19.72 19.73 19.74 19.74 19.75 19.74 19.75
19.49 19.50 19.51 19.49 19.39 19.39 19.43 19.59 19.55 19.60 19.64 19.55 19.44 19.50 19.52 19.57 19.56 19.48 19.50 19.63 19.60 19.65 19.64 19.63 19.63 19.64 19.68 19.66 19.63 19.58 19.65 19.71 19.71 19.70 19.71 19.72 19.69 19.74 19.71 19.70 19.68 19.66 19.70 19.70 19.70 19.72 19.69 19.69 19.69 19.70 19.70 19.70 19.70 19.70 19.69 19.70 19.71 19.72 19.72 19.69 19.70 19.67 19.69 19.63 19.70 19.71 19.72 19.72 19.72 19.72 19.72 19.72 19.72 19.72 19.73 19.73 19.73
19.40 19.47 19.47 19.50 19.42 19.26 19.26 19.49 19.45 19.48 19.55 19.54 19.50 19.42 19.36 19.40 19.59 19.60 19.55 19.54 19.55 19.63 19.64 19.62 19.57 19.61 19.68 19.64 19.58 19.54 19.63 19.69 19.67 19.65 19.66 19.62 19.64 19.67 19.72 19.69 19.69 19.68 19.67 19.65 19.68 19.70 19.68 19.67 19.68 19.68 19.68 19.67 19.68 19.68 19.68 19.69 19.66 19.64 19.67 19.67 19.65 19.62 19.68 19.64 19.68 19.70 19.70 19.69 19.70 19.71 19.70 19.70 19.70 19.70 19.71 19.72 19.70
19.30 19.36 19.39 19.39 19.44 19.36 19.29 19.46 19.46 19.48 19.45 19.39 19.37 19.33 19.37 19.47 19.70 19.57 19.48 19.54 19.48 19.50 19.53 19.56 19.57 19.56 19.60 19.60 19.50 19.47 19.57 19.63 19.67 19.63 19.66 19.59 19.61 19.67 19.69 19.67 19.61 19.66 19.66 19.66 19.66 19.65 19.66 19.63 19.66 19.67 19.65 19.67 19.63 19.66 19.63 19.61 19.61 19.62 19.65 19.60 19.63 19.67 19.62 19.65 19.68 19.68 19.67 19.67 19.68 19.68 19.66 19.67 19.68 19.68 19.67 19.68 19.68
19.13 19.38 19.43 19.40 19.49 19.43 19.31 19.32 19.45 19.33 19.31 19.33 19.39 19.30 19.37 19.48 19.48 19.50 19.45 19.47 19.51 19.54 19.51 19.52 19.52 19.58 19.56 19.50 19.44 19.42 19.50 19.57 19.59 19.57 19.63 19.64 19.65 19.56 19.66 19.68 19.56 19.60 19.62 19.62 19.64 19.66 19.61 19.63 19.64 19.65 19.64 19.65 19.60 19.59 19.60 19.62 19.57 19.56 19.57 19.59 19.62 19.63 19.63 19.64 19.66 19.65 19.65 19.65 19.65 19.66 19.65 19.65 19.66 19.66 19.65 19.68 19.67
19.18 19.37 19.44 19.42 19.42 19.40 19.28 19.21 19.34 19.31 19.27 19.27 19.29 19.37 19.37 19.45 19.46 19.41 19.40 19.53 19.55 19.49 19.52 19.57 19.56 19.54 19.53 19.53 19.56 19.49 19.47 19.52 19.47 19.56 19.59 19.61 19.65 19.58 19.65 19.65 19.56 19.62 19.57 19.60 19.53 19.60 19.62 19.59 19.61 19.61 19.61 19.59 19.55 19.59 19.60 19.59 19.56 19.59 19.61 19.62 19.60 19.63 19.63 19.62 19.63 19.63 19.62 19.63 19.64 19.62 19.62 19.64 19.64 19.65 19.64 19.66 19.66
19.31 19.25 19.31 19.34 19.35 19.30 19.17 19.25 19.25 19.31 19.29 19.24 19.18 19.33 19.41 19.52 19.47 19.41 19.43 19.44 19.54 19.48 19.50 19.54 19.50 19.48 19.48 19.47 19.51 19.47 19.45 19.47 19.54 19.47 19.49 19.50 19.61 19.59 19.62 19.56 19.60 19.54 19.54 19.52 19.53 19.51 19.57 19.56 19.60 19.60 19.49 19.52 19.48 19.50 19.54 19.57 19.55 19.60 19.60 19.61 19.61 19.60 19.61 19.60 19.61 19.61 19.61 19.61 19.58 19.60 19.62 19.63 19.62 19.61 19.59 19.62 19.62
19.39 19.33 19.26 19.36 19.45 19.44 19.45 19.39 19.26 19.34 19.31 19.32 19.27 19.31 19.33 19.44 19.49 19.41 19.45 19.46 19.51 19.44 19.49 19.47 19.45 19.41 19.49 19.40 19.35 19.42 19.44 19.32 19.40 19.35 19.42 19.49 19.58 19.60 19.58 19.57 19.58 19.57 19.55 19.53 19.54 19.53 19.56 19.54 19.56 19.55 19.45 19.47 19.47 19.45 19.54 19.52 19.57 19.58 19.58 19.58 19.57 19.57 19.59 19.58 19.58 19.58 19.59 19.58 19.59 19.59 19.60 19.59 19.60 19.59 19.60 19.60 19.59
19.37 19.29 19.39 19.38 19.47 19.49 19.48 19.40 19.34 19.24 19.27 19.34 19.29 19.29 19.24 19.31 19.34 19.39 19.47 19.51 19.45 19.40 19.39 19.46 19.45 19.42 19.49 19.42 19.35 19.42 19.46 19.48 19.43 19.47 19.56 19.56 19.56 19.57 19.56 19.56 19.54 19.55 19.52 19.51 19.53 19.54 19.53 19.53 19.51 19.50 19.47 19.48 19.49 19.51 19.55 19.54 19.54 19.56 19.56 19.57 19.56 19.55 19.56 19.54 19.57 19.57 19.55 19.56 19.57 19.58 19.58 19.58 19.58 19.57 19.59 19.58 19.57
19.31 19.24 19.29 19.35 19.42 19.46 19.41 19.32 19.35 19.28 19.17 19.25 19.28 19.27 19.22 19.22 19.37 19.48 19.51 19.49 19.48 19.48 19.43 19.50 19.44 19.45 19.44 19.26 19.35 19.41 19.41 19.47 19.55 19.54 19.53 19.52 19.54 19.52 19.52 19.51 19.51 19.54 19.50 19.50 19.52 19.52 19.41 19.42 19.47 19.44 19.42 19.48 19.45 19.52 19.54 19.49 19.52 19.54 19.54 19.54 19.54 19.55 19.55 19.53 19.54 19.54 19.58 19.56 19.57 19.56 19.57 19.56 19.56 19.58 19.58 19.55 19.56
19.21 19.16 19.14 19.29 19.30 19.40 19.36 19.25 19.28 19.38 19.32 19.30 19.23 19.24 19.24 19.26 19.40 19.53 19.53 19.48 19.48 19.50 19.43 19.51 19.50 19.48 19.41 19.37 19.40 19.41 19.53 19.49 19.52 19.49 19.53 19.48 19.46 19.48 19.50 19.47 19.46 19.49 19.51 19.47 19.43 19.40 19.28 19.36 19.43 19.43 19.39 19.43 19.42 19.50 19.53 19.50 19.49 19.47 19.51 19.52 19.53 19.53 19.55 19.48 19.44 19.52 19.53 19.52 19.55 19.52 19.53 19.53 19.58 19.55 19.52 19.50 19.52
19.20 19.20 19.28 19.26 19.21 19.33 19.36 19.20 19.18 19.25 19.31 19.25 19.19 19.14 19.15 19.18 19.27 19.38 19.45 19.42 19.42 19.53 19.49 19.50 19.42 19.46 19.47 19.42 19.38 19.35 19.47 19.38 19.43 19.47 19.47 19.42 19.45 19.40 19.43 19.42 19.43 19.48 19.44 19.34 19.32 19.31 19.29 19.35 19.37 19.38 19.37 19.38 19.46 19.50 19.49 19.48 19.49 19.45 19.47 19.50 19.51 19.49 19.47 19.45 19.46 19.48 19.49 19.51 19.51 19.51 19.50 19.51 19.54 19.51 19.50 19.49 19.48
19.07 19.18 19.27 19.27 19.19 19.44 19.30 19.21 19.23 19.23 19.31 19.32 19.24 19.25 19.29 19.16 19.20 19.20 19.22 19.29 19.17 19.19 19.26 19.47 19.43 19.44 19.46 19.42 19.38 19.35 19.34 19.38 19.44 19.39 19.41 19.39 19.44 19.47 19.42 19.40 19.39 19.47 19.43 19.37 19.27 19.34 19.34 19.32 19.28 19.37 19.35 19.32 19.37 19.32 19.37 19.42 19.43 19.43 19.44 19.45 19.48 19.49 19.51 19.50 19.48 19.48 19.47 19.51 19.48 19.50 19.51 19.50 19.47 19.49 19.49 19.44 19.44
19.11 19.12 19.18 19.25 19.34 19.47 19.47 19.19 19.14 19.16 19.23 19.26 19.25 19.26 19.23 19.13 19.16 19.07 18.97 19.13 19.13 19.12 19.12 19.22 19.23 19.31 19.33 19.31 19.41 19.37 19.37 19.36 19.37 19.35 19.33 19.37 19.39 19.38 19.40 19.42 19.44 19.47 19.44 19.36 19.29 19.29 19.29 19.28 19.27 19.33 19.38 19.36 19.34 19.27 19.32 19.38 19.40 19.40 19.44 19.42 19.44 19.46 19.47 19.47 19.45 19.45 19.45 19.47 19.46 19.44 19.41 19.45 19.45 19.45 19.44 19.43 19.46
19.18 19.15 19.21 19.32 19.36 19.45 19.36 19.26 19.23 19.27 19.19 19.24 19.22 19.20 19.14 19.15 19.07 19.08 19.03 19.15 19.14 19.17 19.19 19.16 19.23 19.28 19.37 19.31 19.28 19.35 19.38 19.40 19.37 19.32 19.28 19.26 19.27 19.31 19.36 19.41 19.33 19.33 19.34 19.29 19.29 19.32 19.27 19.28 19.29 19.37 19.34 19.33 19.34 19.30 19.32 19.33 19.36 19.40 19.43 19.42 19.43 19.42 19.41 19.42 19.46 19.41 19.43 19.44 19.43 19.41 19.41 19.43 19.44 19.43 19.41 19.38 19.41
19.19 19.17 19.25 19.26 19.27 19.25 19.07 19.07 19.15 19.25 19.25 19.18 19.12 19.21 19.08 19.16 19.05 19.13 19.11 19.09 19.12 19.16 19.14 19.18 19.38 19.36 19.29 19.24 19.35 19.30 19.28 19.34 19.25 19.26 19.31 19.26 19.25 19.24 19.28 19.32 19.32 19.34 19.36 19.29 19.30 19.28 19.28 19.25 19.24 19.29 19.32 19.33 19.31 19.32 19.33 19.33 19.37 19.36 19.28 19.35 19.40 19.37 19.39 19.40 19.39 19.25 19.29 19.31 19.31 19.31 19.36 19.35 19.39 19.37 19.31 19.33 19.38
19.15 19.23 19.22 19.17 19.11 19.15 19.10 19.14 19.07 19.14 19.11 19.22 19.19 19.14 19.11 19.15 19.19 19.11 19.08 19.07 19.10 19.15 18.94 18.95 19.06 19.21 19.23 19.32 19.35 19.32 19.31 19.28 19.05 19.13 19.14 19.06 19.13 19.22 19.25 19.33 19.34 19.28 19.22 19.28 19.21 19.20 19.19 19.21 19.27 19.29 19.36 19.36 19.33 19.33 19.34 19.33 19.34 19.28 19.29 19.32 19.37 19.38 19.40 19.38 19.28 19.32 19.34 19.34 19.33 19.33 19.31 19.31 19.31 19.32 19.29 19.32 19.33
19.27 19.26 19.28 19.21 19.20 19.14 19.16 19.11 19.09 19.20 19.15 19.21 19.20 19.14 19.11 19.16 19.20 19.16 19.17 19.24 19.13 19.06 18.80 18.96 19.06 19.14 19.16 19.09 19.26 19.26 19.29 19.24 19.18 19.16 19.11 19.09 19.15 19.20 19.19 19.20 19.18 19.17 19.16 19.25 19.20 19.13 19.20 19.22 19.21 19.28 19.29 19.30 19.33 19.31 19.33 19.34 19.35 19.33 19.35 19.35 19.32 19.35 19.32 19.30 19.31 19.30 19.32 19.37 19.34 19.30 19.31 19.32 19.31 19.33 19.33 19.36 19.35
19.28 19.21 19.23 19.23 19.19 19.16 19.07 19.08 19.11 19.14 19.15 19.20 19.14 19.19 19.15 19.21 19.13 19.19 19.09 19.15 19.17 19.18 19.17 19.06 19.02 19.06 19.09 19.13 19.21 19.21 19.22 19.15 19.14 19.17 19.12 19.14 19.13 19.17 19.22 19.20 19.15 19.14 19.17 19.19 19.16 19.17 19.17 19.17 19.20 19.25 19.28 19.30 19.30 19.29 19.31 19.32 19.29 19.26 19.28 19.31 19.29 19.30 19.34 19.30 19.30 19.31 19.30 19.26 19.24 19.23 19.28 19.29 19.32 19.33 19.34 19.34 19.35
19.18 19.21 19.25 19.19 19.16 19.11 19.10 19.06 19.13 19.26 19.15 19.18 19.08 19.11 19.11 19.08 19.07 19.06 19.13 19.07 19.12 19.14 19.20 19.13 19.01 19.00 19.06 19.11 19.19 19.18 19.11 19.13 19.12 19.16 19.10 19.08 19.11 19.08 19.11 19.16 19.18 19.19 19.20 19.17 19.13 19.11 19.17 19.17 19.22 19.26 19.30 19.32 19.32 19.30 19.27 19.26 19.26 19.26 19.25 19.22 19.29 19.28 19.33 19.33 19.27 19.28 19.25 19.20 19.24 19.24 19.29 19.30 19.30 19.29 19.31 19.37 18.98
19.06 19.16 19.20 19.13 19.12 19.13 19.08 19.04 19.06 19.21 19.14 19.03 19.26 19.06 19.01 18.93 18.96 19.03 19.05 19.07 19.14 19.16 19.12 19.09 19.04 19.04 19.01 19.10 19.14 19.13 19.11 19.08 19.08 19.03 19.04 19.06 19.10 19.13 19.10 19.10 19.21 19.22 19.15 19.18 19.19 19.11 19.17 19.19 19.22 19.26 19.26 19.27 19.28 19.27 19.26 19.26 19.24 19.23 19.26 19.25 19.27 19.23 19.29 19.30 19.24 19.27 19.30 19.19 19.22 19.19 19.21 19.20 19.23 19.30 19.28 19.40 19.34
19.08 19.14 19.11 19.05 18.99 19.05 19.03 18.98 19.02 19.04 18.91 18.95 19.20 19.05 19.08 19.10 19.09 19.03 19.01 18.97 19.11 19.10 19.14 19.12 19.10 19.09 19.02 19.01 19.10 19.05 19.13 19.14 19.07 19.02 19.04 19.04 19.10 19.10 19.10 19.11 19.11 19.12 19.21 19.21 19.24 19.21 19.20 19.20 19.20 19.21 19.24 19.24 19.24 19.24 19.25 19.19 19.22 19.23 19.24 19.27 19.24 19.26 19.24 19.26 19.25 19.26 19.28 19.21 19.23 19.18 19.22 19.23 19.24 19.20 19.28 19.31 19.29
19.08 19.09 19.09 19.07 18.98 19.05 19.07 19.06 18.99 18.98 18.94 19.03 19.07 19.02 19.09 19.16 19.16 19.05 19.00 18.96 19.02 19.01 19.07 19.03 19.02 19.02 19.00 19.00 19.04 19.05 19.08 19.15 19.11 19.05 19.01 19.10 19.12 19.11 19.09 19.18 19.25 19.17 19.20 19.14 19.12 19.13 19.19 19.21 19.21 19.19 19.21 19.19 19.21 19.19 19.21 19.16 19.18 19.18 19.20 19.20 19.17 19.24 19.22 19.25 19.26 19.24 19.20 19.27 19.21 19.20 19.18 19.23 19.20 19.24 19.24 19.26 19.26
19.07 18.97 19.01 19.00 18.97 19.02 18.99 19.11 19.02 18.97 18.98 19.01 19.00 18.97 18.95 19.07 19.15 19.07 19.04 19.00 19.06 19.07 19.05 19.03 19.08 19.03 18.99 19.01 18.95 19.04 19.11 19.15 19.15 19.10 19.03 19.01 19.18 19.18 19.17 19.14 19.19 19.15 19.07 19.11 19.09 19.11 19.13 19.16 19.18 19.15 19.17 19.18 19.19 19.17 19.16 19.08 19.11 19.21 19.17 19.14 19.16 19.17 19.15 19.18 19.28 19.27 19.22 19.24 19.25 19.21 19.25 19.23 19.23 19.27 19.28 19.27 19.27
19.08 18.98 18.95 18.95 18.93 18.96 18.97 19.00 19.04 18.99 18.98 18.97 18.99 18.97 19.10 19.12 19.15 19.10 19.14 19.10 19.08 19.04 19.06 18.99 19.11 19.09 19.06 19.01 18.94 19.02 19.09 19.13 19.16 19.12 19.06 19.05 19.20 19.21 19.17 19.16 19.18 19.05 19.06 19.09 19.08 19.05 19.11 19.15 19.10 19.10 19.15 19.16 19.18 19.18 19.15 19.13 19.16 19.14 19.14 19.17 19.18 19.17 19.17 19.16 19.20 19.22 19.24 19.19 19.21 19.24 19.21 19.24 19.25 19.26 19.25 19.25 19.25
19.10 18.98 18.91 18.89 18.89 18.91 18.90 18.92 18.99 19.01 18.99 19.00 18.97 18.94 19.12 19.15 19.12 19.12 19.11 19.13 19.10 19.02 19.04 18.97 19.12 19.13 19.12 19.10 19.07 19.07 19.07 19.02 19.06 19.10 19.12 19.09 19.22 19.16 19.09 19.16 19.09 19.10 19.07 19.07 19.07 19.09 19.15 19.15 19.12 19.14 19.16 19.15 19.16 19.16 19.06 19.09 19.12 19.05 19.12 19.13 19.13 19.16 19.14 19.16 19.21 19.26 19.23 19.28 19.24 19.25 19.22 19.22 19.24 19.25 19.25 19.24 19.24
19.01 19.00 18.89 18.84 18.83 18.78 18.71 18.85 18.96 18.96 18.97 19.07 19.05 19.05 19.08 19.10 19.09 19.09 19.08 19.09 19.09 19.05 18.95 19.02 19.09 19.13 19.14 19.12 19.11 19.08 19.07 19.00 18.99 19.08 19.09 19.09 19.20 19.11 19.15 19.15 19.08 19.05 19.03 19.03 19.06 19.06 19.09 19.08 19.12 19.14 19.16 19.17 19.14 19.14 19.09 19.10 19.08 19.11 19.08 19.17 19.17 19.08 19.12 19.16 19.23 19.23 19.24 19.24 19.22 19.22 19.22 19.20 19.21 19.22 19.22 19.22 19.20
