BOM_solar_grid_data_201906/2019060520190605.grid
ncols 839
nrows 679
xllcenter 112.0500
yllcenter -43.9500
cellsize 0.0500
nodata_value 99999.90
[rows 102 to 135 of 679, columns 231 to 307 of 839]
99999.90 99999.90 99999.90 99999.90 99999.90 99999.90 99999.90 19.27 19.38 19.38 19.38 19.38 19.38 19.38 19.38 19.38 19.38 19.38 19.38 19.40 19.34 19.34 19.34 19.31 19.31 19.31 19.31 19.34 19.32 19.27 19.26 19.26 19.34 19.34 19.34 19.22 19.33 19.16 19.08 19.10 19.04 19.15 18.93 18.92 18.91 18.77 18.73 18.67 18.32 18.38 18.49 18.65 18.76 18.59 18.31 18.11 18.53 18.18 18.56 18.19 17.67 18.22 18.42 18.51 18.18 17.93 17.44 17.62 17.61 17.22 17.56 16.99 16.30 17.12 16.82 15.77 16.82
99999.90 99999.90 99999.90 99999.90 99999.90 99999.90 19.20 19.27 19.38 19.38 19.38 19.38 19.38 19.38 19.38 19.38 19.38 19.38 19.38 19.40 19.34 19.34 19.34 19.34 19.35 19.35 19.35 19.34 19.32 19.28 19.27 19.32 19.26 19.34 19.31 19.22 19.15 19.15 19.13 19.11 19.06 19.06 19.10 18.91 18.79 18.80 18.80 18.80 18.81 18.47 18.19 18.41 18.52 18.58 18.68 18.01 17.95 17.99 18.72 18.69 17.96 17.98 18.20 18.20 18.36 18.02 17.60 17.56 17.45 17.20 17.47 17.34 16.64 17.60 17.53 16.13 16.54
99999.90 99999.90 99999.90 99999.90 99999.90 99999.90 19.20 19.27 19.38 19.38 19.38 19.38 19.38 19.38 19.38 19.38 19.38 19.38 19.38 19.40 19.34 19.34 19.34 19.34 19.28 19.35 19.35 19.31 19.27 19.03 19.17 19.26 19.29 19.27 19.29 19.31 19.28 19.21 19.19 19.03 18.88 18.88 19.02 18.91 18.89 18.83 18.74 18.79 18.75 18.72 18.32 18.28 18.10 18.37 18.25 18.27 18.34 17.71 17.79 18.03 18.56 18.45 18.04 18.35 18.12 18.40 17.92 17.38 17.65 17.49 16.85 17.04 16.51 17.18 17.62 16.13 16.37
99999.90 99999.90 99999.90 99999.90 99999.90 99999.90 19.20 19.27 19.38 19.38 19.38 19.38 19.38 19.38 19.38 19.38 19.38 19.38 19.38 19.40 19.40 19.34 19.34 19.34 19.28 19.29 19.29 19.26 19.27 19.03 19.17 19.13 19.20 19.24 19.19 19.22 19.24 19.24 19.23 19.29 18.97 18.80 18.74 18.77 18.80 18.74 18.87 18.66 18.72 18.78 18.76 18.59 18.18 18.40 18.26 18.19 18.45 18.14 18.11 17.74 17.61 18.28 18.32 18.10 18.03 17.79 17.73 17.84 17.95 17.70 16.53 16.74 16.34 17.56 17.81 16.91 16.03
99999.90 99999.90 99999.90 99999.90 99999.90 99999.90 19.20 19.27 19.27 19.27 19.38 19.38 19.38 19.38 19.38 19.38 19.38 19.38 19.38 19.40 19.40 19.34 19.34 19.31 19.28 19.28 19.29 19.26 19.26 19.22 19.21 19.21 19.14 19.19 19.17 19.21 19.13 19.17 19.16 19.17 19.17 19.05 18.89 18.76 18.74 18.64 18.71 18.60 18.78 18.76 18.75 18.91 18.60 18.27 18.51 18.60 18.18 18.30 18.21 18.05 18.00 17.82 18.06 18.14 18.19 18.00 17.67 17.43 18.13 17.73 17.08 16.57 16.62 17.38 17.83 17.34 16.57
99999.90 99999.90 99999.90 99999.90 99999.90 99999.90 19.20 19.27 19.27 19.27 19.27 19.27 19.27 19.27 19.38 19.38 19.38 19.38 19.38 19.40 19.27 19.27 19.29 19.29 19.28 19.26 19.24 19.24 19.19 19.22 19.22 19.19 19.14 19.16 19.16 19.12 19.07 19.03 19.11 19.08 19.15 18.98 19.06 18.82 18.65 18.71 18.82 18.64 18.73 18.77 18.61 18.68 18.67 18.31 18.25 18.56 18.63 18.56 18.31 18.20 18.06 17.93 18.08 17.56 17.72 17.96 18.24 17.83 17.85 17.70 17.72 16.84 17.17 17.13 17.73 17.51 17.21
99999.90 99999.90 99999.90 99999.90 99999.90 99999.90 19.20 19.27 19.27 19.27 19.27 19.27 19.27 19.27 19.27 19.27 19.29 19.29 19.29 19.27 19.27 19.23 19.23 19.25 19.24 19.24 19.23 19.19 19.19 19.19 19.19 19.14 19.10 19.13 19.13 19.13 19.10 18.98 19.07 19.12 19.20 18.93 18.84 18.88 18.89 18.94 18.89 18.79 18.77 18.80 18.66 18.74 18.49 18.55 18.49 18.15 18.37 18.55 18.42 18.34 18.03 17.88 18.07 18.35 17.64 17.38 17.80 18.03 18.15 17.84 17.49 17.58 17.88 17.10 17.12 17.24 17.27
99999.90 99999.90 99999.90 99999.90 99999.90 99999.90 19.20 19.20 19.20 19.27 19.27 19.27 19.27 19.27 19.27 19.27 19.27 19.29 19.29 19.29 19.30 19.30 19.25 19.22 19.22 19.20 19.18 19.18 19.22 19.22 19.19 19.15 19.11 19.08 19.11 19.10 19.08 19.05 19.03 18.99 19.08 19.18 19.04 18.79 18.76 18.74 18.94 18.84 18.72 18.83 18.68 18.64 18.50 18.66 18.57 18.22 18.22 18.40 18.46 18.59 18.57 18.13 17.76 17.92 18.09 17.60 17.55 17.43 18.06 18.40 17.89 17.37 17.51 17.53 17.82 16.96 17.57
99999.90 99999.90 99999.90 99999.90 99999.90 99999.90 19.20 19.20 19.20 19.20 19.20 19.20 19.27 19.27 19.27 19.27 19.27 19.27 19.26 19.21 19.20 19.18 19.19 19.20 19.10 19.07 19.07 19.02 19.14 19.15 19.15 19.14 19.09 19.11 19.05 19.06 19.05 19.03 18.98 18.93 18.97 19.05 19.14 19.14 18.87 18.79 18.64 18.73 18.90 18.84 18.79 18.61 18.63 18.69 18.61 18.39 18.28 18.34 18.52 18.41 18.45 18.51 18.22 18.06 18.02 18.13 17.69 17.46 17.41 17.89 17.58 17.17 17.35 17.25 17.55 17.43 17.41
99999.90 99999.90 99999.90 99999.90 99999.90 99999.90 19.20 19.20 19.20 19.20 19.20 19.20 19.20 19.20 19.20 19.26 19.26 19.26 19.21 19.15 19.13 19.19 19.16 19.10 19.05 19.13 19.10 19.06 19.15 19.19 19.20 19.17 19.15 19.11 19.10 19.05 18.98 18.97 18.98 18.90 18.91 18.99 19.06 19.12 19.11 19.11 18.85 18.61 18.65 18.73 18.80 18.77 18.43 18.58 18.53 18.50 18.46 18.45 18.48 18.49 18.45 18.55 18.52 18.22 18.32 17.93 17.87 17.65 17.77 17.83 17.70 17.73 17.56 17.97 16.89 17.10 17.26
99999.90 99999.90 99999.90 99999.90 99999.90 99999.90 19.20 19.20 19.20 19.20 19.20 19.20 19.20 19.20 19.20 19.20 19.21 19.21 19.17 19.07 19.01 18.93 19.01 19.08 18.89 19.11 19.18 19.17 19.17 19.18 19.18 19.20 19.19 19.14 19.15 19.17 19.13 19.10 19.07 18.96 18.91 18.94 19.00 19.01 19.02 19.07 19.14 19.06 18.79 18.64 18.64 18.63 18.63 18.48 18.65 18.40 18.62 18.59 18.64 18.38 18.39 18.60 18.42 18.38 18.14 18.28 18.27 17.92 17.69 17.63 17.40 17.53 17.62 18.31 17.40 17.38 17.15
19.01 19.00 18.97 18.97 18.97 18.97 19.20 19.20 19.20 19.20 19.20 19.20 19.20 19.20 19.20 19.20 19.20 19.18 19.14 19.03 19.00 18.95 18.99 19.16 19.17 19.13 19.15 19.17 19.18 19.18 19.17 19.16 19.14 19.16 19.15 19.16 19.16 19.17 19.14 19.14 19.09 19.08 19.21 19.18 19.13 19.10 19.13 19.04 19.01 18.84 18.64 18.52 18.69 18.62 18.64 18.46 18.34 18.67 18.60 18.44 18.43 18.33 18.56 18.57 18.14 18.06 18.36 18.22 18.06 17.87 17.48 17.60 17.46 18.00 18.45 18.03 17.49
19.01 19.00 18.97 18.97 18.97 18.97 18.97 19.18 19.18 19.18 19.18 19.18 19.18 19.18 19.18 19.18 19.18 19.16 19.17 19.06 19.10 19.13 19.13 19.16 19.12 19.12 19.15 19.17 19.13 19.13 19.16 19.16 19.12 19.12 19.12 19.14 19.14 19.14 19.16 19.16 19.14 19.15 19.20 19.23 19.19 19.18 19.19 19.10 19.09 18.96 18.96 18.91 18.58 18.50 18.70 18.70 18.37 18.58 18.71 18.47 18.42 18.36 18.37 18.44 18.64 18.15 18.07 18.15 18.13 18.09 17.86 17.91 17.44 17.57 17.92 18.10 17.72
19.01 19.00 18.97 18.97 18.97 18.97 18.97 18.97 19.18 19.18 19.18 19.18 19.18 19.18 19.18 19.18 19.18 19.15 19.14 19.08 19.10 19.13 19.13 19.15 19.11 19.11 19.12 19.12 19.12 19.12 19.12 19.14 19.12 19.12 19.10 19.10 19.11 19.08 19.12 19.15 19.14 19.18 19.19 19.19 19.19 19.20 19.11 19.09 19.08 19.00 18.98 18.95 18.89 18.60 18.51 18.68 18.77 18.34 18.60 18.69 18.64 18.60 18.51 18.32 18.27 18.54 18.50 18.41 18.26 18.08 17.85 18.24 17.99 17.59 17.04 17.81 17.70
19.01 19.00 18.97 18.97 18.97 18.97 18.97 18.97 19.18 19.18 19.18 19.18 19.18 19.18 19.18 19.14 19.14 19.14 19.11 19.11 19.11 19.12 19.12 19.13 19.14 19.12 19.13 19.10 19.11 19.05 19.08 19.12 19.07 19.11 19.13 19.11 19.09 19.10 19.12 19.11 19.16 19.15 19.13 19.03 19.04 19.12 19.06 19.03 19.05 19.03 19.01 18.92 18.94 18.92 18.86 18.62 18.65 18.81 18.75 18.51 18.51 18.55 18.85 18.66 18.42 18.53 18.44 18.60 18.59 18.37 18.22 18.30 18.18 18.16 17.88 17.19 17.44
19.01 19.00 18.97 18.97 18.97 18.97 18.97 18.97 18.97 19.18 19.18 19.18 19.18 19.14 19.14 19.14 19.14 19.14 19.12 19.11 19.09 19.09 19.12 19.10 19.10 19.12 19.11 19.10 19.05 19.05 19.07 19.05 19.00 19.04 19.10 19.09 19.07 19.04 19.05 19.06 19.10 19.11 19.13 19.12 19.03 19.05 19.05 19.03 19.05 19.02 18.99 18.92 18.92 18.94 18.88 18.92 18.69 18.61 18.74 18.90 18.57 18.39 18.50 18.65 18.54 18.64 18.65 18.27 18.39 18.26 18.29 18.32 18.35 18.00 17.98 17.91 17.56
19.01 19.00 18.97 18.97 18.97 18.97 18.97 18.97 18.93 18.93 18.95 19.14 19.14 19.14 19.14 19.14 19.10 19.10 19.10 19.10 19.05 19.05 19.10 19.09 19.10 19.10 19.07 19.03 19.02 19.05 19.00 18.95 18.92 19.00 19.07 19.03 19.02 19.01 19.01 19.00 19.04 19.06 19.09 19.12 19.11 19.06 19.04 19.08 19.08 19.06 19.00 18.99 18.99 18.97 18.98 18.82 18.94 18.94 18.72 18.65 18.80 18.73 18.48 18.38 18.61 18.64 18.63 18.73 18.47 18.22 18.27 18.25 18.28 18.31 18.11 18.07 18.04
19.01 19.00 18.97 18.97 18.97 18.97 18.97 18.97 18.93 18.93 18.95 18.95 18.96 18.96 18.96 18.96 19.10 19.10 19.10 19.07 19.07 19.07 19.09 19.08 19.06 19.06 19.03 19.00 19.03 18.91 18.93 18.96 18.87 18.97 18.99 19.01 19.03 19.02 18.98 18.99 19.00 19.04 19.01 19.09 19.11 19.11 19.09 19.09 19.08 19.06 19.00 18.96 19.00 18.99 18.97 18.99 18.98 18.97 18.90 18.84 18.69 18.75 18.79 18.79 18.54 18.51 18.58 18.59 18.72 18.67 18.38 18.20 18.22 18.28 18.40 18.25 18.23
19.01 19.00 18.97 18.97 18.97 18.97 18.97 18.97 18.93 18.93 18.95 18.95 18.92 18.96 18.96 18.96 18.96 18.96 18.96 19.07 19.07 19.05 19.04 19.06 19.05 19.00 18.99 18.94 18.87 18.92 18.85 18.93 18.92 18.97 18.95 18.99 19.01 19.00 19.02 19.02 18.97 19.01 19.11 19.10 19.04 19.09 19.08 19.10 19.08 18.97 18.95 18.97 18.98 18.93 18.93 18.97 19.02 18.98 19.00 18.99 18.97 18.80 18.67 18.64 18.83 18.76 18.54 18.64 18.49 18.58 18.71 18.57 18.23 18.16 18.30 18.46 18.24
19.01 19.00 18.97 18.97 18.97 18.97 18.97 18.93 18.93 18.93 18.95 18.95 18.92 18.92 18.92 18.96 18.96 18.96 18.96 19.00 19.00 19.05 19.01 19.02 19.02 18.90 18.81 18.92 18.91 18.91 18.94 18.97 18.99 18.96 18.98 19.00 18.99 19.02 19.07 19.01 19.05 19.04 19.04 19.01 19.03 19.05 19.04 19.06 19.04 19.00 18.95 18.98 18.98 18.95 18.93 18.95 19.00 19.04 19.01 18.99 18.97 18.98 18.78 18.73 18.58 18.71 18.75 18.77 18.67 18.45 18.56 18.49 18.40 18.16 17.95 18.54 18.43
19.01 19.00 18.97 18.97 18.97 18.97 18.97 18.93 18.93 18.93 18.95 18.95 18.95 18.92 18.92 18.92 18.96 18.96 18.96 18.99 19.03 19.01 18.99 19.00 18.88 18.90 18.92 18.97 18.97 18.90 18.83 18.90 18.97 18.96 18.99 18.98 18.96 19.01 19.03 19.03 19.05 19.05 19.00 19.01 19.00 18.99 19.01 19.00 18.95 18.98 18.87 18.99 18.99 19.00 18.98 18.99 18.95 18.95 19.00 18.95 18.99 18.99 18.92 18.82 18.79 18.70 18.47 18.67 18.79 18.58 18.51 18.57 18.59 18.46 18.46 18.16 18.30
19.01 19.00 18.97 18.97 18.97 18.97 18.93 18.93 18.93 18.93 18.95 18.95 18.95 18.92 18.92 18.92 18.92 19.00 19.00 19.00 18.97 18.96 18.97 18.98 18.92 18.88 18.89 18.93 18.89 18.89 18.81 18.82 18.94 18.95 18.96 18.94 18.93 19.00 18.99 19.02 18.99 19.00 18.99 18.96 18.99 18.97 18.98 18.98 18.94 18.91 18.87 18.89 18.98 18.97 18.97 18.94 18.94 18.93 18.94 18.98 18.94 18.97 18.93 18.91 18.99 18.85 18.77 18.44 18.27 18.65 18.50 18.57 18.61 18.57 18.48 18.25 18.45
18.98 18.96 18.96 18.97 18.97 18.97 18.93 18.93 18.93 18.93 18.95 18.95 18.95 18.86 18.89 18.89 18.89 18.93 18.95 18.96 18.91 18.92 18.94 18.92 18.82 18.90 18.93 18.87 18.90 18.79 18.76 18.79 18.90 18.95 18.86 18.88 18.95 18.96 18.96 19.01 18.99 18.98 18.96 18.94 18.97 18.94 18.98 18.96 18.95 18.90 18.91 18.92 18.97 18.99 18.96 18.93 18.89 18.91 18.90 18.92 18.90 18.97 18.97 18.89 18.88 18.87 18.87 18.84 18.49 18.43 18.61 18.53 18.43 18.58 18.52 18.46 18.53
18.90 18.98 18.98 18.93 18.93 18.92 18.93 18.93 18.93 18.93 18.95 18.95 18.86 18.86 18.86 18.86 18.86 18.89 18.92 18.92 18.87 18.90 18.89 18.91 18.90 18.92 18.93 18.86 18.86 18.81 18.85 18.89 18.89 18.89 18.84 18.81 18.78 18.83 18.93 18.95 18.94 18.97 18.91 18.90 18.93 18.94 18.91 18.92 18.93 18.86 18.90 18.91 18.93 18.93 18.93 18.91 18.91 18.90 18.88 18.87 18.89 18.90 18.90 18.92 18.91 18.84 18.86 18.97 18.81 18.77 18.68 18.56 18.34 18.44 18.49 18.51 18.56
18.90 18.98 18.98 18.93 18.92 18.92 18.87 18.90 18.90 18.86 18.92 18.86 18.86 18.86 18.84 18.86 18.86 18.89 18.92 18.92 18.87 18.90 18.89 18.72 18.88 18.92 18.86 18.86 18.92 18.91 18.93 18.89 18.91 18.82 18.73 18.71 18.81 18.86 18.90 18.90 18.92 18.96 18.93 18.94 18.88 18.87 18.86 18.88 18.90 18.88 18.87 18.90 18.89 18.93 18.92 18.87 18.87 18.87 18.89 18.86 18.88 18.87 18.90 18.87 18.87 18.86 18.84 18.89 18.81 18.88 18.82 18.67 18.66 18.50 18.41 18.53 18.48
18.86 18.91 18.91 18.88 18.90 18.90 18.87 18.87 18.89 18.86 18.75 18.70 18.70 18.83 18.84 18.85 18.85 18.85 18.83 18.85 18.80 18.79 18.22 18.22 18.88 18.92 18.70 18.87 18.89 18.94 18.94 18.94 18.92 18.76 18.75 18.76 18.79 18.88 18.92 18.88 18.93 18.96 18.93 18.93 18.91 18.84 18.80 18.81 18.84 18.83 18.84 18.90 18.87 18.91 18.93 18.89 18.85 18.84 18.85 18.79 18.86 18.87 18.87 18.85 18.79 18.88 18.88 18.87 18.82 18.83 18.80 18.84 18.67 18.59 18.65 18.56 18.48
18.86 18.86 18.83 18.79 18.81 18.87 18.87 18.81 18.83 18.78 18.78 18.75 18.76 18.83 18.84 18.66 18.81 18.84 18.83 18.85 18.80 18.79 18.67 18.50 18.60 18.69 18.85 18.86 18.86 18.89 18.88 18.86 18.82 18.75 18.83 18.75 18.80 18.87 18.87 18.87 18.92 18.92 18.92 18.90 18.89 18.82 18.82 18.80 18.78 18.80 18.82 18.80 18.82 18.80 18.83 18.87 18.82 18.83 18.82 18.83 18.83 18.85 18.80 18.76 18.77 18.85 18.83 18.86 18.83 18.81 18.80 18.90 18.82 18.72 18.68 18.67 18.63
18.86 18.81 18.75 18.73 18.77 18.77 18.86 18.86 18.81 18.76 18.79 18.77 18.78 18.80 18.82 18.79 18.78 18.81 18.78 18.79 18.83 18.80 18.76 18.82 18.85 18.82 18.84 18.88 18.86 18.83 18.73 18.69 18.75 18.83 18.88 18.86 18.83 18.84 18.84 18.86 18.90 18.90 18.88 18.84 18.83 18.83 18.78 18.74 18.77 18.79 18.80 18.79 18.82 18.85 18.85 18.83 18.80 18.84 18.81 18.82 18.80 18.84 18.75 18.76 18.76 18.68 18.78 18.75 18.80 18.83 18.81 18.75 18.78 18.69 18.71 18.79 18.64
18.79 18.79 18.75 18.76 18.77 18.76 18.78 18.77 18.74 18.63 18.65 18.72 18.79 18.76 18.71 18.72 18.78 18.73 18.66 18.54 18.76 18.85 18.78 18.76 18.79 18.81 18.81 18.80 18.77 18.64 18.64 18.73 18.76 18.90 18.86 18.85 18.87 18.84 18.83 18.85 18.87 18.87 18.86 18.85 18.84 18.82 18.78 18.76 18.79 18.77 18.73 18.76 18.81 18.83 18.86 18.87 18.83 18.84 18.83 18.80 18.81 18.77 18.77 18.77 18.73 18.65 18.70 18.73 18.75 18.79 18.79 18.70 18.68 18.81 18.79 18.78 18.77
18.83 18.75 18.67 18.65 18.72 18.70 18.76 18.74 18.60 18.53 18.56 18.67 18.75 18.67 18.58 18.54 18.60 18.64 18.56 18.42 18.49 18.57 18.60 18.73 18.59 18.79 18.79 18.75 18.74 18.73 18.71 18.82 18.80 18.84 18.84 18.83 18.84 18.79 18.83 18.84 18.82 18.85 18.84 18.82 18.78 18.77 18.74 18.77 18.74 18.72 18.75 18.75 18.79 18.80 18.82 18.79 18.80 18.81 18.82 18.81 18.79 18.78 18.75 18.78 18.79 18.77 18.71 18.74 18.76 18.79 18.77 18.77 18.76 18.74 18.76 18.82 18.82
18.73 18.63 18.62 18.67 18.66 18.66 18.70 18.72 18.56 18.27 18.46 18.49 18.58 18.50 18.51 18.52 18.55 18.58 18.50 18.55 18.62 18.73 18.62 18.66 18.56 18.72 18.73 18.75 18.76 18.74 18.72 18.75 18.77 18.76 18.78 18.76 18.75 18.81 18.84 18.82 18.82 18.83 18.83 18.79 18.76 18.74 18.75 18.73 18.71 18.75 18.69 18.75 18.77 18.77 18.80 18.69 18.70 18.76 18.76 18.74 18.75 18.81 18.81 18.79 18.78 18.77 18.75 18.76 18.76 18.77 18.67 18.76 18.77 18.72 18.74 18.73 18.78
18.73 18.70 18.61 18.60 18.56 18.56 18.55 18.60 18.58 18.24 18.38 18.23 18.44 18.37 18.47 18.49 18.56 18.52 18.57 18.55 18.69 18.64 18.64 18.49 18.45 18.74 18.76 18.76 18.77 18.77 18.70 18.69 18.76 18.67 18.62 18.70 18.74 18.77 18.81 18.81 18.81 18.76 18.80 18.77 18.76 18.77 18.73 18.73 18.73 18.73 18.75 18.77 18.70 18.75 18.77 18.74 18.77 18.78 18.77 18.66 18.64 18.69 18.74 18.70 18.67 18.69 18.72 18.73 18.76 18.74 18.66 18.71 18.73 18.72 18.73 18.69 18.75
18.70 18.70 18.61 18.65 18.58 18.58 18.60 18.61 18.51 18.58 18.58 18.47 18.43 18.42 18.37 18.40 18.46 18.51 18.56 18.61 18.60 18.70 18.64 18.54 18.54 18.67 18.71 18.74 18.73 18.67 18.62 18.74 18.67 18.59 18.58 18.66 18.80 18.77 18.81 18.81 18.81 18.79 18.77 18.78 18.75 18.70 18.72 18.75 18.71 18.74 18.69 18.69 18.67 18.70 18.72 18.72 18.70 18.77 18.76 18.70 18.70 18.68 18.68 18.63 18.65 18.64 18.66 18.69 18.73 18.73 18.69 18.69 18.71 18.74 18.73 18.71 18.65
18.70 18.70 18.74 18.74 18.68 18.58 18.59 18.55 18.53 18.63 18.64 18.49 18.29 18.22 18.35 18.27 18.30 18.39 18.46 18.51 18.67 18.62 18.58 18.56 18.52 18.60 18.58 18.65 18.66 18.67 18.73 18.73 18.62 18.59 18.69 18.72 18.79 18.77 18.78 18.78 18.78 18.74 18.71 18.75 18.74 18.71 18.72 18.75 18.79 18.76 18.70 18.67 18.69 18.67 18.67 18.70 18.71 18.74 18.75 18.67 18.63 18.61 18.63 18.62 18.59 18.55 18.54 18.61 18.66 18.69 18.66 18.67 18.69 18.67 18.67 18.69 18.69
