BOM_solar_grid_data_201906/2019062720190627.grid
ncols 839
nrows 679
xllcenter 112.0500
yllcenter -43.9500
cellsize 0.0500
nodata_value 99999.90
[rows 340 to 373 of 679, columns 231 to 307 of 839]
14.12 14.12 14.12 14.14 14.14 14.14 14.10 14.07 14.09 14.13 14.13 14.12 14.12 14.14 14.13 14.13 14.14 14.13 14.14 14.09 13.99 14.07 13.98 14.11 14.09 14.10 14.09 14.05 14.06 14.05 13.95 14.03 14.03 14.11 14.08 14.01 13.93 14.04 14.06 14.08 14.14 14.07 14.07 14.05 14.03 14.00 14.08 13.90 14.04 14.03 14.04 14.14 14.13 14.11 14.15 14.14 14.12 14.11 14.11 13.90 14.11 14.16 14.18 14.17 14.13 14.13 14.12 14.10 14.05 14.13 14.15 14.14 14.13 14.09 14.11 14.16 14.14
14.11 14.09 14.10 14.11 14.11 14.09 14.08 14.06 14.06 14.12 14.12 14.12 14.10 14.12 14.10 14.10 14.12 14.11 14.11 14.03 13.97 14.00 14.10 14.07 14.05 14.01 14.06 13.93 14.09 14.02 13.99 14.02 13.91 14.05 14.05 13.89 13.91 14.05 14.05 14.05 14.04 13.98 14.05 14.04 13.99 13.96 13.99 14.00 13.96 13.96 14.00 14.11 14.09 14.14 14.12 14.11 14.10 14.03 14.08 13.96 14.09 14.17 14.17 14.15 14.16 14.14 14.13 14.01 14.00 14.00 14.14 14.08 14.09 14.10 14.06 14.16 14.11
14.07 14.06 14.08 14.08 14.08 14.07 14.07 14.05 14.05 14.10 14.09 14.09 14.07 14.08 14.09 14.10 14.10 14.09 14.06 13.95 14.04 13.90 14.05 14.03 14.03 14.02 14.01 13.97 14.08 13.90 13.98 13.92 13.87 13.98 14.05 14.03 14.01 14.01 13.97 14.01 13.95 14.00 13.95 13.92 13.98 13.95 14.03 13.95 13.93 13.97 14.03 14.09 14.10 14.11 14.12 14.09 14.08 14.07 14.09 14.03 14.07 14.05 14.14 14.13 14.14 14.12 14.09 13.87 13.87 14.05 14.08 14.07 14.10 14.03 14.08 14.11 14.05
14.05 14.04 14.06 14.06 14.07 14.06 14.07 14.03 14.06 14.06 14.07 14.07 14.08 14.07 14.08 14.07 14.08 14.06 14.01 14.04 14.00 14.03 13.98 13.97 13.98 13.88 13.98 13.92 13.99 13.96 13.96 13.98 13.94 13.93 13.94 13.96 13.93 14.01 13.88 13.93 13.96 13.83 13.90 13.91 13.93 13.95 13.96 14.03 14.05 14.00 14.05 14.08 14.10 14.08 14.07 14.08 14.08 13.98 14.02 13.98 14.00 13.96 14.08 14.11 14.11 14.10 14.08 13.97 14.03 14.03 14.08 14.09 14.09 14.08 14.07 14.10 14.08
14.02 14.02 14.04 14.04 14.04 14.02 14.04 14.04 14.03 14.05 14.05 14.05 14.05 14.06 14.05 14.04 14.07 14.03 14.06 14.04 14.00 14.00 14.01 14.01 13.96 13.91 14.00 13.96 13.94 13.98 13.92 13.98 13.99 13.89 13.89 13.96 13.88 13.97 13.89 13.98 14.04 13.85 13.94 13.97 13.89 13.95 13.93 13.99 14.03 14.02 14.04 14.06 14.06 14.07 14.07 14.06 14.03 13.98 14.04 13.94 14.02 13.97 14.01 14.06 14.09 14.08 14.08 14.02 14.07 14.07 14.06 14.06 14.07 14.07 14.04 14.06 14.07
13.98 14.01 14.02 14.03 14.03 13.96 13.96 14.00 14.01 14.03 14.02 14.02 14.04 14.04 14.02 14.02 14.03 14.03 14.04 14.02 13.99 13.98 14.00 13.97 13.96 13.98 13.92 13.95 13.99 13.90 13.90 13.99 13.98 13.94 13.99 14.01 13.93 13.87 13.87 13.93 14.00 13.92 13.96 13.87 13.84 13.92 13.87 13.99 14.02 13.97 14.02 14.00 14.02 14.00 14.02 14.03 14.03 13.99 14.01 13.97 14.02 14.06 14.07 14.08 14.08 14.06 14.07 14.05 14.03 14.02 13.99 14.03 14.04 14.05 14.04 14.04 14.00
13.98 14.00 13.98 13.98 13.96 13.84 13.99 13.92 13.97 13.99 13.99 13.98 13.99 14.00 14.00 14.00 14.00 14.00 14.01 14.00 14.00 13.98 14.00 13.92 13.93 13.93 13.91 13.91 13.97 13.88 13.92 13.93 13.97 13.88 14.01 14.00 13.89 13.92 13.87 13.97 13.91 13.93 13.99 13.93 13.92 13.92 13.88 13.92 13.97 13.96 13.99 13.99 13.99 14.01 14.04 14.03 14.02 13.99 13.98 13.97 13.99 14.00 14.01 14.03 14.04 14.02 14.04 14.01 14.02 14.00 13.97 14.03 14.03 14.01 14.03 14.03 13.97
13.96 13.97 13.97 13.96 13.98 13.96 13.96 13.92 13.93 13.94 13.96 13.98 13.95 13.97 14.01 13.98 13.97 13.96 13.97 13.98 13.98 13.95 13.94 13.94 13.98 13.94 13.91 13.92 13.96 13.93 13.89 13.91 14.01 13.96 13.98 13.95 13.93 13.83 13.93 13.95 13.85 13.96 13.92 13.95 13.94 13.86 13.82 13.88 13.86 13.99 13.92 13.94 13.99 13.96 14.01 14.00 13.98 13.98 13.96 13.95 13.91 13.91 14.01 14.00 13.99 13.97 13.99 14.01 14.00 14.01 14.00 14.01 14.02 14.02 14.03 14.02 13.99
13.91 13.93 13.93 13.95 13.96 13.94 13.96 13.94 13.84 13.94 13.95 13.95 13.90 13.96 13.98 13.95 13.93 13.94 13.94 13.95 13.94 13.93 13.93 13.93 13.93 13.95 13.86 13.94 13.93 13.95 13.95 13.85 13.92 13.97 13.97 13.94 13.90 13.88 13.91 13.84 13.75 13.84 13.79 13.93 13.94 13.82 13.81 13.77 13.85 13.90 13.91 13.88 13.93 13.91 13.96 13.97 13.97 13.95 13.95 13.93 13.92 13.97 13.96 13.97 13.95 13.98 13.96 13.97 13.90 13.95 13.94 13.92 13.96 13.97 13.98 13.94 13.96
13.91 13.92 13.93 13.93 13.94 13.93 13.93 13.93 13.90 13.94 13.93 13.94 13.96 13.97 13.92 13.91 13.92 13.92 13.93 13.94 13.92 13.92 13.92 13.90 13.70 13.86 13.91 13.91 13.93 13.92 13.92 13.90 13.92 13.92 13.91 13.89 13.77 13.84 13.85 13.79 13.83 13.71 13.88 13.91 13.87 13.80 13.80 13.78 13.82 13.79 13.85 13.83 13.90 13.87 13.92 13.92 13.93 13.92 13.93 13.91 13.92 13.93 13.94 13.92 13.89 13.95 13.95 13.94 13.94 13.93 13.87 13.88 13.93 13.93 13.94 13.95 13.95
13.90 13.85 13.91 13.93 13.93 13.91 13.90 13.92 13.90 13.89 13.92 13.94 13.97 13.95 13.89 13.88 13.88 13.89 13.90 13.91 13.90 13.91 13.89 13.89 13.77 13.81 13.90 13.89 13.90 13.88 13.90 13.92 13.86 13.90 13.78 13.87 13.88 13.79 13.79 13.73 13.77 13.71 13.85 13.85 13.82 13.81 13.79 13.72 13.77 13.76 13.75 13.73 13.81 13.84 13.91 13.91 13.91 13.90 13.90 13.87 13.87 13.91 13.88 13.89 13.88 13.90 13.93 13.93 13.92 13.92 13.89 13.91 13.89 13.88 13.90 13.93 13.93
13.84 13.85 13.92 13.88 13.89 13.88 13.88 13.88 13.86 13.86 13.93 13.95 13.96 13.88 13.86 13.85 13.85 13.88 13.84 13.84 13.88 13.88 13.87 13.83 13.80 13.85 13.89 13.79 13.89 13.86 13.91 13.89 13.89 13.90 13.85 13.84 13.89 13.61 13.83 13.66 13.78 13.80 13.77 13.84 13.80 13.77 13.68 13.73 13.70 13.64 13.64 13.79 13.85 13.81 13.88 13.89 13.87 13.85 13.87 13.86 13.87 13.83 13.84 13.84 13.89 13.87 13.89 13.91 13.91 13.87 13.90 13.78 13.80 13.88 13.89 13.92 13.89
13.72 13.79 13.79 13.84 13.86 13.86 13.84 13.86 13.91 13.93 13.94 13.94 13.89 13.63 13.82 13.82 13.82 13.82 13.86 13.84 13.85 13.84 13.85 13.54 13.85 13.86 13.86 13.76 13.87 13.86 13.88 13.86 13.86 13.86 13.86 13.87 13.82 13.77 13.88 13.76 13.85 13.84 13.66 13.85 13.77 13.78 13.68 13.72 13.70 13.67 13.68 13.66 13.75 13.68 13.74 13.83 13.85 13.85 13.87 13.84 13.85 13.84 13.80 13.82 13.84 13.89 13.88 13.87 13.86 13.85 13.89 13.80 13.89 13.84 13.87 13.86 13.84
13.58 13.54 13.74 13.83 13.82 13.82 13.85 13.89 13.86 13.84 13.77 13.82 13.83 13.81 13.82 13.78 13.73 13.81 13.80 13.78 13.81 13.82 13.79 13.69 13.84 13.84 13.79 13.80 13.84 13.84 13.84 13.84 13.84 13.84 13.84 13.84 13.83 13.83 13.82 13.77 13.82 13.81 13.68 13.78 13.73 13.64 13.76 13.58 13.70 13.63 13.66 13.66 13.66 13.68 13.73 13.81 13.82 13.82 13.85 13.86 13.81 13.72 13.74 13.75 13.79 13.84 13.86 13.86 13.85 13.84 13.82 13.80 13.80 13.82 13.83 13.76 13.85
13.15 13.28 13.73 13.69 13.74 13.77 13.81 13.85 13.73 13.77 13.73 13.65 13.78 13.79 13.80 13.78 13.71 13.79 13.81 13.80 13.80 13.83 13.80 13.79 13.81 13.79 13.73 13.80 13.80 13.78 13.78 13.81 13.78 13.81 13.81 13.82 13.81 13.70 13.74 13.79 13.80 13.81 13.72 13.58 13.56 13.62 13.68 13.61 13.73 13.54 13.57 13.58 13.58 13.76 13.74 13.76 13.77 13.73 13.80 13.76 13.82 13.78 13.78 13.79 13.80 13.73 13.82 13.82 13.82 13.82 13.76 13.79 13.74 13.77 13.77 13.61 13.82
13.28 13.43 13.47 13.56 13.63 13.74 13.78 13.76 13.67 13.69 13.73 13.53 13.64 13.77 13.76 13.74 13.78 13.79 13.77 13.79 13.79 13.79 13.77 13.79 13.78 13.78 13.80 13.78 13.73 13.76 13.78 13.74 13.74 13.80 13.78 13.79 13.78 13.75 13.75 13.74 13.69 13.72 13.72 13.73 13.63 13.59 13.71 13.69 13.66 13.54 13.44 13.47 13.43 13.71 13.83 13.69 13.62 13.76 13.78 13.76 13.78 13.75 13.73 13.80 13.73 13.77 13.80 13.79 13.79 13.79 13.78 13.77 13.73 13.74 13.73 13.80 13.80
13.45 13.21 13.12 13.47 13.72 13.76 13.67 13.70 13.73 13.39 13.67 13.55 13.58 13.71 13.70 13.76 13.71 13.73 13.75 13.75 13.76 13.76 13.76 13.75 13.77 13.79 13.79 13.78 13.72 13.74 13.75 13.73 13.74 13.77 13.77 13.77 13.77 13.78 13.69 13.73 13.45 13.72 13.72 13.59 13.71 13.57 13.63 13.53 13.54 13.59 13.46 13.24 13.42 13.71 13.74 13.77 13.67 13.73 13.80 13.77 13.74 13.74 13.79 13.73 13.74 13.68 13.64 13.75 13.77 13.76 13.77 13.71 13.61 13.61 13.64 13.76 13.77
13.27 13.36 13.04 13.31 13.60 13.66 13.62 13.64 13.72 13.40 13.74 13.66 13.53 13.63 13.60 13.72 13.74 13.74 13.72 13.71 13.71 13.74 13.74 13.73 13.72 13.77 13.76 13.74 13.71 13.74 13.70 13.71 13.71 13.72 13.74 13.75 13.76 13.75 13.69 13.72 13.67 13.64 13.62 13.48 13.59 13.41 13.59 13.62 13.32 13.66 13.44 13.27 13.43 13.55 13.59 13.74 13.67 13.66 13.65 13.68 13.67 13.71 13.70 13.63 13.63 13.56 13.62 13.66 13.70 13.65 13.69 13.71 13.67 13.61 13.58 13.75 13.75
13.02 13.13 13.19 13.36 13.58 13.48 13.43 13.56 13.70 13.66 13.61 13.60 13.28 13.56 13.65 13.66 13.76 13.76 13.71 13.65 13.70 13.71 13.71 13.71 13.70 13.73 13.75 13.74 13.71 13.71 13.69 13.68 13.67 13.61 13.72 13.73 13.74 13.71 13.71 13.72 13.72 13.61 13.66 13.68 13.65 13.64 13.72 13.45 13.56 13.51 13.44 13.46 13.48 13.51 13.52 13.69 13.61 13.73 13.61 13.65 13.66 13.69 13.67 13.56 13.54 13.45 13.55 13.56 13.58 13.72 13.73 13.66 13.60 13.50 13.65 13.74 13.71
12.88 12.59 13.11 13.42 13.47 12.78 13.10 13.57 13.66 13.62 13.44 13.61 13.34 13.59 13.51 13.74 13.70 13.62 13.75 13.68 13.70 13.69 13.70 13.69 13.70 13.72 13.71 13.70 13.69 13.69 13.69 13.65 13.67 13.68 13.70 13.69 13.70 13.69 13.70 13.71 13.71 13.65 13.66 13.67 13.63 13.61 13.49 13.54 13.59 13.61 13.48 13.34 13.50 13.26 13.49 13.58 13.36 13.67 13.54 13.62 13.50 13.64 13.55 13.45 13.55 13.58 13.54 13.38 13.51 13.62 13.69 13.69 13.56 13.53 13.70 13.61 13.59
12.66 12.31 12.67 13.35 13.58 12.76 13.07 13.36 13.57 13.44 13.46 13.21 13.45 13.29 13.14 13.43 13.69 13.70 13.64 13.64 13.69 13.66 13.67 13.67 13.67 13.67 13.68 13.66 13.65 13.65 13.66 13.64 13.61 13.68 13.68 13.69 13.68 13.67 13.68 13.68 13.68 13.64 13.55 13.55 13.64 13.50 13.49 13.52 13.42 13.62 13.36 13.39 13.46 13.31 13.43 13.37 13.44 13.64 13.59 13.57 13.52 13.65 13.40 13.33 13.42 13.41 13.47 13.39 13.51 13.57 13.56 13.65 13.59 13.62 13.59 13.45 13.56
12.13 11.77 12.35 12.99 13.41 13.20 13.09 13.21 13.45 13.25 13.51 13.44 13.50 13.31 13.01 13.13 13.48 13.57 13.50 13.68 13.69 13.68 13.64 13.65 13.65 13.62 13.61 13.57 13.59 13.59 13.61 13.64 13.58 13.66 13.66 13.61 13.66 13.62 13.63 13.64 13.64 13.65 13.58 13.48 13.62 13.44 13.45 13.48 13.51 13.57 13.49 13.44 13.39 13.22 13.30 13.32 13.44 13.53 13.48 13.46 13.42 13.56 13.28 13.33 13.42 13.50 13.57 13.55 13.57 13.51 13.42 13.50 13.51 13.49 13.46 13.32 13.49
12.31 12.22 12.55 12.84 13.06 13.21 12.93 13.14 13.24 13.23 13.44 13.46 13.28 13.31 13.14 12.89 13.33 13.30 13.46 13.43 13.57 13.51 13.59 13.62 13.60 13.61 13.63 13.58 13.62 13.60 13.55 13.63 13.60 13.63 13.64 13.63 13.63 13.57 13.63 13.60 13.62 13.62 13.55 13.51 13.52 13.42 13.53 13.47 13.42 13.58 13.54 13.49 13.38 13.26 13.26 13.40 13.26 13.31 13.49 13.50 13.57 13.40 13.22 13.34 13.44 13.52 13.61 13.57 13.43 13.39 13.29 13.30 13.34 13.37 13.38 13.33 13.47
12.26 12.32 12.79 12.62 12.78 12.44 12.76 12.70 12.98 13.20 13.36 13.41 13.07 13.21 13.21 12.98 13.14 12.88 13.08 13.26 13.31 13.30 13.56 13.58 13.58 13.57 13.61 13.60 13.52 13.59 13.61 13.59 13.59 13.60 13.60 13.60 13.59 13.58 13.59 13.59 13.58 13.58 13.56 13.55 13.53 13.48 13.46 13.32 13.37 13.42 13.51 13.45 13.49 13.28 13.18 13.25 13.37 13.34 13.30 13.44 13.43 13.30 13.17 13.41 13.34 13.50 13.55 13.54 13.32 13.25 13.29 13.34 13.39 13.32 13.21 13.52 13.55
12.21 12.46 12.18 12.29 12.57 11.93 13.00 12.30 12.88 13.32 13.21 13.08 13.32 13.35 13.14 13.10 12.96 12.63 13.00 13.23 13.28 13.14 13.48 13.55 13.56 13.57 13.52 13.58 13.56 13.46 13.55 13.52 13.57 13.56 13.56 13.56 13.57 13.57 13.57 13.56 13.57 13.55 13.55 13.57 13.55 13.51 13.40 13.34 13.44 13.21 13.52 13.35 13.47 13.42 13.23 13.21 13.22 13.29 13.31 13.47 13.41 13.33 13.20 13.40 13.40 13.35 13.35 13.50 13.36 13.35 13.46 13.47 13.46 13.22 13.22 13.52 13.37
11.92 12.14 12.12 12.20 12.38 12.08 12.21 12.28 11.69 12.80 13.02 13.20 13.34 13.28 13.25 12.87 12.94 12.77 13.16 13.39 13.15 13.01 13.35 13.48 13.53 13.54 13.56 13.56 13.52 13.53 13.41 13.53 13.51 13.54 13.54 13.53 13.54 13.54 13.55 13.54 13.54 13.53 13.54 13.50 13.51 13.56 13.42 13.39 13.51 13.21 13.47 13.51 13.42 13.41 13.31 13.21 13.16 13.29 13.23 13.37 13.45 13.37 13.34 13.20 13.36 13.36 13.33 13.51 13.47 13.39 13.32 13.52 13.45 13.27 13.50 13.49 13.29
11.70 11.43 12.22 11.97 12.68 12.13 11.63 12.15 11.22 12.66 11.96 13.10 13.11 13.23 13.05 12.51 12.80 12.75 13.44 13.07 13.12 12.98 13.25 13.38 13.47 13.53 13.54 13.53 13.54 13.46 13.49 13.53 13.46 13.49 13.54 13.51 13.50 13.52 13.50 13.38 13.48 13.46 13.45 13.49 13.47 13.50 13.51 13.35 13.40 13.38 13.50 13.55 13.50 13.43 13.30 13.18 13.22 13.27 13.13 13.30 13.37 13.44 13.22 13.12 13.24 13.45 13.39 13.46 13.52 13.32 13.32 13.49 13.49 13.39 13.39 13.52 13.50
11.36 11.70 12.51 11.79 12.66 12.86 12.22 12.20 11.95 12.05 11.88 12.81 12.76 13.13 13.01 12.48 12.81 12.91 13.22 13.03 13.15 13.11 13.31 13.15 13.46 13.52 13.49 13.51 13.48 13.48 13.43 13.39 13.24 13.41 13.41 13.47 13.52 13.51 13.48 13.37 13.39 13.49 13.25 13.37 13.50 13.41 13.45 13.51 13.49 13.48 13.49 13.52 13.52 13.52 13.40 13.21 13.27 13.24 13.22 13.15 13.19 13.30 13.17 13.03 13.17 13.20 13.26 13.41 13.37 13.32 13.33 13.31 13.27 13.46 13.36 13.45 13.44
10.48 11.35 11.90 11.93 12.84 12.42 11.37 11.51 12.96 11.68 12.04 12.27 13.04 12.94 12.96 12.70 12.85 12.60 13.15 13.18 13.06 13.11 13.18 12.96 13.51 13.48 13.49 13.45 13.43 13.41 13.38 13.38 13.31 13.44 13.42 13.41 13.50 13.50 13.46 13.49 13.38 13.51 13.25 13.30 13.50 13.47 13.30 13.41 13.52 13.45 13.49 13.50 13.50 13.51 13.44 13.32 13.22 13.24 13.25 13.13 13.12 13.19 13.17 13.04 13.16 13.10 13.18 13.39 13.25 13.46 13.43 13.28 12.96 13.32 13.24 13.30 13.46
11.13 10.47 11.94 12.32 12.39 11.45 11.58 11.96 12.80 12.20 12.29 11.57 12.03 12.21 12.91 12.78 12.89 12.61 12.97 13.10 13.12 13.28 13.07 12.95 13.48 13.43 13.37 13.43 13.42 13.44 13.26 13.38 13.45 13.43 13.40 13.41 13.39 13.48 13.47 13.42 13.33 13.44 13.41 13.41 13.42 13.43 13.29 13.37 13.49 13.41 13.48 13.45 13.43 13.44 13.45 13.34 13.16 13.21 13.34 13.25 13.14 13.20 13.12 13.02 13.02 13.11 13.08 13.21 13.16 13.37 13.31 13.23 13.11 13.06 13.17 13.23 13.32
10.64 11.00 12.20 12.37 11.91 11.24 12.65 12.43 12.53 12.22 12.14 11.27 11.88 12.21 12.57 12.80 13.21 12.40 12.97 13.04 12.96 12.97 12.90 13.09 13.44 13.39 13.19 13.46 13.37 13.10 13.18 13.44 13.40 13.38 13.23 13.41 13.36 13.40 13.43 13.44 13.43 13.43 13.36 13.43 13.30 13.19 13.38 13.41 13.38 13.44 13.44 13.39 13.38 13.41 13.43 13.34 13.18 13.23 13.22 13.31 13.18 13.17 13.09 12.98 12.90 12.98 13.10 13.07 13.17 13.21 13.24 13.09 13.15 12.88 13.06 13.14 13.25
10.77 11.36 12.37 11.88 12.16 12.23 12.60 12.16 12.18 11.88 11.59 11.90 10.96 11.64 12.26 12.76 12.77 12.62 12.74 12.59 12.92 13.21 12.88 13.10 13.36 13.25 13.40 13.46 13.08 13.21 13.28 13.31 13.40 13.29 13.28 13.35 13.32 13.39 13.44 13.44 13.44 13.41 13.26 13.37 13.26 12.98 13.39 13.39 13.28 13.30 13.40 13.41 13.40 13.38 13.37 13.28 13.19 13.17 13.23 13.27 13.14 13.16 13.20 12.88 12.97 13.01 12.96 13.00 13.03 12.85 13.09 12.88 13.06 12.84 13.12 12.91 13.32
9.94 10.36 11.78 12.32 12.17 12.21 12.09 11.80 11.46 11.13 11.06 11.26 11.06 11.17 12.36 12.26 12.92 12.45 12.63 12.45 12.80 13.25 12.76 13.14 13.30 13.13 13.39 13.28 13.12 13.18 13.28 13.14 13.28 13.27 13.40 13.10 13.20 13.34 13.37 13.42 13.36 13.37 13.28 13.29 13.25 13.13 13.37 13.23 13.16 13.29 13.37 13.28 13.29 13.35 13.32 13.34 13.29 13.18 13.28 13.18 13.08 13.13 13.22 12.91 12.93 12.91 12.93 12.94 12.91 12.74 12.86 12.78 13.00 12.88 13.13 12.87 13.27
9.99 10.90 11.30 11.41 11.42 11.75 11.59 11.29 10.88 11.11 11.44 10.61 11.54 10.90 12.22 13.16 12.82 12.00 12.26 12.78 12.70 13.20 12.84 12.53 13.02 13.38 13.34 13.18 13.18 13.24 13.23 12.78 13.11 13.32 13.30 13.10 13.11 13.23 13.28 13.29 13.28 13.33 13.32 13.35 13.18 13.31 13.22 13.31 13.32 13.31 13.24 13.22 13.32 13.09 13.29 13.36 13.26 13.24 13.26 13.09 13.24 13.09 13.21 13.22 13.05 13.04 12.96 13.02 12.91 12.92 12.84 12.55 12.80 12.74 13.06 12.89 13.04
