BOM_solar_grid_data_201906/2019062320190623.grid
ncols 839
nrows 679
xllcenter 112.0500
yllcenter -43.9500
cellsize 0.0500
nodata_value 99999.90
[rows 442 to 475 of 679, columns 546 to 623 of 839]
11.79 11.75 11.75 11.83 11.81 11.78 11.74 11.75 11.82 11.84 11.83 11.82 11.82 11.78 11.77 11.75 11.62 11.73 11.77 11.75 11.79 11.79 11.79 11.81 11.82 11.83 11.78 11.75 11.73 11.76 11.78 11.73 11.77 11.84 11.84 11.83 11.81 11.83 11.84 11.78 11.82 11.78 11.79 11.81 11.81 11.79 11.81 11.80 11.66 11.69 11.71 11.57 11.46 11.46 11.35 11.29 11.09 11.27 11.39 11.44 11.61 11.53 11.42 11.47 11.57 11.51 11.55 11.59 11.59 11.49 11.55 11.63 11.73 11.73 11.73 11.73 11.78 11.85
11.77 11.75 11.68 11.70 11.75 11.75 11.81 11.83 11.80 11.79 11.79 11.79 11.76 11.75 11.72 11.75 11.78 11.67 11.74 11.76 11.80 11.78 11.77 11.78 11.80 11.80 11.75 11.76 11.74 11.74 11.71 11.70 11.76 11.81 11.81 11.82 11.81 11.82 11.80 11.81 11.81 11.76 11.77 11.80 11.76 11.74 11.75 11.71 11.80 11.73 11.47 11.48 11.50 11.30 11.21 11.28 11.20 11.18 11.12 11.32 11.39 11.27 11.45 11.49 11.56 11.57 11.52 11.56 11.57 11.56 11.60 11.66 11.72 11.70 11.73 11.74 11.78 11.76
11.69 11.71 11.75 11.79 11.77 11.74 11.71 11.78 11.79 11.77 11.75 11.76 11.78 11.76 11.74 11.68 11.77 11.73 11.67 11.71 11.76 11.79 11.78 11.78 11.74 11.72 11.74 11.73 11.67 11.63 11.66 11.70 11.76 11.79 11.78 11.78 11.79 11.80 11.79 11.79 11.78 11.77 11.77 11.77 11.69 11.74 11.60 11.79 11.76 11.70 11.41 11.52 11.31 11.23 11.22 11.27 11.26 11.22 11.37 11.48 11.46 11.27 11.45 11.49 11.45 11.66 11.55 11.76 11.68 11.63 11.65 11.63 11.66 11.67 11.70 11.76 11.77 11.79
11.77 11.77 11.72 11.76 11.77 11.76 11.73 11.74 11.76 11.75 11.74 11.77 11.79 11.78 11.77 11.74 11.74 11.72 11.72 11.75 11.73 11.73 11.75 11.77 11.69 11.61 11.71 11.73 11.71 11.68 11.64 11.66 11.71 11.75 11.77 11.78 11.76 11.78 11.78 11.77 11.77 11.77 11.77 11.67 11.71 11.58 11.62 11.73 11.71 11.62 11.42 11.34 11.26 11.35 11.32 11.34 11.28 11.17 11.37 11.48 11.46 11.46 11.39 11.32 11.32 11.37 11.36 11.67 11.71 11.69 11.68 11.65 11.65 11.61 11.68 11.71 11.77 11.79
11.73 11.73 11.74 11.73 11.74 11.73 11.73 11.74 11.71 11.73 11.73 11.73 11.74 11.75 11.76 11.75 11.74 11.70 11.72 11.71 11.70 11.69 11.72 11.74 11.62 11.63 11.65 11.66 11.63 11.61 11.62 11.62 11.64 11.71 11.71 11.75 11.73 11.75 11.75 11.75 11.74 11.74 11.74 11.63 11.60 11.71 11.65 11.70 11.63 11.46 11.27 11.27 11.18 11.20 11.20 11.20 11.09 11.17 11.17 11.15 11.46 11.39 11.39 11.45 11.39 11.66 11.48 11.33 11.67 11.49 11.56 11.62 11.70 11.66 11.69 11.70 11.70 11.74
11.69 11.68 11.68 11.71 11.71 11.68 11.69 11.70 11.69 11.69 11.70 11.72 11.73 11.73 11.74 11.73 11.74 11.72 11.70 11.72 11.72 11.69 11.65 11.67 11.69 11.61 11.68 11.62 11.63 11.56 11.57 11.51 11.62 11.69 11.67 11.69 11.70 11.74 11.73 11.73 11.74 11.71 11.72 11.73 11.62 11.67 11.70 11.70 11.62 11.51 11.47 11.40 11.28 11.14 11.24 11.21 11.19 11.14 11.15 11.15 11.29 11.36 11.36 11.47 11.46 11.61 11.57 11.60 11.51 11.51 11.52 11.61 11.66 11.66 11.65 11.66 11.66 11.71
11.67 11.66 11.66 11.68 11.68 11.64 11.63 11.64 11.66 11.66 11.66 11.68 11.69 11.69 11.69 11.71 11.69 11.68 11.69 11.70 11.70 11.69 11.65 11.67 11.67 11.64 11.58 11.64 11.54 11.56 11.55 11.55 11.59 11.66 11.68 11.66 11.64 11.71 11.71 11.72 11.71 11.62 11.69 11.68 11.66 11.65 11.67 11.65 11.52 11.60 11.63 11.53 11.32 11.25 11.30 11.23 11.13 11.14 11.15 11.39 11.29 11.40 11.51 11.52 11.58 11.60 11.54 11.46 11.53 11.54 11.51 11.56 11.59 11.59 11.64 11.63 11.65 11.67
11.64 11.63 11.63 11.65 11.66 11.65 11.63 11.65 11.66 11.64 11.64 11.65 11.66 11.65 11.66 11.67 11.68 11.66 11.65 11.66 11.66 11.64 11.65 11.63 11.67 11.65 11.62 11.63 11.56 11.51 11.50 11.54 11.63 11.67 11.63 11.65 11.62 11.63 11.70 11.71 11.64 11.54 11.59 11.65 11.64 11.67 11.64 11.52 11.62 11.62 11.59 11.59 11.37 11.37 11.31 10.97 11.28 11.28 11.39 11.39 11.42 11.54 11.56 11.60 11.61 11.65 11.62 11.50 11.52 11.49 11.50 11.51 11.59 11.58 11.62 11.63 11.63 11.63
11.60 11.61 11.62 11.61 11.64 11.65 11.66 11.65 11.62 11.60 11.60 11.60 11.60 11.62 11.63 11.62 11.61 11.62 11.64 11.66 11.62 11.63 11.62 11.63 11.64 11.64 11.61 11.56 11.53 11.54 11.55 11.62 11.67 11.63 11.63 11.60 11.61 11.62 11.67 11.66 11.60 11.54 11.61 11.57 11.61 11.62 11.51 11.46 11.44 11.64 11.60 11.58 11.35 11.29 11.22 11.43 11.42 11.42 11.48 11.48 11.54 11.55 11.63 11.63 11.58 11.62 11.61 11.56 11.53 11.35 11.37 11.35 11.59 11.58 11.59 11.63 11.60 11.62
11.59 11.59 11.61 11.60 11.62 11.60 11.62 11.63 11.61 11.59 11.55 11.56 11.60 11.61 11.58 11.57 11.57 11.61 11.64 11.64 11.60 11.60 11.62 11.61 11.61 11.62 11.59 11.57 11.46 11.58 11.55 11.62 11.61 11.60 11.57 11.57 11.58 11.62 11.63 11.58 11.56 11.60 11.56 11.51 11.60 11.44 11.52 11.51 11.57 11.61 11.60 11.50 11.35 11.30 11.49 11.52 11.35 11.42 11.39 11.47 11.45 11.47 11.55 11.62 11.64 11.61 11.60 11.58 11.55 11.34 11.30 11.37 11.43 11.52 11.56 11.57 11.60 11.60
11.57 11.58 11.58 11.58 11.59 11.59 11.60 11.60 11.57 11.57 11.56 11.59 11.61 11.57 11.56 11.56 11.57 11.59 11.62 11.62 11.61 11.58 11.56 11.59 11.61 11.58 11.59 11.55 11.44 11.48 11.58 11.56 11.51 11.56 11.54 11.51 11.53 11.59 11.62 11.57 11.56 11.60 11.53 11.58 11.55 11.41 11.60 11.57 11.60 11.58 11.60 11.51 11.32 11.35 11.48 11.43 11.44 11.43 11.49 11.44 11.45 11.34 11.42 11.51 11.53 11.57 11.57 11.54 11.55 11.44 11.35 11.35 11.43 11.47 11.54 11.53 11.53 11.57
11.54 11.53 11.56 11.56 11.56 11.58 11.57 11.57 11.57 11.57 11.58 11.59 11.58 11.57 11.57 11.56 11.55 11.56 11.57 11.58 11.59 11.57 11.56 11.54 11.54 11.55 11.52 11.50 11.43 11.45 11.54 11.51 11.43 11.44 11.50 11.48 11.52 11.56 11.57 11.58 11.58 11.52 11.49 11.55 11.54 11.55 11.51 11.55 11.58 11.59 11.59 11.58 11.44 11.41 11.49 11.47 11.52 11.59 11.47 11.55 11.46 11.37 11.55 11.50 11.56 11.50 11.53 11.54 11.52 11.50 11.41 11.46 11.45 11.43 11.44 11.47 11.49 11.52
11.27 11.33 11.38 11.42 11.52 11.53 11.54 11.53 11.55 11.56 11.54 11.54 11.54 11.53 11.54 11.53 11.52 11.54 11.56 11.55 11.54 11.58 11.52 11.50 11.49 11.49 11.47 11.48 11.46 11.37 11.43 11.41 11.35 11.41 11.46 11.47 11.46 11.52 11.52 11.55 11.46 11.49 11.45 11.49 11.51 11.49 11.52 11.52 11.56 11.56 11.53 11.56 11.43 11.51 11.54 11.47 11.50 11.57 11.55 11.58 11.55 11.54 11.56 11.53 11.54 11.51 11.48 11.52 11.47 11.45 11.42 11.44 11.45 11.40 11.40 11.41 11.45 11.53
11.28 11.26 11.28 11.38 11.45 11.45 11.51 11.51 11.50 11.51 11.52 11.52 11.51 11.50 11.50 11.51 11.51 11.51 11.54 11.53 11.51 11.52 11.49 11.47 11.46 11.44 11.44 11.46 11.47 11.36 11.32 11.32 11.33 11.38 11.42 11.48 11.43 11.47 11.47 11.49 11.50 11.48 11.43 11.47 11.49 11.47 11.45 11.48 11.49 11.46 11.47 11.49 11.40 11.54 11.52 11.49 11.51 11.46 11.55 11.55 11.49 11.50 11.50 11.53 11.52 11.52 11.51 11.50 11.50 11.48 11.47 11.46 11.45 11.41 11.45 11.48 11.49 11.49
11.30 11.22 11.51 11.44 11.50 11.50 11.49 11.50 11.48 11.48 11.50 11.49 11.50 11.50 11.49 11.48 11.49 11.49 11.50 11.51 11.49 11.51 11.45 11.43 11.42 11.42 11.43 11.42 11.44 11.43 11.34 11.30 11.30 11.37 11.39 11.41 11.43 11.42 11.44 11.47 11.43 11.45 11.37 11.41 11.47 11.50 11.47 11.48 11.45 11.42 11.46 11.46 11.45 11.52 11.50 11.46 11.49 11.46 11.52 11.51 11.49 11.52 11.51 11.49 11.49 11.48 11.47 11.39 11.41 11.46 11.45 11.41 11.47 11.47 11.49 11.51 11.50 11.51
11.33 11.46 11.48 11.39 11.35 11.45 11.46 11.46 11.46 11.45 11.46 11.48 11.47 11.48 11.47 11.43 11.44 11.45 11.45 11.46 11.45 11.47 11.45 11.39 11.38 11.39 11.39 11.39 11.40 11.43 11.38 11.33 11.31 11.33 11.37 11.39 11.38 11.42 11.43 11.34 11.28 11.34 11.30 11.44 11.49 11.51 11.49 11.45 11.41 11.45 11.45 11.45 11.48 11.50 11.46 11.44 11.49 11.47 11.47 11.49 11.46 11.47 11.49 11.46 11.42 11.41 11.43 11.45 11.40 11.38 11.39 11.38 11.43 11.45 11.46 11.47 11.48 11.48
11.43 11.45 11.45 11.43 11.41 11.39 11.41 11.42 11.42 11.43 11.43 11.48 11.47 11.47 11.43 11.39 11.39 11.40 11.41 11.45 11.41 11.43 11.43 11.39 11.38 11.40 11.42 11.41 11.43 11.46 11.41 11.33 11.28 11.36 11.34 11.37 11.35 11.37 11.38 11.33 11.31 11.38 11.47 11.47 11.49 11.44 11.49 11.47 11.41 11.43 11.45 11.43 11.44 11.47 11.45 11.45 11.46 11.40 11.48 11.49 11.46 11.47 11.45 11.38 11.37 11.36 11.39 11.39 11.41 11.41 11.43 11.36 11.43 11.41 11.42 11.44 11.46 11.49
11.43 11.44 11.42 11.41 11.37 11.38 11.39 11.40 11.41 11.41 11.42 11.45 11.45 11.45 11.43 11.38 11.35 11.36 11.40 11.42 11.42 11.44 11.42 11.41 11.38 11.38 11.39 11.38 11.41 11.41 11.37 11.32 11.29 11.35 11.32 11.31 11.35 11.36 11.35 11.32 11.19 11.35 11.41 11.40 11.39 11.40 11.47 11.44 11.43 11.41 11.41 11.41 11.42 11.44 11.43 11.44 11.42 11.44 11.47 11.47 11.45 11.43 11.43 11.40 11.41 11.44 11.43 11.41 11.42 11.40 11.40 11.39 11.39 11.38 11.40 11.40 11.41 11.44
11.40 11.40 11.39 11.39 11.36 11.40 11.39 11.37 11.35 11.37 11.39 11.41 11.43 11.41 11.41 11.40 11.37 11.36 11.39 11.42 11.39 11.42 11.41 11.40 11.38 11.40 11.37 11.35 11.35 11.35 11.34 11.30 11.31 11.32 11.29 11.33 11.29 11.34 11.25 11.23 11.31 11.35 11.36 11.36 11.31 11.38 11.38 11.42 11.44 11.41 11.41 11.42 11.42 11.44 11.43 11.42 11.44 11.44 11.42 11.43 11.42 11.41 11.40 11.41 11.41 11.38 11.35 11.38 11.39 11.38 11.37 11.37 11.37 11.37 11.35 11.38 11.41 11.39
11.37 11.37 11.36 11.35 11.35 11.38 11.38 11.37 11.36 11.33 11.34 11.39 11.41 11.39 11.39 11.37 11.33 11.32 11.35 11.36 11.38 11.37 11.36 11.36 11.33 11.33 11.32 11.32 11.30 11.32 11.32 11.25 11.25 11.30 11.31 11.32 11.24 11.28 11.27 11.31 11.34 11.28 11.35 11.35 11.36 11.35 11.40 11.42 11.44 11.42 11.41 11.43 11.42 11.42 11.41 11.40 11.43 11.43 11.40 11.37 11.37 11.38 11.37 11.36 11.37 11.37 11.38 11.35 11.35 11.35 11.33 11.32 11.33 11.33 11.33 11.35 11.36 11.34
11.35 11.35 11.35 11.35 11.33 11.36 11.37 11.36 11.33 11.30 11.30 11.33 11.35 11.36 11.35 11.35 11.31 11.30 11.31 11.33 11.33 11.35 11.35 11.33 11.30 11.29 11.29 11.27 11.26 11.28 11.30 11.26 11.22 11.27 11.29 11.27 11.22 11.10 11.25 11.27 11.18 11.18 11.31 11.28 11.34 11.34 11.34 11.37 11.39 11.40 11.39 11.40 11.41 11.40 11.39 11.38 11.41 11.39 11.37 11.34 11.35 11.37 11.34 11.35 11.34 11.34 11.32 11.32 11.32 11.31 11.31 11.32 11.30 11.31 11.33 11.35 11.34 11.30
11.34 11.32 11.28 11.30 11.32 11.33 11.31 11.32 11.30 11.30 11.28 11.29 11.32 11.32 11.32 11.31 11.29 11.28 11.29 11.30 11.31 11.30 11.32 11.32 11.29 11.26 11.26 11.24 11.19 11.28 11.22 11.27 11.27 11.27 11.28 11.28 11.19 11.19 11.23 11.17 11.23 11.27 11.03 11.31 11.34 11.36 11.33 11.36 11.38 11.38 11.38 11.38 11.38 11.38 11.38 11.38 11.36 11.36 11.36 11.33 11.33 11.34 11.35 11.36 11.34 11.32 11.31 11.31 11.32 11.32 11.31 11.30 11.28 11.29 11.32 11.34 11.30 11.29
11.31 11.32 11.26 11.26 11.32 11.31 11.30 11.27 11.27 11.25 11.24 11.24 11.27 11.30 11.30 11.26 11.24 11.23 11.23 11.25 11.25 11.25 11.25 11.27 11.27 11.25 11.24 11.17 11.25 11.24 11.24 11.24 11.25 11.23 11.25 11.22 11.20 11.22 11.21 11.18 11.22 11.24 11.26 11.20 11.32 11.34 11.33 11.33 11.34 11.35 11.36 11.36 11.35 11.36 11.37 11.36 11.34 11.34 11.31 11.29 11.33 11.32 11.33 11.34 11.33 11.29 11.28 11.28 11.28 11.28 11.27 11.29 11.26 11.26 11.27 11.27 11.27 11.30
11.29 11.30 11.29 11.27 11.27 11.27 11.28 11.27 11.23 11.23 11.22 11.22 11.24 11.25 11.25 11.23 11.24 11.24 11.22 11.28 11.24 11.26 11.25 11.22 11.22 11.22 11.22 11.21 11.22 11.22 11.22 11.21 11.17 11.22 11.23 11.21 11.20 11.19 11.20 11.00 11.06 11.25 11.31 11.15 11.30 11.30 11.31 11.31 11.33 11.32 11.34 11.32 11.33 11.34 11.35 11.33 11.31 11.29 11.29 11.29 11.28 11.28 11.28 11.30 11.30 11.28 11.27 11.27 11.27 11.25 11.26 11.26 11.25 11.24 11.24 11.27 11.29 11.34
11.24 11.29 11.29 11.27 11.25 11.24 11.24 11.20 11.18 11.19 11.20 11.21 11.21 11.20 11.19 11.20 11.19 11.21 11.20 11.23 11.21 11.12 11.19 11.20 11.19 11.19 11.20 11.19 11.19 11.19 11.19 11.11 11.15 11.20 11.18 11.17 11.17 11.12 11.04 11.05 10.99 11.18 11.24 11.26 11.26 11.27 11.26 11.26 11.30 11.29 11.29 11.30 11.29 11.30 11.31 11.31 11.28 11.27 11.24 11.25 11.25 11.26 11.28 11.26 11.27 11.25 11.23 11.23 11.23 11.23 11.24 11.21 11.20 11.19 11.22 11.27 11.30 11.28
11.26 11.27 11.26 11.25 11.23 11.21 11.18 11.18 11.17 11.17 11.17 11.18 11.18 11.18 11.17 11.16 11.18 11.19 11.19 11.19 11.07 11.12 11.17 11.17 11.17 11.17 11.18 11.17 11.14 11.11 11.03 11.07 11.08 11.18 11.17 10.98 11.10 11.04 11.07 11.05 10.79 11.03 11.21 11.26 11.24 11.22 11.23 11.23 11.27 11.28 11.27 11.27 11.29 11.28 11.26 11.26 11.24 11.20 11.22 11.21 11.21 11.24 11.23 11.23 11.22 11.26 11.27 11.24 11.23 11.20 11.19 11.18 11.18 11.19 11.26 11.27 11.28 11.28
11.24 11.23 11.24 11.22 11.21 11.20 11.18 11.19 11.15 11.14 11.15 11.16 11.15 11.15 11.15 11.13 11.14 11.18 11.17 11.14 10.97 11.14 11.15 11.09 11.15 11.15 11.16 11.15 11.11 10.94 11.01 11.09 11.16 11.09 11.04 10.89 10.96 11.03 10.97 11.12 10.97 10.85 11.18 11.22 11.26 11.22 11.20 11.22 11.25 11.25 11.24 11.25 11.26 11.26 11.26 11.23 11.21 11.19 11.19 11.22 11.21 11.24 11.23 11.24 11.23 11.24 11.25 11.20 11.20 11.17 11.16 11.18 11.17 11.19 11.26 11.26 11.26 11.25
11.22 11.22 11.22 11.21 11.21 11.19 11.19 11.17 11.15 11.14 11.13 11.13 11.13 11.15 11.13 11.12 11.13 11.14 11.13 10.99 11.11 11.13 11.13 11.11 11.13 11.13 11.14 11.13 11.03 11.01 10.95 11.01 11.07 10.95 10.83 10.97 10.95 11.03 10.93 11.15 11.18 10.99 11.08 11.21 11.22 11.21 11.14 11.21 11.22 11.23 11.22 11.24 11.24 11.22 11.22 11.23 11.20 11.20 11.19 11.20 11.21 11.22 11.20 11.21 11.21 11.21 11.21 11.16 11.17 11.14 11.13 11.14 11.17 11.19 11.23 11.24 11.25 11.24
11.20 11.20 11.20 11.20 11.17 11.17 11.19 11.18 11.14 11.14 11.12 11.12 11.11 11.12 11.10 11.08 11.11 11.12 11.09 10.92 11.10 11.11 11.04 11.06 11.11 11.11 11.11 11.11 11.10 11.00 11.00 10.77 10.71 10.83 10.77 10.88 10.98 11.10 11.02 11.14 11.15 11.17 11.04 11.18 11.19 11.18 11.13 11.18 11.19 11.20 11.19 11.21 11.21 11.20 11.19 11.18 11.16 11.19 11.17 11.16 11.16 11.18 11.17 11.16 11.17 11.16 11.18 11.13 11.11 11.11 11.10 11.11 11.14 11.21 11.21 11.19 11.21 11.20
11.17 11.17 11.17 11.17 11.14 11.16 11.15 11.14 11.17 11.14 11.13 11.14 11.13 11.12 11.10 11.10 11.08 11.09 10.91 11.07 11.05 11.07 11.04 11.09 11.09 11.09 11.09 11.09 11.02 10.99 10.77 10.73 10.71 10.72 10.73 10.81 10.90 11.05 11.07 11.10 11.16 11.17 11.16 11.12 11.16 11.13 11.14 11.16 11.16 11.17 11.17 11.17 11.17 11.17 11.17 11.16 11.15 11.16 11.14 11.16 11.15 11.16 11.14 11.16 11.14 11.11 11.11 11.09 11.08 11.08 11.08 11.08 11.14 11.17 11.19 11.19 11.17 11.16
11.13 11.14 11.15 11.16 11.15 11.12 11.12 11.13 11.14 11.15 11.11 11.09 11.07 11.00 11.07 11.07 11.08 11.01 11.07 11.06 11.07 11.01 11.04 11.07 11.07 11.06 11.07 11.07 11.07 11.01 10.96 10.84 10.67 10.80 10.94 10.99 10.93 11.11 11.06 11.11 11.15 10.92 10.95 11.05 11.13 11.09 11.14 11.14 11.13 11.13 11.11 11.13 11.11 11.13 11.15 11.12 11.13 11.12 11.11 11.13 11.13 11.12 11.11 11.08 11.10 11.10 11.09 11.07 11.07 11.07 11.09 11.10 11.16 11.17 11.16 11.16 11.13 11.10
11.13 11.12 11.13 11.13 11.10 11.10 11.13 11.12 11.13 11.11 11.08 11.05 11.05 11.04 11.04 11.05 10.97 11.05 11.00 11.04 11.03 11.04 11.04 11.05 11.05 11.04 11.04 11.04 11.06 11.04 10.84 10.85 10.65 10.97 10.97 11.10 11.01 11.00 11.12 11.12 11.03 11.09 11.05 10.92 11.04 11.07 11.07 11.12 11.12 11.12 11.10 11.07 11.08 11.09 11.10 11.11 11.11 11.12 11.12 11.11 11.10 11.10 11.10 11.09 11.07 11.07 11.06 11.06 11.07 11.09 11.09 11.13 11.12 11.12 11.10 11.14 11.07 11.05
11.12 11.12 11.11 11.09 11.07 11.09 11.08 11.08 11.07 11.08 11.03 11.02 11.02 11.00 10.87 10.86 11.01 11.02 11.02 11.01 11.02 11.02 11.02 11.02 11.01 11.01 11.01 11.02 11.02 10.94 10.94 10.91 10.80 10.83 11.02 11.10 11.07 11.04 11.04 11.08 10.96 11.05 11.03 10.98 11.01 11.04 11.02 11.11 11.11 11.10 11.07 11.05 11.06 11.10 11.10 11.09 11.09 11.09 11.09 11.09 11.07 11.06 11.06 11.03 11.04 11.02 11.02 11.05 11.06 11.05 11.02 11.07 11.07 11.06 11.07 11.08 11.08 11.02
11.10 11.10 11.06 11.03 11.07 11.03 11.02 11.02 11.02 11.01 11.01 10.97 10.97 10.97 10.83 10.99 11.00 11.01 11.02 11.01 11.01 11.00 11.00 11.00 11.00 11.00 10.98 10.93 10.87 10.93 10.95 10.95 10.74 10.71 10.84 11.05 10.99 10.87 10.88 11.06 11.03 11.03 11.01 10.96 10.94 11.01 11.05 11.08 11.09 11.07 11.06 11.02 11.05 11.07 11.04 11.05 11.04 11.06 11.07 11.07 11.03 11.03 11.03 11.01 11.01 11.00 11.00 11.01 11.03 11.01 11.01 11.08 11.09 11.08 11.07 11.08 11.03 11.00
