BOM_solar_grid_data_201906/2019060520190605.grid
ncols 839
nrows 679
xllcenter 112.0500
yllcenter -43.9500
cellsize 0.0500
nodata_value 99999.90
[rows 340 to 373 of 679, columns 385 to 461 of 839]
14.37 14.38 14.37 14.37 14.37 14.37 14.37 14.36 14.37 14.38 14.37 14.37 14.36 14.39 14.38 14.39 14.38 14.39 14.39 14.39 14.37 14.37 14.37 14.38 14.39 14.39 14.38 14.37 14.37 14.37 14.37 14.37 14.37 14.37 14.39 14.40 14.39 14.39 14.39 14.39 14.39 14.40 14.40 14.39 14.40 14.39 14.40 14.40 14.41 14.41 14.40 14.40 14.41 14.41 14.43 14.43 14.44 14.43 14.45 14.44 14.44 14.44 14.42 14.42 14.41 14.40 14.40 14.39 14.40 14.41 14.41 14.42 14.41 14.42 14.43 14.43 14.42
14.35 14.35 14.34 14.35 14.34 14.35 14.34 14.35 14.35 14.35 14.36 14.33 14.33 14.35 14.37 14.35 14.33 14.35 14.36 14.36 14.35 14.37 14.38 14.37 14.37 14.37 14.36 14.36 14.36 14.35 14.35 14.35 14.34 14.35 14.37 14.36 14.37 14.37 14.36 14.38 14.38 14.38 14.38 14.37 14.37 14.36 14.36 14.36 14.37 14.38 14.38 14.38 14.38 14.37 14.41 14.43 14.43 14.43 14.43 14.43 14.42 14.42 14.40 14.40 14.40 14.39 14.39 14.40 14.40 14.40 14.40 14.40 14.40 14.41 14.43 14.42 14.42
14.33 14.32 14.30 14.30 14.31 14.31 14.32 14.32 14.33 14.31 14.32 14.32 14.32 14.33 14.34 14.34 14.34 14.33 14.33 14.33 14.34 14.34 14.34 14.34 14.35 14.35 14.35 14.35 14.34 14.34 14.33 14.32 14.32 14.31 14.32 14.32 14.34 14.35 14.33 14.33 14.34 14.33 14.33 14.34 14.35 14.32 14.32 14.34 14.35 14.35 14.35 14.35 14.36 14.39 14.40 14.40 14.40 14.40 14.41 14.40 14.40 14.41 14.40 14.40 14.39 14.39 14.39 14.39 14.40 14.40 14.39 14.39 14.39 14.39 14.38 14.38 14.42
14.29 14.30 14.29 14.29 14.29 14.29 14.28 14.30 14.30 14.30 14.29 14.30 14.30 14.30 14.31 14.31 14.32 14.31 14.31 14.32 14.32 14.31 14.32 14.32 14.33 14.33 14.32 14.31 14.30 14.32 14.30 14.30 14.30 14.31 14.32 14.31 14.31 14.32 14.32 14.31 14.32 14.32 14.29 14.31 14.33 14.32 14.31 14.32 14.33 14.33 14.34 14.34 14.37 14.37 14.38 14.37 14.37 14.38 14.37 14.36 14.37 14.38 14.36 14.37 14.37 14.39 14.38 14.37 14.38 14.39 14.39 14.38 14.36 14.36 14.36 14.39 14.40
14.29 14.28 14.29 14.28 14.27 14.27 14.28 14.28 14.28 14.26 14.27 14.28 14.27 14.28 14.28 14.27 14.28 14.28 14.28 14.28 14.29 14.29 14.28 14.30 14.31 14.31 14.31 14.29 14.29 14.30 14.29 14.30 14.30 14.30 14.30 14.30 14.30 14.29 14.29 14.29 14.29 14.29 14.28 14.27 14.29 14.30 14.28 14.29 14.30 14.30 14.29 14.31 14.31 14.32 14.35 14.35 14.36 14.36 14.34 14.35 14.35 14.36 14.36 14.37 14.37 14.37 14.36 14.37 14.36 14.37 14.38 14.37 14.35 14.33 14.33 14.37 14.37
14.25 14.27 14.26 14.26 14.26 14.24 14.24 14.25 14.25 14.25 14.25 14.25 14.25 14.24 14.24 14.25 14.25 14.25 14.25 14.25 14.27 14.27 14.28 14.29 14.29 14.29 14.29 14.30 14.28 14.29 14.30 14.30 14.30 14.28 14.28 14.28 14.27 14.26 14.26 14.27 14.28 14.25 14.25 14.25 14.26 14.26 14.26 14.26 14.28 14.27 14.26 14.29 14.33 14.33 14.32 14.33 14.32 14.33 14.33 14.36 14.35 14.36 14.36 14.35 14.35 14.36 14.34 14.34 14.34 14.35 14.35 14.35 14.36 14.37 14.37 14.36 14.36
14.25 14.22 14.22 14.22 14.23 14.23 14.23 14.23 14.23 14.23 14.24 14.23 14.22 14.22 14.22 14.23 14.23 14.23 14.23 14.24 14.24 14.24 14.25 14.27 14.28 14.28 14.26 14.26 14.25 14.24 14.26 14.26 14.26 14.26 14.24 14.25 14.25 14.25 14.25 14.25 14.25 14.23 14.22 14.23 14.23 14.23 14.24 14.24 14.26 14.26 14.25 14.29 14.31 14.31 14.31 14.31 14.31 14.33 14.32 14.33 14.34 14.33 14.29 14.31 14.31 14.32 14.32 14.32 14.30 14.30 14.32 14.33 14.33 14.33 14.34 14.34 14.33
14.23 14.20 14.19 14.20 14.21 14.20 14.20 14.21 14.22 14.22 14.22 14.22 14.21 14.22 14.22 14.21 14.23 14.22 14.22 14.22 14.21 14.21 14.21 14.21 14.23 14.24 14.24 14.24 14.24 14.23 14.23 14.23 14.24 14.24 14.23 14.24 14.24 14.24 14.24 14.23 14.22 14.22 14.21 14.22 14.21 14.21 14.21 14.21 14.22 14.23 14.27 14.25 14.25 14.27 14.27 14.28 14.28 14.30 14.29 14.30 14.30 14.30 14.29 14.29 14.30 14.31 14.30 14.28 14.28 14.28 14.29 14.30 14.30 14.30 14.30 14.30 14.29
14.20 14.21 14.18 14.18 14.19 14.18 14.18 14.19 14.18 14.18 14.19 14.18 14.19 14.19 14.20 14.20 14.20 14.20 14.19 14.19 14.19 14.19 14.19 14.19 14.19 14.20 14.20 14.21 14.20 14.20 14.21 14.22 14.22 14.22 14.21 14.21 14.22 14.22 14.21 14.21 14.19 14.20 14.20 14.21 14.19 14.18 14.18 14.18 14.18 14.20 14.21 14.22 14.24 14.25 14.26 14.27 14.26 14.27 14.27 14.27 14.28 14.28 14.28 14.28 14.28 14.28 14.29 14.28 14.25 14.25 14.27 14.27 14.28 14.28 14.28 14.27 14.28
14.19 14.19 14.16 14.16 14.16 14.16 14.16 14.16 14.15 14.15 14.16 14.17 14.16 14.17 14.19 14.18 14.17 14.17 14.18 14.18 14.18 14.18 14.17 14.18 14.18 14.18 14.18 14.18 14.17 14.18 14.18 14.19 14.20 14.20 14.18 14.18 14.19 14.18 14.17 14.17 14.17 14.18 14.18 14.17 14.17 14.17 14.17 14.16 14.19 14.18 14.21 14.21 14.22 14.24 14.23 14.25 14.23 14.24 14.23 14.24 14.25 14.26 14.26 14.26 14.26 14.27 14.28 14.26 14.23 14.24 14.25 14.25 14.24 14.23 14.25 14.25 14.26
14.15 14.16 14.16 14.14 14.14 14.13 14.13 14.13 14.13 14.14 14.15 14.15 14.15 14.16 14.16 14.16 14.15 14.15 14.15 14.16 14.17 14.16 14.15 14.15 14.15 14.14 14.15 14.14 14.14 14.14 14.16 14.16 14.16 14.16 14.16 14.16 14.16 14.16 14.15 14.15 14.14 14.15 14.15 14.14 14.14 14.14 14.14 14.13 14.16 14.16 14.18 14.17 14.19 14.22 14.21 14.20 14.19 14.21 14.22 14.23 14.21 14.24 14.23 14.22 14.23 14.23 14.24 14.23 14.25 14.21 14.22 14.22 14.23 14.22 14.23 14.23 14.23
14.15 14.15 14.14 14.15 14.13 14.11 14.11 14.11 14.12 14.13 14.13 14.14 14.12 14.13 14.13 14.13 14.12 14.13 14.13 14.14 14.15 14.14 14.14 14.13 14.12 14.11 14.11 14.11 14.11 14.12 14.14 14.15 14.15 14.14 14.13 14.13 14.13 14.14 14.14 14.14 14.14 14.13 14.13 14.12 14.11 14.11 14.11 14.13 14.13 14.13 14.14 14.16 14.16 14.19 14.18 14.18 14.18 14.19 14.19 14.21 14.20 14.20 14.21 14.22 14.21 14.22 14.23 14.22 14.20 14.20 14.20 14.21 14.21 14.21 14.19 14.18 14.20
14.12 14.12 14.12 14.14 14.10 14.09 14.08 14.09 14.09 14.10 14.11 14.11 14.11 14.11 14.11 14.11 14.11 14.11 14.12 14.12 14.12 14.11 14.11 14.11 14.11 14.10 14.09 14.09 14.09 14.10 14.11 14.12 14.12 14.11 14.09 14.10 14.10 14.10 14.10 14.11 14.11 14.10 14.09 14.09 14.10 14.09 14.11 14.11 14.12 14.11 14.12 14.15 14.15 14.14 14.17 14.17 14.18 14.19 14.18 14.18 14.20 14.17 14.15 14.19 14.18 14.18 14.20 14.17 14.18 14.15 14.18 14.17 14.17 14.17 14.17 14.16 14.16
14.09 14.09 14.09 14.09 14.09 14.07 14.07 14.07 14.07 14.09 14.09 14.10 14.09 14.09 14.09 14.09 14.10 14.10 14.09 14.11 14.09 14.10 14.10 14.10 14.10 14.08 14.07 14.07 14.06 14.07 14.07 14.09 14.08 14.07 14.08 14.08 14.09 14.09 14.08 14.08 14.07 14.07 14.07 14.07 14.08 14.07 14.09 14.09 14.08 14.09 14.09 14.10 14.13 14.14 14.13 14.14 14.15 14.16 14.16 14.16 14.15 14.17 14.16 14.16 14.14 14.17 14.16 14.17 14.18 14.14 14.15 14.15 14.15 14.15 14.13 14.14 14.15
14.07 14.08 14.08 14.07 14.07 14.06 14.06 14.06 14.06 14.07 14.06 14.06 14.07 14.07 14.07 14.07 14.07 14.07 14.07 14.08 14.08 14.07 14.08 14.09 14.07 14.07 14.07 14.05 14.05 14.05 14.06 14.06 14.06 14.06 14.05 14.06 14.06 14.06 14.06 14.06 14.05 14.05 14.06 14.06 14.07 14.08 14.08 14.07 14.06 14.05 14.06 14.06 14.09 14.11 14.10 14.12 14.13 14.13 14.14 14.16 14.14 14.14 14.15 14.15 14.12 14.15 14.12 14.14 14.14 14.12 14.13 14.14 14.14 14.12 14.13 14.13 14.12
14.07 14.06 14.06 14.06 14.05 14.05 14.03 14.04 14.03 14.03 14.04 14.04 14.04 14.03 14.05 14.05 14.06 14.05 14.06 14.07 14.06 14.06 14.05 14.06 14.06 14.06 14.05 14.04 14.04 14.03 14.03 14.04 14.04 14.04 14.04 14.04 14.04 14.04 14.04 14.04 14.04 14.03 14.03 14.03 14.07 14.06 14.05 14.05 14.03 14.03 14.03 14.04 14.05 14.09 14.09 14.09 14.10 14.11 14.12 14.12 14.13 14.13 14.13 14.12 14.12 14.11 14.12 14.11 14.12 14.11 14.12 14.11 14.11 14.12 14.11 14.12 14.12
14.04 14.04 14.04 14.04 14.04 14.04 14.03 14.00 14.00 14.01 14.01 14.01 14.00 14.01 14.02 14.03 14.04 14.04 14.04 14.04 14.04 14.03 14.04 14.04 14.04 14.04 14.03 14.02 14.02 14.02 14.01 14.01 14.01 14.01 14.00 14.01 14.01 14.01 14.01 14.01 14.01 14.02 14.02 14.05 14.04 14.04 14.04 14.03 14.02 14.01 14.01 14.01 14.01 14.02 14.03 14.04 14.05 14.08 14.11 14.11 14.11 14.12 14.12 14.11 14.11 14.10 14.10 14.09 14.13 14.08 14.11 14.09 14.11 14.09 14.09 14.10 14.09
14.01 14.01 14.02 14.01 14.01 14.01 14.01 14.01 13.98 13.99 13.99 13.99 13.98 13.98 13.99 14.00 14.00 14.01 14.01 14.02 14.01 14.00 14.00 13.99 13.99 14.00 14.00 14.00 13.99 13.98 13.98 13.98 13.98 13.98 13.98 13.98 13.99 13.99 13.99 13.99 13.99 13.98 13.98 14.01 14.00 13.99 13.99 14.00 13.99 13.99 13.98 13.99 13.99 13.99 14.00 14.02 14.02 14.04 14.06 14.07 14.07 14.08 14.09 14.09 14.08 14.07 14.07 14.07 14.08 14.07 14.08 14.06 14.05 14.06 14.05 14.07 14.06
14.00 13.98 13.98 13.99 13.99 13.99 13.99 13.99 13.97 13.97 13.97 13.97 13.97 13.96 13.96 13.97 13.97 13.98 13.98 13.98 13.98 13.98 13.98 13.98 13.98 13.98 13.98 13.97 13.96 13.96 13.96 13.96 13.96 13.97 13.96 13.97 13.96 13.96 13.97 13.97 13.96 13.94 13.97 13.97 13.97 13.96 13.96 13.96 13.96 13.96 13.96 13.96 13.96 13.96 13.99 14.01 14.00 14.02 14.05 14.05 14.06 14.05 14.05 14.07 14.06 14.06 14.06 14.05 14.05 14.06 14.05 14.01 14.02 14.00 14.02 14.04 14.04
13.99 13.98 13.98 13.97 13.96 13.96 13.96 13.96 13.97 13.95 13.95 13.95 13.95 13.95 13.95 13.96 13.96 13.95 13.95 13.96 13.96 13.96 13.96 13.96 13.96 13.96 13.95 13.95 13.94 13.94 13.94 13.94 13.93 13.93 13.93 13.92 13.93 13.94 13.95 13.94 13.93 13.92 13.94 13.93 13.94 13.94 13.94 13.94 13.95 13.95 13.94 13.94 13.94 13.95 13.96 13.98 13.97 13.99 14.03 14.05 14.05 14.04 14.04 14.04 14.04 14.04 14.04 14.03 14.03 14.03 14.03 14.04 14.04 14.03 14.02 14.03 14.04
13.95 13.94 13.94 13.95 13.94 13.96 13.95 13.94 13.95 13.93 13.93 13.93 13.92 13.92 13.93 13.93 13.93 13.93 13.93 13.94 13.94 13.94 13.94 13.94 13.94 13.94 13.93 13.92 13.92 13.92 13.93 13.92 13.91 13.91 13.91 13.90 13.90 13.90 13.92 13.93 13.91 13.93 13.92 13.92 13.92 13.92 13.92 13.92 13.93 13.93 13.92 13.92 13.92 13.93 13.93 13.95 13.95 13.98 14.00 14.02 14.01 14.01 14.00 14.01 14.01 14.01 14.01 14.00 13.99 14.00 13.99 14.00 14.02 14.03 14.03 14.04 14.03
13.92 13.92 13.93 13.94 13.93 13.93 13.93 13.92 13.93 13.93 13.92 13.91 13.90 13.90 13.91 13.91 13.91 13.92 13.90 13.90 13.91 13.91 13.91 13.91 13.91 13.91 13.90 13.90 13.90 13.90 13.90 13.90 13.90 13.89 13.89 13.90 13.89 13.88 13.89 13.90 13.92 13.91 13.90 13.90 13.91 13.91 13.90 13.91 13.91 13.91 13.91 13.90 13.91 13.91 13.91 13.92 13.93 13.94 13.95 13.95 13.99 13.98 13.98 13.97 13.98 13.99 13.99 13.99 13.98 13.98 13.97 13.98 13.98 13.98 13.97 14.02 14.03
13.90 13.90 13.91 13.91 13.90 13.90 13.90 13.90 13.92 13.92 13.90 13.88 13.88 13.87 13.88 13.88 13.88 13.89 13.89 13.89 13.88 13.88 13.88 13.88 13.88 13.88 13.87 13.87 13.88 13.88 13.87 13.87 13.87 13.87 13.88 13.88 13.88 13.86 13.86 13.88 13.90 13.88 13.87 13.87 13.87 13.87 13.87 13.88 13.88 13.88 13.88 13.88 13.89 13.89 13.90 13.89 13.89 13.89 13.92 13.94 13.95 13.94 13.94 13.93 13.93 13.94 13.96 13.96 13.96 13.96 13.96 13.95 13.96 13.96 13.95 13.96 13.97
13.87 13.87 13.88 13.87 13.86 13.87 13.87 13.88 13.88 13.89 13.88 13.86 13.86 13.86 13.86 13.86 13.87 13.87 13.86 13.86 13.87 13.87 13.86 13.86 13.85 13.85 13.85 13.85 13.86 13.85 13.85 13.85 13.85 13.84 13.85 13.86 13.85 13.84 13.84 13.87 13.86 13.85 13.85 13.86 13.86 13.85 13.85 13.86 13.87 13.87 13.87 13.87 13.87 13.87 13.88 13.88 13.88 13.87 13.88 13.91 13.91 13.92 13.92 13.88 13.89 13.92 13.92 13.94 13.94 13.94 13.93 13.93 13.93 13.93 13.93 13.93 13.94
13.85 13.85 13.85 13.84 13.83 13.85 13.85 13.85 13.85 13.85 13.86 13.86 13.84 13.84 13.84 13.84 13.84 13.84 13.84 13.84 13.84 13.84 13.84 13.84 13.83 13.83 13.82 13.82 13.82 13.83 13.82 13.82 13.82 13.82 13.82 13.82 13.82 13.83 13.85 13.85 13.84 13.84 13.84 13.83 13.84 13.83 13.84 13.85 13.85 13.85 13.85 13.85 13.85 13.85 13.85 13.85 13.85 13.85 13.87 13.88 13.91 13.92 13.89 13.91 13.90 13.92 13.89 13.90 13.92 13.92 13.91 13.93 13.91 13.92 13.91 13.92 13.92
13.83 13.82 13.82 13.82 13.82 13.83 13.83 13.83 13.83 13.83 13.83 13.84 13.82 13.81 13.81 13.81 13.80 13.80 13.80 13.81 13.81 13.81 13.81 13.81 13.81 13.81 13.81 13.80 13.80 13.80 13.80 13.79 13.80 13.80 13.80 13.80 13.79 13.79 13.83 13.84 13.84 13.83 13.82 13.82 13.82 13.81 13.81 13.82 13.82 13.81 13.81 13.81 13.81 13.81 13.82 13.81 13.81 13.82 13.83 13.84 13.86 13.89 13.88 13.87 13.89 13.90 13.87 13.87 13.90 13.91 13.89 13.91 13.91 13.90 13.90 13.90 13.90
13.80 13.80 13.80 13.80 13.79 13.80 13.80 13.81 13.80 13.80 13.79 13.79 13.79 13.80 13.77 13.78 13.78 13.78 13.78 13.79 13.79 13.79 13.78 13.78 13.79 13.79 13.79 13.78 13.78 13.78 13.78 13.77 13.77 13.78 13.78 13.77 13.77 13.80 13.80 13.79 13.79 13.78 13.77 13.78 13.79 13.78 13.78 13.78 13.78 13.78 13.78 13.78 13.78 13.77 13.78 13.78 13.78 13.80 13.80 13.82 13.83 13.84 13.85 13.89 13.86 13.85 13.85 13.85 13.87 13.87 13.87 13.88 13.88 13.90 13.87 13.89 13.88
13.79 13.77 13.77 13.77 13.77 13.77 13.78 13.78 13.78 13.77 13.76 13.77 13.78 13.77 13.75 13.75 13.76 13.76 13.77 13.76 13.78 13.78 13.77 13.77 13.77 13.77 13.77 13.76 13.76 13.77 13.77 13.75 13.75 13.74 13.74 13.74 13.77 13.77 13.78 13.77 13.76 13.76 13.76 13.76 13.77 13.77 13.77 13.77 13.76 13.77 13.77 13.77 13.76 13.76 13.76 13.76 13.76 13.79 13.81 13.82 13.83 13.84 13.83 13.86 13.86 13.85 13.85 13.84 13.83 13.84 13.84 13.84 13.85 13.84 13.83 13.85 13.85
13.76 13.75 13.75 13.75 13.75 13.76 13.76 13.76 13.75 13.75 13.75 13.75 13.75 13.75 13.75 13.75 13.75 13.75 13.74 13.71 13.74 13.74 13.73 13.73 13.73 13.73 13.73 13.74 13.74 13.73 13.72 13.73 13.73 13.72 13.72 13.75 13.75 13.74 13.75 13.74 13.75 13.75 13.75 13.75 13.75 13.75 13.75 13.75 13.75 13.75 13.75 13.75 13.75 13.75 13.74 13.74 13.76 13.77 13.79 13.83 13.83 13.82 13.82 13.83 13.79 13.80 13.81 13.81 13.81 13.82 13.82 13.82 13.82 13.82 13.82 13.82 13.83
13.74 13.74 13.73 13.73 13.73 13.74 13.74 13.73 13.73 13.73 13.72 13.73 13.73 13.74 13.75 13.72 13.73 13.74 13.72 13.70 13.67 13.70 13.71 13.71 13.71 13.71 13.71 13.71 13.71 13.71 13.71 13.70 13.71 13.71 13.70 13.72 13.71 13.72 13.72 13.72 13.72 13.73 13.73 13.73 13.73 13.73 13.73 13.72 13.72 13.73 13.73 13.73 13.72 13.72 13.73 13.73 13.73 13.76 13.76 13.79 13.78 13.79 13.78 13.79 13.79 13.82 13.81 13.81 13.79 13.80 13.81 13.81 13.81 13.80 13.80 13.80 13.80
13.72 13.72 13.71 13.71 13.71 13.72 13.72 13.70 13.70 13.70 13.70 13.69 13.70 13.71 13.70 13.70 13.68 13.68 13.68 13.68 13.65 13.68 13.68 13.69 13.68 13.69 13.69 13.68 13.68 13.67 13.67 13.67 13.68 13.67 13.71 13.70 13.70 13.68 13.68 13.69 13.69 13.69 13.70 13.69 13.70 13.70 13.70 13.70 13.70 13.70 13.71 13.71 13.71 13.71 13.71 13.71 13.73 13.74 13.74 13.74 13.75 13.76 13.76 13.75 13.76 13.80 13.79 13.79 13.79 13.80 13.80 13.79 13.80 13.79 13.79 13.79 13.77
13.69 13.68 13.68 13.69 13.69 13.70 13.70 13.68 13.70 13.69 13.69 13.69 13.68 13.68 13.68 13.69 13.66 13.66 13.66 13.65 13.65 13.59 13.65 13.66 13.66 13.67 13.66 13.66 13.66 13.65 13.65 13.65 13.65 13.68 13.66 13.67 13.67 13.67 13.68 13.68 13.67 13.67 13.67 13.68 13.68 13.67 13.67 13.68 13.68 13.68 13.69 13.68 13.69 13.69 13.69 13.69 13.70 13.73 13.75 13.74 13.72 13.73 13.76 13.76 13.75 13.74 13.76 13.76 13.75 13.77 13.77 13.78 13.79 13.78 13.78 13.77 13.76
13.68 13.67 13.66 13.67 13.67 13.68 13.68 13.67 13.68 13.68 13.67 13.67 13.68 13.67 13.66 13.66 13.66 13.64 13.65 13.64 13.63 13.54 13.62 13.63 13.63 13.63 13.63 13.63 13.63 13.63 13.63 13.63 13.65 13.66 13.66 13.66 13.66 13.66 13.66 13.66 13.66 13.66 13.65 13.66 13.66 13.65 13.65 13.66 13.66 13.67 13.67 13.67 13.68 13.68 13.68 13.67 13.66 13.68 13.71 13.71 13.69 13.70 13.72 13.72 13.72 13.72 13.73 13.72 13.75 13.74 13.74 13.73 13.74 13.77 13.78 13.79 13.77
13.65 13.65 13.65 13.64 13.64 13.65 13.65 13.65 13.66 13.65 13.66 13.66 13.65 13.65 13.63 13.62 13.63 13.63 13.62 13.62 13.61 13.56 13.57 13.62 13.61 13.60 13.60 13.58 13.60 13.60 13.60 13.60 13.63 13.63 13.63 13.63 13.63 13.63 13.63 13.63 13.63 13.64 13.64 13.64 13.64 13.64 13.62 13.62 13.63 13.63 13.64 13.64 13.64 13.64 13.64 13.65 13.65 13.66 13.67 13.67 13.67 13.69 13.69 13.69 13.70 13.69 13.70 13.70 13.72 13.72 13.72 13.72 13.72 13.75 13.75 13.77 13.75
