BOM_solar_grid_data_201906/2019063020190630.grid
ncols 839
nrows 679
xllcenter 112.0500
yllcenter -43.9500
cellsize 0.0500
nodata_value 99999.90
[rows 374 to 407 of 679, columns 231 to 307 of 839]
11.21 11.29 11.08 11.47 11.99 11.93 11.96 12.08 11.86 12.11 12.39 11.62 11.41 11.11 11.19 11.35 11.96 11.89 11.44 11.28 11.30 11.09 11.00 11.15 11.11 11.42 11.62 11.77 11.12 11.21 11.36 11.54 11.06 10.99 11.28 11.24 11.26 11.34 11.44 11.35 11.40 11.39 11.46 11.40 11.27 11.78 11.89 11.93 11.85 11.92 11.91 11.84 11.68 11.94 11.51 11.94 12.01 11.91 11.86 12.06 11.97 11.95 11.97 11.94 12.11 11.99 11.87 11.86 12.14 11.89 11.94 12.20 12.26 12.57 12.61 12.44 12.30
11.60 11.51 11.22 11.40 11.67 11.93 11.57 11.83 11.95 11.59 11.71 11.46 11.32 11.13 11.18 11.52 11.31 11.86 11.74 11.41 11.26 11.49 11.57 11.81 11.45 11.46 11.69 11.53 11.36 10.97 11.74 11.88 11.43 11.15 11.11 10.95 10.94 11.15 11.21 11.22 11.12 11.34 11.34 11.49 11.31 11.45 11.83 11.90 11.89 11.77 11.75 11.73 11.51 11.67 11.74 11.92 11.80 11.76 11.90 11.82 11.81 12.11 11.96 12.03 12.15 12.09 12.03 11.96 12.15 11.97 11.95 12.13 12.41 12.58 12.64 12.56 12.37
11.77 11.40 11.68 11.39 11.12 11.32 11.65 11.85 11.62 11.57 11.40 11.58 11.65 11.39 11.43 11.56 11.39 11.53 11.55 11.42 11.41 11.31 11.50 11.55 11.57 11.61 11.28 11.40 11.62 11.05 11.53 11.42 11.26 11.28 11.26 11.09 10.94 10.90 11.20 11.16 11.11 11.27 11.26 11.31 11.44 11.15 10.95 11.26 11.25 11.42 11.56 11.55 11.55 11.69 11.55 11.60 12.03 11.92 12.07 12.12 11.90 11.64 11.55 11.76 12.07 12.33 12.04 12.33 12.22 12.16 12.10 11.95 12.25 12.29 12.39 12.48 12.47
11.61 11.41 11.78 10.91 10.99 11.33 11.52 11.66 11.71 11.76 11.79 11.94 11.85 11.78 11.67 11.77 11.45 11.34 11.13 11.35 11.22 11.04 11.20 11.34 11.36 11.29 11.29 11.36 11.49 11.29 11.23 11.38 11.36 11.21 11.03 11.42 11.32 11.26 10.91 10.96 10.94 11.14 11.42 11.42 11.25 10.74 11.01 11.05 10.81 10.96 11.04 11.33 11.58 11.66 11.75 11.85 12.05 11.93 12.15 12.19 12.04 12.07 11.97 11.57 11.97 11.93 12.09 12.27 12.21 12.38 12.33 12.10 12.20 12.35 12.45 12.40 12.49
11.34 11.44 11.45 11.24 11.30 11.50 11.41 11.51 11.78 11.87 12.18 11.97 11.75 11.65 11.29 11.55 11.36 11.26 11.54 11.53 11.13 10.95 11.29 11.13 10.77 10.90 11.12 10.93 10.93 11.14 11.19 11.26 11.24 11.13 11.17 11.14 11.37 11.39 10.84 11.25 11.18 11.01 11.51 11.17 11.06 10.68 10.69 11.00 11.09 10.94 11.09 11.31 11.39 11.69 11.57 11.49 11.93 12.03 11.72 12.02 12.03 11.92 11.80 11.88 11.98 11.73 11.87 12.06 12.10 12.10 12.13 12.16 12.16 12.31 12.22 12.34 12.57
10.98 11.25 11.35 11.21 10.86 10.92 11.15 11.34 11.45 11.51 11.70 11.75 11.67 11.77 11.73 11.47 11.48 11.29 11.08 11.53 11.27 11.42 11.36 11.00 10.75 10.70 11.18 11.36 11.44 11.41 11.35 11.36 11.26 11.33 11.36 11.42 11.26 11.17 11.20 10.86 10.94 11.00 11.19 11.07 11.23 11.17 10.84 10.75 11.00 11.02 11.31 11.36 11.25 11.17 11.22 11.54 12.02 11.80 11.82 12.00 11.96 11.75 12.07 11.95 12.20 12.06 11.98 11.97 12.31 12.13 12.30 12.33 12.21 12.27 12.14 12.23 12.54
11.47 11.54 11.43 11.08 10.77 10.80 10.79 10.79 10.99 11.11 11.77 11.83 11.65 11.54 11.48 11.35 11.77 11.89 11.32 11.31 11.04 10.95 11.03 11.37 11.31 11.10 11.45 11.77 11.87 11.57 11.52 11.27 11.34 11.48 10.92 10.99 10.97 11.06 11.00 10.78 11.11 11.05 11.10 11.70 11.71 11.23 11.29 10.92 11.35 11.18 11.33 11.43 11.45 11.05 11.45 11.51 11.66 12.25 12.19 12.15 12.42 12.41 12.21 12.43 12.55 12.60 12.36 12.53 12.57 12.58 12.44 12.61 12.41 12.32 12.45 12.22 12.29
11.22 11.57 11.57 11.44 11.41 11.50 10.89 11.12 11.02 11.19 11.65 11.61 11.35 11.57 11.81 11.24 11.43 11.59 11.51 11.18 11.05 10.80 11.17 11.25 10.95 11.26 11.49 11.88 11.83 11.58 11.45 11.35 11.06 10.83 10.64 11.16 11.33 11.31 10.91 10.81 11.00 11.13 11.29 11.51 11.71 11.73 11.44 11.11 11.45 11.65 11.55 11.50 11.52 11.37 11.31 11.51 11.80 12.35 12.51 12.41 12.33 12.46 12.10 12.25 12.28 12.20 12.22 12.36 12.60 12.73 12.54 12.55 12.47 12.51 12.50 12.61 12.64
11.29 11.49 11.23 11.02 11.22 11.22 11.01 11.17 11.13 11.25 11.35 11.29 11.25 11.11 11.46 11.09 11.21 11.48 11.28 11.04 11.11 10.41 10.65 10.83 11.03 11.24 11.20 11.42 11.53 11.40 11.40 11.16 11.06 11.09 11.29 11.31 11.38 10.98 10.89 10.79 11.11 11.25 11.10 11.06 11.39 11.33 11.37 11.36 11.34 11.48 11.59 11.49 11.28 11.20 11.12 11.64 12.02 12.16 12.16 12.25 12.17 12.31 12.28 12.14 12.03 12.02 12.07 12.10 11.90 12.28 12.28 12.23 12.38 12.40 12.32 12.30 12.29
11.46 11.47 11.36 10.89 10.69 10.71 11.01 11.33 11.11 11.11 11.40 11.74 11.58 11.30 11.49 10.93 11.30 11.53 11.40 11.29 11.10 11.01 11.15 11.23 11.20 11.32 11.06 11.44 11.37 11.20 11.06 10.86 10.52 10.68 11.16 11.27 11.47 11.34 11.31 11.20 11.16 11.23 11.52 11.54 11.70 11.33 11.19 11.25 11.43 11.38 11.44 11.51 11.47 11.00 11.19 11.63 11.69 11.81 11.89 11.90 11.96 12.24 12.17 12.09 12.44 12.11 11.96 12.07 11.94 12.27 12.36 12.27 12.40 12.57 12.43 12.23 12.20
11.86 11.63 11.52 11.05 10.71 10.40 10.41 10.85 10.78 10.92 11.16 11.21 10.98 11.35 11.41 11.04 11.41 11.43 11.32 11.82 11.28 11.14 11.28 11.50 11.44 11.64 11.47 11.41 11.25 11.55 11.36 11.67 11.26 11.54 11.62 11.81 12.08 12.03 11.65 11.77 11.68 12.04 12.11 11.89 11.72 11.84 11.89 11.74 11.77 11.66 11.47 11.18 11.22 11.37 11.41 11.78 11.86 11.79 11.90 11.87 12.01 12.01 12.11 12.33 12.42 12.58 12.32 12.39 12.35 12.67 12.53 12.39 12.48 12.57 12.33 12.13 12.35
11.79 11.76 11.53 11.02 11.18 11.06 11.00 11.20 11.13 10.87 11.20 11.47 11.37 11.67 11.51 11.26 11.04 11.33 11.38 11.68 11.69 11.61 11.68 11.55 11.51 11.95 11.82 11.74 11.60 12.10 11.62 11.55 11.40 11.78 11.92 11.85 11.89 12.26 12.09 12.04 12.16 12.14 11.74 11.70 11.72 12.46 12.39 12.23 12.11 12.04 11.78 11.81 11.67 11.82 11.88 11.88 12.19 12.16 12.01 12.06 12.48 12.42 12.20 12.29 12.25 12.29 12.14 12.25 12.42 12.59 12.78 12.63 12.46 12.09 12.31 12.70 12.63
12.18 12.25 11.87 11.43 11.49 11.47 11.49 11.29 11.13 11.25 10.87 11.14 11.02 11.24 11.43 10.97 10.99 11.34 11.32 11.60 11.82 11.83 11.73 11.84 11.90 12.16 12.08 12.22 12.12 12.32 12.32 11.94 11.96 11.67 11.43 11.52 11.78 11.97 11.80 11.63 11.77 12.06 11.85 11.95 12.05 12.47 12.59 12.57 12.39 12.07 11.85 11.98 12.02 11.98 11.77 11.66 11.94 11.97 12.00 11.48 11.84 12.23 11.97 12.08 11.95 11.96 12.14 12.35 12.38 12.63 12.83 12.96 12.92 12.78 12.57 12.48 12.52
12.31 12.41 12.27 12.02 11.98 11.85 11.93 11.59 11.53 11.92 11.62 11.18 11.46 11.34 11.26 10.99 11.04 11.52 11.41 11.57 11.88 11.92 11.77 11.87 12.22 12.29 12.38 12.39 12.13 11.98 12.07 12.27 12.02 12.18 12.07 12.03 12.14 12.35 12.35 12.22 11.93 11.99 11.77 12.00 12.11 12.48 12.65 12.80 12.44 12.10 11.66 11.99 12.02 12.20 11.89 11.73 12.03 12.03 12.05 11.94 11.38 11.82 11.93 11.69 11.57 11.29 11.59 11.99 12.22 12.29 12.42 12.59 12.59 12.42 12.47 12.49 12.35
11.93 11.83 12.04 12.05 12.17 11.89 12.09 11.95 11.99 11.75 11.43 11.40 12.10 12.05 11.94 11.84 11.53 11.68 11.80 11.62 11.81 12.14 12.21 12.01 11.92 12.13 12.28 12.40 12.50 12.13 12.10 12.15 12.40 12.35 12.16 11.92 11.90 12.43 12.56 12.68 12.52 12.42 12.09 12.25 11.98 12.31 12.45 12.60 12.83 12.44 11.95 12.25 12.55 12.22 12.02 11.88 11.91 11.73 12.08 12.25 11.98 11.76 12.13 11.86 12.11 12.11 12.10 12.27 12.22 12.33 12.43 12.40 12.06 11.96 12.03 12.39 12.36
12.03 11.91 11.88 11.92 11.85 12.12 12.33 12.24 12.09 11.98 11.75 11.76 11.95 11.98 11.95 12.12 11.70 11.80 11.80 11.65 11.79 12.06 12.10 12.00 11.69 11.94 12.19 12.24 12.39 12.56 12.59 12.31 12.38 12.56 12.30 11.87 11.65 11.39 11.85 12.04 12.05 12.20 12.26 12.13 12.03 12.05 12.15 12.20 12.62 12.57 12.41 12.45 12.38 12.30 12.39 12.14 12.15 12.11 12.01 12.18 11.71 11.51 11.97 11.88 11.44 11.91 12.13 12.28 12.17 12.02 12.24 12.37 12.09 12.02 12.34 12.36 12.34
12.11 12.20 12.08 11.75 11.85 11.61 11.77 11.97 11.94 11.65 12.03 12.20 12.05 12.00 12.14 12.25 12.15 12.25 12.14 12.11 11.93 12.01 11.95 11.68 11.65 11.97 12.26 12.64 12.47 12.41 12.56 12.43 12.21 12.36 12.36 12.21 12.18 12.36 12.25 12.12 11.97 11.92 12.29 12.53 12.41 12.38 12.26 12.45 12.58 12.57 12.38 12.33 12.38 12.43 12.35 12.18 12.37 12.22 12.23 12.12 11.57 11.11 11.20 11.78 11.80 11.61 11.97 12.13 12.24 11.99 12.07 12.25 12.16 11.83 12.15 12.53 12.64
12.04 12.14 12.16 12.24 12.16 11.39 11.63 11.69 12.00 11.96 12.38 12.38 12.40 12.01 12.07 12.19 12.15 11.94 11.98 12.03 12.01 11.76 11.41 11.51 11.98 12.14 12.00 12.65 12.45 12.29 12.43 12.36 12.48 12.50 12.36 12.45 12.13 11.93 12.25 11.99 12.34 12.64 12.58 12.82 12.96 12.86 12.94 12.67 12.58 12.55 12.52 12.46 12.49 12.52 12.47 12.29 12.18 12.52 12.10 12.11 11.91 11.69 11.23 11.33 11.47 11.40 11.68 12.28 12.34 12.07 11.92 11.48 11.62 11.62 11.25 11.75 12.31
11.92 11.81 11.87 12.03 11.78 11.66 11.62 11.90 11.98 12.25 12.24 12.12 12.21 11.96 12.07 12.05 12.26 12.12 12.40 12.40 12.35 12.16 12.11 11.82 12.12 11.73 12.09 12.58 12.88 12.91 12.86 12.69 12.73 12.77 12.31 12.34 12.56 12.42 12.48 12.69 12.53 12.73 12.90 12.98 13.04 13.05 12.89 12.88 12.94 12.89 12.67 12.72 12.53 12.38 12.36 12.60 12.16 12.40 12.37 12.22 12.08 11.89 12.00 11.76 11.91 11.50 11.16 11.55 11.90 12.04 12.13 11.83 11.19 11.35 11.43 11.24 11.62
11.81 11.56 11.70 11.83 11.73 11.81 11.92 11.76 12.10 12.23 12.14 12.05 12.05 12.04 12.16 12.30 12.49 12.34 12.36 12.35 12.35 12.35 12.46 12.15 11.97 12.04 12.26 12.67 12.75 12.59 12.73 12.85 12.93 12.66 12.70 12.69 12.62 12.58 12.76 12.82 12.96 12.86 12.90 12.99 13.02 13.02 13.00 12.96 12.95 12.96 12.91 12.88 12.81 12.70 12.67 12.80 12.53 12.20 12.31 12.51 12.61 12.23 12.13 12.24 12.07 12.03 11.77 11.63 11.52 11.46 11.80 11.81 11.63 11.63 11.77 11.70 11.84
11.82 11.68 11.70 11.63 11.44 11.23 11.59 12.10 12.07 11.72 11.77 12.32 12.01 11.98 11.99 11.89 12.27 12.29 12.25 12.35 12.34 12.32 12.31 12.25 11.74 11.74 12.25 12.60 12.57 12.56 12.67 12.73 12.85 12.79 12.72 12.21 12.45 12.61 12.54 12.63 12.84 12.89 12.96 12.96 12.97 12.98 12.99 13.00 12.90 12.90 12.97 12.88 12.73 12.64 12.63 12.63 12.47 12.59 12.70 12.68 12.61 12.48 12.10 12.19 12.16 12.20 11.82 11.72 11.73 11.57 11.51 11.69 12.01 11.98 11.83 11.90 11.82
11.95 11.68 11.36 11.58 11.55 11.90 12.36 12.19 11.40 11.41 11.58 11.78 11.51 11.33 11.19 11.64 12.24 12.21 12.13 12.00 11.88 12.00 12.27 12.31 12.44 11.81 12.13 11.65 11.81 12.14 12.59 12.50 12.24 12.37 12.18 12.00 12.29 12.71 12.59 12.45 12.49 12.73 12.85 12.84 12.91 12.87 12.97 12.97 12.92 12.90 12.87 12.82 12.84 12.45 12.31 12.39 12.35 12.51 12.66 12.58 12.68 12.65 12.45 12.40 12.22 12.07 11.79 11.72 12.07 11.86 12.04 12.06 12.20 12.18 12.08 12.07 11.85
11.53 11.33 11.34 11.09 11.63 11.76 11.60 11.38 11.41 12.12 11.15 11.09 11.59 11.61 11.63 11.77 12.07 12.11 12.07 11.58 11.99 12.03 11.99 12.18 12.23 12.13 11.83 12.10 12.27 12.06 12.37 12.32 12.48 12.55 12.48 12.22 12.13 12.72 12.75 12.68 12.80 12.72 12.83 12.86 12.83 12.93 12.87 12.80 12.77 12.83 12.88 12.86 12.76 12.58 12.55 12.13 12.12 12.16 12.22 12.56 12.60 12.48 12.67 12.52 11.94 12.10 11.92 11.83 12.09 12.44 12.65 12.63 12.43 12.35 12.24 12.17 12.06
11.34 11.29 11.70 11.62 11.52 11.51 11.73 11.44 11.55 11.97 11.32 11.20 11.30 11.59 12.19 12.13 11.91 11.58 11.63 11.79 11.97 11.84 11.90 12.37 12.30 12.03 12.20 12.34 12.04 12.16 11.63 12.27 12.29 12.41 12.57 12.33 12.52 12.74 12.67 12.45 12.62 12.57 12.67 12.53 12.38 12.43 12.76 12.93 12.93 12.90 12.90 12.90 12.76 12.69 12.75 12.67 12.67 12.45 12.35 12.30 12.59 12.57 12.67 12.65 12.62 12.54 12.41 12.40 12.46 12.55 12.49 12.55 12.53 12.20 12.05 12.32 12.18
10.78 11.05 11.45 11.18 11.31 11.18 10.98 11.19 11.38 11.29 11.30 11.98 12.16 11.89 12.03 11.63 11.73 11.58 11.83 12.09 12.29 12.38 12.27 12.09 12.19 12.17 12.27 12.24 11.76 12.10 11.54 11.85 12.25 12.25 12.14 12.17 12.01 12.44 12.59 12.10 12.33 12.47 12.48 12.26 11.58 12.03 12.60 12.70 12.48 12.58 12.88 12.73 12.65 12.62 12.79 12.74 12.68 12.72 12.82 12.51 12.52 12.53 12.65 12.52 12.70 12.71 12.66 12.70 12.73 12.72 12.63 12.53 12.65 12.62 12.21 12.19 12.28
10.27 10.45 10.96 10.93 11.63 11.49 11.36 11.15 11.14 10.91 11.23 11.51 11.82 11.57 11.64 11.67 12.00 11.86 11.73 12.19 12.15 12.04 11.75 11.29 11.70 11.92 11.96 11.84 11.80 11.72 12.21 11.75 12.09 12.05 12.30 12.50 12.29 12.51 12.41 11.96 12.01 12.32 12.31 12.18 11.96 12.50 12.77 12.53 12.58 12.71 12.80 12.72 12.57 12.68 12.64 12.73 12.69 12.66 12.49 11.87 11.63 12.03 12.63 12.71 12.57 12.52 12.74 12.71 12.68 12.64 12.10 12.11 12.42 12.26 12.52 12.40 12.35
11.04 11.02 11.41 11.48 11.83 11.48 11.29 11.15 10.84 10.85 11.13 11.77 11.85 11.14 11.27 11.44 11.67 11.60 11.93 11.88 11.47 11.57 11.70 11.76 11.95 11.71 11.50 11.68 11.92 11.93 12.01 12.12 12.40 12.35 12.11 11.84 11.84 11.79 11.96 11.83 12.04 12.27 12.12 12.28 12.40 12.57 12.70 12.67 12.73 12.77 12.73 12.63 12.40 12.53 12.63 12.68 12.39 12.43 12.50 12.13 11.74 11.85 12.22 11.89 12.31 12.82 12.77 12.65 12.80 12.76 12.06 12.11 12.12 12.38 12.57 12.62 12.53
11.13 11.14 11.20 11.56 11.51 10.93 10.70 10.59 10.48 11.18 11.38 11.62 11.68 11.53 11.58 11.65 11.57 11.32 11.60 11.34 11.55 11.69 11.86 11.51 11.41 11.62 11.73 11.66 11.53 12.10 11.85 12.04 12.17 12.17 11.62 11.83 11.76 11.94 11.84 11.65 11.36 11.64 11.86 12.11 12.35 12.31 12.27 12.11 12.22 12.18 12.01 12.23 12.26 12.07 11.83 12.15 12.17 12.00 11.69 11.97 12.38 12.51 12.64 12.48 12.56 12.72 12.70 12.44 12.50 12.57 12.18 12.21 12.46 12.66 12.52 12.66 12.48
11.37 11.16 11.10 11.11 10.54 10.96 10.55 10.52 10.48 10.75 11.37 11.40 11.30 11.51 11.47 11.13 11.30 11.25 11.16 11.30 11.98 12.13 11.75 11.79 11.81 11.37 11.34 11.36 11.72 11.96 11.71 11.33 11.55 11.57 11.25 11.82 12.13 12.27 12.15 11.68 11.58 11.99 11.74 11.67 11.66 11.46 11.92 12.07 12.23 11.71 11.78 11.76 11.98 11.78 11.84 12.01 11.89 12.04 12.17 12.05 12.21 12.00 12.45 12.45 12.50 12.11 12.11 12.13 12.03 12.54 12.25 12.04 12.39 12.38 12.51 12.52 12.36
10.60 10.72 9.89 10.82 11.48 10.66 9.47 9.55 10.26 11.14 11.29 11.18 11.17 10.62 10.79 11.05 11.23 11.18 11.66 12.00 12.09 11.54 11.32 11.36 11.29 11.53 11.32 11.54 11.54 11.78 11.76 11.72 11.21 11.25 11.62 11.48 11.46 11.80 11.78 11.70 12.32 12.10 12.08 11.86 11.48 12.18 12.35 12.19 11.80 11.64 11.91 11.90 12.07 11.81 11.83 11.99 12.11 11.77 11.66 11.36 11.93 12.42 12.31 12.33 12.05 12.49 12.24 12.46 12.65 12.64 12.39 11.99 11.93 12.11 12.50 12.55 12.32
10.70 10.26 10.54 11.11 11.00 9.81 9.51 10.01 10.87 11.15 11.05 10.78 10.64 10.89 11.01 10.73 10.19 10.68 11.09 11.25 11.05 10.97 11.07 10.71 10.97 11.19 11.58 11.65 11.41 11.49 11.57 11.14 11.03 10.79 10.56 10.59 10.52 11.02 10.69 11.04 11.24 11.45 11.95 11.84 11.91 11.98 11.76 11.86 11.67 11.56 10.87 11.61 11.99 12.20 12.27 12.37 12.24 12.19 12.25 12.14 12.24 12.23 11.82 10.85 11.03 10.97 11.45 11.96 12.19 12.42 12.29 12.22 12.05 12.27 12.33 11.66 11.48
10.44 10.30 10.38 10.90 10.74 10.01 9.58 10.41 10.22 11.02 11.02 10.84 10.82 10.78 11.02 10.92 10.53 10.73 11.03 11.03 10.76 10.39 10.65 10.57 10.83 10.84 11.52 11.67 11.74 11.33 11.23 11.18 10.97 10.52 11.05 11.19 11.13 11.08 11.20 11.24 11.27 11.68 11.81 11.65 11.63 11.74 11.33 11.06 11.61 11.75 11.73 12.06 12.10 11.95 11.94 11.77 11.80 12.07 12.42 11.68 11.70 12.22 11.81 10.86 10.74 11.67 12.03 11.75 11.44 11.76 11.97 11.74 11.71 12.06 11.87 11.39 10.94
9.74 10.34 11.21 11.07 10.50 10.09 9.83 9.83 9.95 10.73 10.68 10.61 9.68 9.96 10.61 10.29 10.32 10.13 10.32 10.59 10.13 10.27 10.86 11.07 10.63 10.79 11.41 11.76 11.64 10.94 11.04 10.20 10.19 11.15 11.49 11.19 10.80 10.70 10.75 10.89 11.34 11.76 11.56 11.71 11.16 10.81 11.04 11.21 11.54 11.48 11.84 11.86 11.59 11.92 12.15 11.50 11.50 11.60 11.51 11.04 11.24 11.48 11.25 11.12 11.25 11.68 11.61 11.61 11.00 11.55 11.97 11.60 11.81 11.59 11.11 10.43 10.56
10.23 10.56 10.91 10.82 10.65 10.10 10.27 10.41 10.53 10.45 10.81 10.74 10.08 10.26 10.11 9.76 9.72 9.99 9.74 10.18 10.50 10.82 10.70 10.72 10.00 10.08 11.04 10.74 10.31 10.39 10.80 10.71 10.77 10.95 11.09 10.71 10.79 10.35 10.05 10.76 11.07 11.44 11.12 10.85 10.63 10.90 11.11 10.97 11.17 11.63 11.80 11.91 11.87 11.52 11.63 11.36 10.81 10.78 10.55 10.96 10.77 10.24 10.68 11.24 11.10 11.00 11.52 11.96 11.41 10.34 10.66 11.65 11.25 11.35 11.43 11.11 11.16
