BOM_solar_grid_data_201906/2019063020190630.grid
ncols 839
nrows 679
xllcenter 112.0500
yllcenter -43.9500
cellsize 0.0500
nodata_value 99999.90
[rows 340 to 373 of 679, columns 231 to 307 of 839]
14.17 14.18 14.20 14.20 14.18 14.21 14.20 14.20 14.18 14.17 14.19 14.19 14.17 14.19 14.15 14.19 14.20 14.21 14.22 14.22 14.19 14.18 14.18 14.22 14.19 14.19 14.18 14.17 14.21 14.23 14.22 14.20 14.21 14.20 14.20 14.21 14.20 14.21 14.18 14.18 14.22 14.22 14.21 14.20 14.20 14.20 14.19 14.20 14.20 14.19 14.20 14.20 14.20 14.22 14.21 14.19 14.18 14.17 14.19 14.16 14.24 14.20 14.24 14.22 14.26 14.24 14.24 14.22 14.21 14.22 14.21 14.22 14.22 14.21 14.21 14.22 14.21
14.09 14.12 14.12 14.17 14.14 14.17 14.18 14.17 14.15 14.17 14.17 14.16 14.14 14.11 14.06 14.09 14.18 14.18 14.18 14.15 14.15 14.12 14.15 14.18 14.18 14.17 14.12 14.16 14.20 14.21 14.18 14.17 14.18 14.18 14.16 14.17 14.16 14.16 14.16 14.16 14.20 14.19 14.18 14.18 14.18 14.18 14.18 14.18 14.18 14.19 14.19 14.14 14.20 14.19 14.17 14.16 14.15 14.15 14.17 14.20 14.18 14.21 14.22 14.20 14.22 14.24 14.22 14.21 14.18 14.20 14.22 14.20 14.19 14.20 14.21 14.21 14.21
14.04 14.07 14.10 14.13 14.11 14.14 14.14 14.12 14.10 14.12 14.11 14.11 14.05 14.00 13.99 14.01 14.10 14.10 14.09 14.08 14.04 14.04 14.04 14.09 14.14 14.14 14.15 14.13 14.14 14.17 14.16 14.17 14.15 14.14 14.14 14.14 14.15 14.15 14.13 14.16 14.17 14.17 14.15 14.16 14.15 14.15 14.16 14.16 14.14 14.15 14.15 14.12 14.14 14.14 14.11 14.12 14.14 14.14 14.16 14.16 14.15 14.18 14.21 14.16 14.21 14.18 14.20 14.16 14.14 14.14 14.14 14.17 14.17 14.17 14.17 14.18 14.20
14.01 14.00 14.00 13.99 14.01 14.04 14.10 14.09 14.03 14.01 14.03 13.99 14.00 14.00 13.97 13.99 14.04 14.06 14.05 14.07 14.00 14.02 14.03 14.06 14.02 14.02 14.10 14.11 14.13 14.13 14.15 14.14 14.12 14.14 14.12 14.12 14.13 14.12 14.15 14.15 14.15 14.14 14.12 14.12 14.12 14.12 14.12 14.14 14.14 14.13 14.13 14.12 14.07 14.06 14.07 14.11 14.15 14.13 14.13 14.11 14.12 14.15 14.14 14.18 14.16 14.16 14.16 14.16 14.14 14.14 14.14 14.15 14.17 14.16 14.15 14.14 14.17
13.86 13.88 13.87 13.86 13.90 13.96 13.99 13.90 13.97 13.95 13.96 13.96 13.95 13.97 14.00 13.99 13.97 13.98 14.04 14.00 14.01 13.95 14.03 14.06 14.01 14.04 14.05 14.04 14.08 14.09 14.13 14.11 14.10 14.11 14.15 14.13 14.12 14.11 14.13 14.13 14.13 14.13 14.12 14.12 14.11 14.09 14.09 14.10 14.12 14.11 14.10 14.07 14.06 14.05 14.09 14.11 14.10 14.11 14.11 14.11 14.12 14.12 14.13 14.13 14.13 14.11 14.13 14.15 14.14 14.11 14.11 14.09 14.11 14.12 14.12 14.14 14.15
13.97 13.97 13.93 13.92 13.90 13.92 13.95 13.90 13.89 13.88 13.95 13.96 13.95 13.91 14.02 14.01 13.95 13.90 13.93 13.95 13.96 13.96 13.96 14.03 13.98 13.98 13.97 14.00 14.03 14.09 14.09 14.08 14.05 14.03 14.06 14.11 14.10 14.07 14.11 14.11 14.12 14.11 14.11 14.10 14.09 14.09 14.08 14.08 14.09 14.06 14.07 14.05 14.05 14.04 14.09 14.09 14.10 14.09 14.06 14.07 14.06 14.11 14.11 14.12 14.15 14.14 14.12 14.11 14.11 14.09 14.06 14.06 13.98 14.09 14.12 14.12 14.11
13.98 14.00 13.98 13.93 13.89 13.84 13.90 13.88 13.90 13.87 13.94 13.95 13.92 13.91 13.96 13.97 13.97 13.96 13.96 13.96 13.97 13.99 13.98 13.89 13.93 14.00 13.96 13.97 14.00 14.04 14.04 14.00 13.99 13.97 14.01 14.05 14.08 14.06 14.07 14.08 14.09 14.09 14.08 14.07 14.05 14.04 14.04 14.05 14.03 14.06 14.05 14.06 14.07 14.04 14.08 14.08 14.07 14.07 14.05 14.04 13.97 14.00 14.04 14.06 14.08 14.09 14.08 14.07 14.06 14.09 14.05 13.97 14.06 14.09 14.09 14.06 14.12
14.00 13.99 14.02 13.97 13.87 13.92 14.01 14.00 13.96 13.89 13.94 13.92 13.89 13.90 13.94 13.97 13.94 13.93 13.94 14.00 13.98 13.99 13.99 13.95 14.01 13.98 13.95 14.01 14.01 14.02 14.03 13.97 14.01 13.97 13.98 14.00 14.02 14.03 14.02 14.02 14.04 14.05 14.05 14.02 14.00 14.01 14.00 13.99 14.03 14.00 14.04 14.04 14.05 14.04 14.05 14.05 14.03 14.02 14.00 13.92 13.90 13.93 13.90 14.01 14.05 14.07 14.04 14.09 14.02 14.02 13.97 13.93 14.04 14.04 14.06 14.05 14.01
13.87 13.95 14.00 13.95 13.98 13.95 13.99 13.96 13.94 13.90 13.94 13.96 13.92 13.92 13.97 13.92 13.94 13.89 13.91 13.97 13.91 13.97 13.97 13.95 13.96 13.95 13.96 14.00 14.02 13.98 13.99 13.96 13.95 13.90 13.98 14.00 13.99 13.97 13.96 13.98 13.99 14.01 14.02 14.03 14.03 14.01 13.95 13.94 13.96 13.96 14.00 14.03 14.00 13.97 13.98 14.00 14.01 13.92 13.88 13.88 13.89 13.96 13.87 13.87 13.91 13.97 13.94 13.93 13.86 13.93 13.73 13.88 13.94 13.98 13.97 14.02 14.01
13.90 13.96 13.94 13.95 13.96 13.94 13.94 13.96 13.97 13.96 13.97 13.98 14.00 13.96 13.92 13.93 13.95 13.91 13.90 13.93 13.97 13.89 13.95 13.95 13.96 13.94 13.94 13.97 13.98 13.98 13.94 13.99 13.97 13.90 13.96 13.97 13.99 13.99 13.98 13.97 13.96 13.99 13.97 13.98 14.00 14.00 13.98 14.00 14.00 14.00 13.99 13.98 13.96 13.95 13.89 13.87 13.86 13.85 13.81 13.84 13.88 13.86 13.90 13.86 13.80 13.81 13.75 13.71 13.78 13.79 13.80 13.67 13.73 13.83 13.90 13.90 13.95
13.89 13.91 13.86 13.90 13.87 13.84 13.83 13.95 13.92 13.90 13.91 13.95 13.99 13.92 13.82 13.92 13.95 13.95 13.93 13.93 13.91 13.90 13.91 13.92 13.88 13.88 13.90 13.88 13.91 13.91 13.89 13.88 13.90 13.92 13.94 13.94 13.94 13.92 13.93 13.93 13.89 13.85 13.88 13.94 13.91 13.87 13.90 13.90 13.85 13.90 13.90 13.91 13.89 13.79 13.63 13.65 13.58 13.54 13.63 13.65 13.68 13.72 13.79 13.82 13.80 13.74 13.71 13.65 13.70 13.77 13.80 13.59 13.51 13.36 13.61 13.59 13.65
13.81 13.82 13.73 13.71 13.78 13.69 13.75 13.74 13.72 13.72 13.86 13.91 13.89 13.80 13.73 13.80 13.89 13.93 13.83 13.85 13.83 13.86 13.80 13.80 13.80 13.80 13.85 13.78 13.79 13.79 13.86 13.90 13.84 13.84 13.82 13.81 13.81 13.81 13.80 13.78 13.86 13.79 13.84 13.76 13.74 13.71 13.70 13.81 13.75 13.75 13.77 13.77 13.66 13.74 13.69 13.64 13.58 13.58 13.56 13.45 13.49 13.55 13.60 13.58 13.66 13.81 13.82 13.65 13.59 13.61 13.74 13.79 13.67 13.56 13.65 13.47 13.33
13.85 13.87 13.83 13.75 13.75 13.83 13.71 13.75 13.87 13.93 13.91 13.94 13.80 13.77 13.78 13.70 13.70 13.69 13.63 13.70 13.76 13.73 13.70 13.74 13.75 13.73 13.80 13.77 13.72 13.69 13.67 13.73 13.71 13.77 13.79 13.74 13.69 13.73 13.71 13.68 13.72 13.78 13.69 13.68 13.65 13.62 13.47 13.56 13.69 13.57 13.50 13.51 13.49 13.40 13.46 13.43 13.33 13.39 13.60 13.47 13.47 13.36 13.49 13.62 13.71 13.74 13.80 13.62 13.67 13.67 13.62 13.70 13.62 13.61 13.54 13.36 13.48
13.82 13.80 13.77 13.76 13.72 13.72 13.77 13.90 13.80 13.68 13.61 13.65 13.74 13.79 13.62 13.56 13.60 13.59 13.64 13.69 13.72 13.77 13.65 13.67 13.69 13.72 13.68 13.76 13.62 13.61 13.56 13.56 13.58 13.60 13.64 13.71 13.68 13.60 13.58 13.66 13.60 13.63 13.63 13.61 13.54 13.51 13.46 13.42 13.53 13.62 13.67 13.49 13.50 13.34 13.22 13.18 13.29 13.36 13.56 13.68 13.53 13.51 13.46 13.60 13.53 13.41 13.45 13.59 13.53 13.35 13.35 13.35 13.48 13.50 13.52 13.41 13.34
13.74 13.75 13.72 13.70 13.62 13.72 13.72 13.79 13.65 13.68 13.59 13.58 13.62 13.73 13.66 13.59 13.65 13.57 13.59 13.63 13.54 13.60 13.68 13.58 13.50 13.63 13.71 13.62 13.63 13.63 13.51 13.38 13.39 13.39 13.40 13.43 13.44 13.44 13.44 13.40 13.38 13.42 13.34 13.46 13.43 13.35 13.34 13.35 13.44 13.51 13.41 13.25 13.39 13.46 13.37 13.15 13.25 13.35 13.41 13.35 13.41 13.45 13.48 13.39 13.33 13.39 13.35 13.21 13.21 13.18 13.12 13.17 13.18 13.20 13.26 13.20 13.22
13.61 13.56 13.62 13.67 13.53 13.49 13.53 13.62 13.55 13.46 13.53 13.54 13.61 13.69 13.67 13.58 13.65 13.69 13.39 13.54 13.40 13.33 13.40 13.46 13.49 13.46 13.45 13.47 13.55 13.49 13.58 13.25 13.07 13.10 13.00 13.23 13.33 13.22 13.32 13.29 13.42 13.24 13.24 13.10 13.17 13.26 13.10 13.13 13.22 13.24 13.20 13.16 13.27 13.26 13.36 13.14 13.23 13.22 13.17 13.08 13.08 13.17 13.33 13.27 13.24 13.26 13.34 12.99 13.05 13.21 13.27 13.09 12.95 12.96 12.94 13.02 13.26
13.45 13.57 13.63 13.59 13.52 13.60 13.58 13.69 13.65 13.46 13.50 13.41 13.40 13.50 13.55 13.55 13.68 13.49 13.37 13.27 13.50 13.37 13.36 13.31 13.34 13.48 13.52 13.54 13.60 13.55 13.29 13.43 13.35 13.34 13.27 13.39 13.33 13.30 13.17 13.22 13.30 13.08 13.02 13.03 13.01 13.07 12.99 12.96 12.98 13.05 12.99 13.03 13.07 13.00 12.93 12.86 12.88 12.85 13.02 13.02 13.19 13.20 13.21 13.24 13.35 13.30 13.27 13.17 13.27 13.16 13.23 13.10 13.12 13.02 13.19 12.94 12.98
13.51 13.34 13.48 13.44 13.44 13.44 13.50 13.52 13.50 13.51 13.50 13.32 13.32 13.42 13.38 13.58 13.40 13.22 13.28 13.28 13.31 13.37 13.30 13.32 13.41 13.43 13.44 13.60 13.55 13.46 13.37 13.49 13.53 13.51 13.45 13.31 13.21 13.08 13.17 13.12 13.13 13.13 13.05 13.01 13.09 13.13 13.03 13.13 13.01 12.84 12.83 12.89 12.82 12.76 12.73 12.67 12.65 12.61 12.95 13.04 13.17 13.07 12.95 12.98 13.12 13.10 13.26 13.08 12.97 12.95 12.92 12.96 13.08 13.13 13.42 13.22 13.14
13.28 13.36 13.41 13.29 13.02 13.22 13.30 13.29 13.37 13.37 13.36 13.27 13.23 13.25 13.45 13.60 13.57 13.65 13.53 13.31 13.20 13.19 13.45 13.26 13.27 13.14 13.16 13.40 13.49 13.29 13.39 13.31 13.26 13.30 13.35 13.23 13.31 13.27 13.16 13.02 13.13 13.08 12.93 12.67 12.92 13.06 13.12 13.02 13.24 12.97 12.89 12.85 12.85 12.83 12.89 12.64 12.75 12.89 12.87 13.04 12.96 12.84 12.84 12.92 13.21 12.86 12.77 12.93 12.87 12.83 12.67 12.92 13.19 13.19 13.16 13.32 13.30
13.28 13.27 13.21 13.00 12.84 12.96 12.93 12.96 13.14 13.14 13.30 13.51 13.77 13.86 13.73 13.76 13.68 13.75 13.57 13.31 13.17 13.40 13.49 13.41 13.39 13.10 13.02 13.14 13.34 13.19 13.15 13.21 13.15 13.27 13.22 13.25 13.40 13.32 13.18 13.16 13.16 13.22 13.02 12.92 12.96 13.04 13.10 12.93 13.07 12.64 12.61 12.56 12.53 12.53 12.64 12.80 12.85 12.67 12.63 12.90 12.44 12.39 12.48 12.79 12.84 12.89 12.85 12.87 12.82 12.74 12.62 12.98 12.99 13.12 12.97 13.06 13.28
13.25 13.19 13.15 13.01 13.04 12.95 12.88 12.92 12.90 12.98 13.06 13.25 13.23 13.31 13.18 13.49 13.45 13.36 13.47 13.58 13.25 13.25 13.35 13.22 13.23 13.19 13.02 13.09 13.31 13.20 13.07 13.05 13.07 13.04 12.96 13.10 13.13 13.13 13.05 13.12 13.09 13.04 12.80 12.72 12.91 12.87 12.79 12.51 12.32 12.25 12.22 12.45 12.40 12.51 12.42 12.35 12.64 12.46 12.53 12.54 12.44 12.35 12.52 12.45 12.65 12.60 12.73 12.69 12.63 12.65 12.80 12.90 12.95 13.04 12.89 12.92 12.99
13.25 13.14 13.04 12.93 13.07 13.03 12.92 12.98 13.04 12.96 12.79 13.09 13.13 13.32 13.35 13.37 13.25 13.15 13.29 13.35 13.52 13.39 13.23 13.22 13.17 13.12 12.99 12.95 13.13 13.18 13.02 12.95 12.96 12.83 12.96 12.99 12.95 12.95 13.02 13.05 13.13 13.16 13.09 13.02 12.95 12.82 12.49 12.51 12.42 12.62 12.41 11.97 12.03 12.29 12.50 12.48 12.47 12.50 12.43 12.51 12.46 12.43 12.43 12.58 12.72 12.81 12.82 12.94 12.70 12.81 12.67 13.03 12.98 13.02 12.81 12.89 12.94
13.09 13.13 13.04 12.92 13.02 12.97 13.07 13.06 13.01 12.98 12.95 13.04 13.03 13.17 13.20 12.98 13.01 13.17 13.27 13.30 13.35 13.17 13.32 13.28 13.25 13.16 13.09 12.91 12.91 13.11 12.95 12.96 13.09 13.10 13.26 13.14 12.93 13.06 13.32 13.23 13.21 13.06 12.99 12.93 12.59 12.60 12.51 12.59 12.34 12.58 12.27 12.22 12.11 12.38 12.46 12.71 12.52 12.54 12.57 12.57 12.63 12.60 12.54 12.72 12.88 12.53 12.55 12.95 12.94 12.89 12.84 12.97 12.78 12.75 13.01 12.98 12.99
12.84 12.76 12.90 12.92 12.79 12.90 13.03 12.94 12.77 12.76 12.84 12.96 12.84 12.90 12.81 12.87 12.91 12.95 13.10 13.07 13.31 13.19 13.09 13.03 12.89 13.01 12.96 12.85 12.83 12.88 12.90 12.82 13.20 13.17 12.96 12.72 12.88 12.93 13.22 13.16 13.14 13.03 12.78 12.65 12.53 12.70 12.52 12.61 12.42 12.36 12.23 12.38 12.43 12.06 12.11 12.39 12.70 12.24 12.18 12.44 12.44 12.45 12.41 12.64 12.51 12.28 12.39 12.69 12.78 12.62 12.95 12.70 12.75 12.68 12.97 13.02 12.91
12.44 12.40 12.64 12.73 12.43 12.82 12.92 12.89 12.60 12.65 12.67 12.82 12.52 12.60 12.61 12.45 12.66 12.66 12.76 13.00 12.95 12.98 12.92 12.79 12.74 12.74 12.55 12.85 12.89 12.59 12.72 12.46 12.88 12.71 12.62 12.24 12.51 12.68 12.67 12.60 12.55 12.09 12.09 12.17 12.11 12.39 12.09 12.46 12.16 12.32 12.29 12.39 12.32 12.21 12.18 12.63 12.70 12.32 12.01 12.31 12.13 12.35 12.21 12.41 12.42 12.27 12.36 12.48 12.80 12.89 12.78 12.75 12.85 12.77 12.97 13.03 13.06
12.66 12.43 12.51 12.46 12.23 12.66 12.62 12.80 12.72 12.72 12.63 12.57 12.68 12.63 12.49 12.19 12.34 12.53 12.46 12.59 12.53 12.63 12.39 12.28 12.41 12.43 12.31 12.65 12.58 12.56 12.35 12.34 12.59 12.61 12.42 12.05 12.08 12.38 12.46 12.41 12.40 11.93 12.37 12.17 12.05 12.02 12.27 12.15 12.08 12.06 12.26 12.38 12.24 12.11 11.95 12.12 12.09 12.18 12.24 12.13 12.29 12.30 12.36 12.54 12.72 12.47 12.40 12.45 12.71 12.83 12.61 12.82 12.55 12.80 12.58 12.89 12.97
12.49 12.42 12.51 12.35 12.20 12.03 12.09 12.37 12.15 12.22 12.28 12.35 12.63 12.62 12.49 12.32 12.49 12.49 12.42 12.54 12.53 12.43 12.50 12.27 12.24 12.54 12.57 12.42 12.32 12.12 12.14 11.91 12.27 12.39 12.11 11.84 12.18 12.35 12.21 11.93 11.84 11.88 12.09 12.14 12.06 11.92 12.15 12.08 11.98 11.84 11.89 11.95 12.04 12.06 12.05 12.31 11.98 12.11 12.27 12.25 12.35 12.44 12.52 12.78 12.62 12.46 12.41 12.68 12.92 12.83 12.93 12.74 12.71 12.63 12.66 12.82 12.89
12.02 12.31 12.22 12.11 11.94 11.79 11.96 12.04 11.83 11.96 12.05 12.18 12.34 12.32 12.35 12.26 12.14 12.19 12.05 12.13 12.24 12.39 12.35 12.14 12.37 12.48 12.35 12.33 12.49 12.05 11.89 11.90 11.97 12.07 12.15 11.87 11.79 11.90 11.91 11.94 12.02 11.98 12.32 12.31 12.29 12.38 12.23 12.22 12.07 12.03 11.91 12.09 12.22 12.07 12.18 12.53 12.11 12.19 12.27 12.37 12.44 12.50 12.41 12.52 12.63 12.41 12.41 12.67 12.79 12.73 12.64 12.58 12.57 12.65 12.76 12.92 12.81
11.82 12.04 11.97 11.73 11.54 11.74 12.03 11.68 11.82 11.87 11.92 12.15 12.29 12.10 11.89 11.92 12.26 12.18 12.18 12.05 12.12 12.16 12.06 12.10 12.25 12.17 12.25 11.96 12.30 11.93 11.93 11.77 11.98 12.03 12.05 11.84 11.81 11.87 12.07 12.03 11.98 12.34 12.02 12.02 12.10 12.13 12.31 12.32 12.31 12.38 12.23 12.46 12.46 12.38 12.46 12.53 12.40 12.39 12.31 12.42 12.32 12.35 12.32 12.29 12.43 12.34 12.50 12.64 12.53 12.59 12.60 12.51 12.76 12.79 12.71 12.90 12.60
11.63 11.72 11.61 11.62 11.94 12.18 11.79 11.57 11.70 11.60 11.75 11.74 11.89 11.94 11.77 11.60 12.01 11.83 11.85 11.96 11.80 11.86 11.72 11.77 11.83 11.82 12.06 12.04 11.93 11.91 12.02 11.79 11.99 12.00 11.93 11.76 11.69 12.06 12.10 12.17 12.13 12.12 11.96 11.98 12.17 12.14 12.07 12.41 12.27 12.37 12.23 12.30 12.33 12.29 12.36 12.47 12.64 12.33 12.32 12.28 12.40 12.78 12.25 12.30 12.32 12.44 12.37 12.39 12.42 12.08 12.12 12.24 12.73 12.80 12.74 12.90 12.88
11.27 11.74 11.75 11.77 11.64 11.88 11.86 11.52 11.66 11.52 11.65 11.60 11.48 11.84 11.87 12.04 12.03 11.86 11.64 11.87 11.81 11.51 11.55 11.46 11.69 11.78 11.91 12.04 11.82 12.08 11.91 11.91 12.05 11.98 11.82 11.56 11.73 12.08 12.12 11.89 11.72 11.71 11.74 11.89 11.90 12.12 12.09 11.89 11.99 11.98 11.98 12.41 12.21 12.40 12.50 12.12 12.68 12.47 12.45 12.51 12.24 12.55 12.45 12.29 12.29 12.63 12.69 12.60 12.22 12.13 12.40 12.31 12.35 12.64 12.50 12.62 12.82
11.59 11.85 12.00 11.61 11.63 11.77 11.92 11.78 11.85 11.50 11.41 11.57 11.76 11.83 11.72 11.43 11.53 11.56 11.48 11.49 11.81 11.66 11.46 11.30 11.17 11.39 11.38 11.56 11.77 11.75 11.75 11.77 11.87 11.48 11.52 11.57 11.55 11.73 11.97 11.90 11.64 11.80 11.58 11.77 11.93 12.20 11.93 11.95 12.14 12.00 12.04 12.40 12.22 12.20 12.24 12.09 12.02 12.08 12.16 12.19 12.20 12.33 12.22 12.49 12.36 12.36 12.14 12.27 12.20 12.28 12.52 12.69 12.51 12.50 12.28 12.50 12.60
11.52 11.75 11.61 11.89 11.77 11.94 12.09 11.98 11.86 11.75 11.77 11.78 11.99 12.11 11.77 11.56 11.44 11.53 11.68 11.66 11.64 11.85 11.82 11.73 11.27 11.28 11.04 11.13 11.48 11.46 11.36 11.76 11.93 11.66 11.54 11.25 11.17 11.13 11.30 11.55 11.58 11.56 11.64 11.61 11.77 12.07 12.16 11.91 11.78 11.63 12.03 12.22 12.09 12.25 11.99 11.81 11.84 12.09 12.06 12.30 11.93 12.11 12.25 12.30 12.46 12.49 12.35 12.36 12.44 12.40 12.34 12.22 12.39 12.33 12.44 12.47 12.53
11.43 11.61 11.59 11.88 12.05 11.95 11.96 12.05 12.04 11.51 11.61 11.61 11.68 11.90 11.64 11.85 11.74 11.74 11.55 11.40 11.42 11.42 11.58 11.38 11.32 11.80 11.43 11.31 11.23 11.40 11.04 11.16 11.24 11.16 11.20 11.37 11.23 11.27 11.12 11.54 11.89 11.74 11.75 11.67 11.57 11.81 11.69 12.07 11.81 11.56 11.81 11.83 11.70 11.93 11.78 11.76 11.54 12.04 11.95 11.94 12.00 11.94 12.14 12.29 12.24 12.15 12.13 12.23 12.41 12.24 12.14 12.23 12.21 12.33 12.51 12.47 12.29
