BOM_solar_grid_data_201906/2019061820190618.grid
ncols 839
nrows 679
xllcenter 112.0500
yllcenter -43.9500
cellsize 0.0500
nodata_value 99999.90
[rows 510 to 543 of 679, columns 693 to 769 of 839]
7.33 6.71 6.75 7.49 7.75 7.31 7.40 8.27 8.38 7.74 7.46 8.07 8.67 8.58 8.22 8.08 7.98 7.43 7.78 8.15 8.63 8.20 8.04 8.20 8.36 7.91 7.77 7.81 7.91 8.44 8.69 9.22 8.80 7.87 7.94 7.65 7.55 7.34 7.30 7.13 7.65 7.24 7.88 7.89 7.63 8.17 8.32 8.27 8.26 8.11 8.43 8.24 8.51 7.96 7.62 7.49 7.10 7.82 7.70 7.43 7.17 7.39 7.45 7.54 7.98 8.41 7.84 6.41 6.79 7.28 7.61 7.72 7.82 7.50 7.50 7.50 7.36
7.16 6.74 6.60 7.09 7.50 7.44 6.82 7.15 7.51 6.93 7.21 8.03 8.26 8.79 8.23 8.16 8.02 7.16 6.89 7.53 8.30 8.43 8.17 8.28 8.00 8.31 7.90 8.02 8.05 8.07 8.47 8.87 9.12 7.79 8.10 7.94 7.87 7.71 7.93 7.80 7.13 7.53 7.82 7.80 8.37 8.25 8.36 8.61 8.64 8.46 8.33 7.98 8.08 7.89 7.50 7.30 7.25 7.93 8.24 7.84 7.53 7.41 7.32 7.63 7.90 8.04 7.32 6.85 7.63 7.59 7.29 7.43 7.80 7.50 7.50 7.50 7.50
7.26 7.77 7.27 7.03 7.57 7.45 7.83 7.26 7.39 6.86 7.44 7.80 8.03 8.01 8.09 7.65 7.55 6.78 6.33 7.30 8.08 8.41 8.45 8.42 8.01 8.13 8.00 7.87 8.13 7.39 8.36 8.55 8.79 7.43 7.43 8.22 8.39 8.50 8.52 7.77 7.83 7.21 7.81 7.91 8.22 8.17 8.42 8.68 8.53 8.41 8.35 7.40 7.43 7.72 7.72 7.77 7.58 7.80 7.60 7.72 7.82 8.02 7.98 7.37 8.12 7.75 6.68 6.93 7.51 7.27 6.84 7.24 7.67 7.67 7.67 7.50 7.50
7.04 7.18 7.41 7.36 7.22 6.56 7.25 7.32 7.20 7.12 7.71 7.62 7.82 7.72 8.00 7.84 7.47 7.81 6.84 6.75 7.29 7.75 7.58 8.42 8.05 8.10 7.87 7.64 7.42 7.21 8.09 8.73 8.90 8.31 7.88 8.60 8.37 8.32 8.32 7.86 7.73 7.32 7.54 7.83 8.29 8.32 8.22 8.21 8.37 8.39 8.57 7.48 7.38 7.52 7.93 7.91 7.88 7.64 7.53 7.60 7.69 7.82 7.84 7.61 7.86 7.16 7.09 7.27 7.38 7.12 6.87 7.14 7.67 7.67 7.67 7.67 7.67
6.49 6.65 7.22 7.34 7.49 6.97 7.50 7.57 6.82 6.96 7.39 7.92 7.75 7.72 7.62 7.49 7.05 7.13 6.36 7.03 7.14 7.74 7.99 8.08 7.88 7.85 7.91 8.21 7.89 8.19 8.22 8.90 8.77 8.91 8.10 8.13 8.18 8.15 8.12 8.18 7.37 7.21 7.25 7.15 8.17 8.45 8.16 7.97 8.33 8.36 8.30 8.10 7.83 7.85 7.78 7.79 7.68 7.43 7.40 7.53 7.74 7.83 7.94 7.92 7.58 6.94 7.60 7.75 7.01 6.95 6.87 7.14 7.14 7.67 7.67 7.67 7.67
6.27 6.50 7.06 7.09 7.26 7.11 7.14 6.98 6.99 7.37 7.36 8.17 7.32 7.12 6.82 6.87 6.77 6.19 6.56 6.34 7.04 7.70 8.21 8.40 8.20 7.88 8.06 7.95 8.06 7.84 8.44 8.52 8.74 8.80 8.26 7.60 6.89 7.46 7.64 8.02 8.10 7.65 7.68 7.62 8.56 8.26 7.89 7.77 8.39 8.43 8.37 8.32 8.20 8.05 7.82 8.00 7.83 7.46 7.65 7.74 7.51 7.51 7.81 8.01 7.64 7.53 8.01 7.63 6.72 6.62 7.33 7.33 7.33 7.14 7.67 7.67 7.67
6.01 6.37 6.95 6.85 6.95 7.47 6.88 7.03 7.74 7.26 7.55 7.34 7.29 7.15 6.37 6.12 6.27 5.91 6.14 7.28 7.47 8.20 8.56 8.48 8.34 7.93 7.76 7.55 6.83 7.07 7.74 8.32 8.75 8.53 8.50 7.07 7.30 7.31 7.56 7.62 8.13 7.96 8.04 7.49 8.17 8.22 7.51 7.67 8.15 8.46 8.46 8.23 8.43 8.23 7.84 8.08 7.61 7.11 7.75 7.94 7.91 7.67 7.43 7.66 7.78 7.84 8.04 7.48 6.82 7.14 7.33 7.33 7.33 7.33 7.33 7.67 7.67
6.46 5.81 6.58 6.77 6.61 7.34 7.03 6.95 7.33 7.52 6.94 6.25 6.10 6.84 6.81 6.87 7.03 7.00 7.12 6.88 7.33 7.80 7.47 8.23 8.14 8.00 7.54 7.27 7.36 7.52 8.15 8.46 7.69 7.97 7.82 6.45 6.56 6.43 7.60 7.55 8.27 8.61 8.44 7.59 8.16 7.76 7.74 7.88 8.09 8.24 8.18 8.09 7.66 8.21 7.79 7.57 7.56 6.97 7.51 7.42 7.68 7.64 7.70 7.63 7.56 7.90 7.90 7.01 6.88 7.14 7.14 7.33 7.33 7.33 7.33 7.33 7.33
5.93 5.28 5.49 5.89 6.40 6.62 7.30 7.04 7.12 7.03 6.27 5.93 5.45 6.97 7.12 7.09 7.39 6.77 6.86 6.95 7.25 7.13 7.53 7.52 8.18 7.93 7.74 7.15 6.37 7.01 7.81 7.78 7.26 6.68 7.04 6.35 6.65 7.37 7.44 7.81 8.46 8.61 7.85 8.20 7.71 7.41 7.31 7.57 7.69 8.36 7.92 7.83 7.40 7.53 7.72 7.56 7.09 6.99 7.17 6.97 7.49 7.91 7.75 7.50 7.32 7.51 7.66 7.16 7.18 7.18 7.18 7.14 7.33 7.33 7.33 7.33 7.33
5.38 5.26 5.56 6.13 6.66 6.19 7.14 7.04 7.12 7.03 6.81 6.51 5.79 6.46 6.76 7.06 6.89 6.54 6.79 7.14 7.61 7.12 7.32 6.98 7.57 7.16 6.98 6.36 6.06 7.01 7.78 7.45 6.77 6.34 6.00 5.95 6.77 8.24 8.26 7.77 8.54 8.67 7.94 7.88 8.05 7.37 7.70 7.59 7.67 7.93 8.21 8.00 7.85 7.42 7.70 7.44 6.94 7.05 7.03 6.93 7.31 8.00 7.91 7.32 7.42 7.45 7.52 7.24 7.23 7.23 7.23 7.23 7.23 7.33 7.33 7.33 7.33
5.50 5.65 6.13 5.58 5.46 5.77 6.48 7.55 7.55 6.54 6.81 6.90 6.39 6.61 6.52 6.76 6.88 7.08 7.19 7.06 7.11 6.69 7.24 7.35 7.13 6.80 6.62 6.39 6.23 6.68 7.24 6.26 6.70 5.08 5.91 6.79 7.11 8.14 8.34 8.20 8.18 8.63 8.24 8.14 7.80 7.59 7.94 7.98 7.66 7.71 8.28 8.10 7.91 7.49 7.35 7.38 6.99 7.10 7.41 7.49 7.48 7.77 7.83 7.46 7.69 7.41 7.38 7.49 7.23 7.23 7.23 7.23 7.23 7.23 7.23 7.33 7.33
5.75 5.92 6.20 5.85 5.63 6.05 6.26 7.55 6.64 6.54 6.07 6.22 5.95 5.97 6.17 6.29 6.54 6.81 7.02 6.34 6.21 6.62 7.07 7.08 7.67 7.52 6.58 7.18 7.37 7.06 6.23 6.51 6.37 6.18 6.27 6.24 7.64 7.90 8.62 8.33 7.92 7.98 7.55 7.79 7.61 7.71 7.71 7.43 7.02 7.27 7.96 7.93 7.63 7.74 7.38 6.96 7.17 7.35 7.23 7.58 7.58 8.00 7.78 7.31 7.40 7.34 7.30 7.52 7.52 7.18 7.18 7.18 7.18 7.18 7.18 7.18 7.18
5.30 5.44 5.80 6.15 6.07 6.80 6.30 6.30 6.87 6.55 6.07 6.40 5.87 5.65 6.22 6.12 6.86 6.79 7.04 6.34 6.71 7.26 7.60 8.18 7.64 8.03 6.89 7.13 7.55 6.79 6.57 6.81 6.07 6.42 5.86 6.91 8.03 8.08 8.01 7.55 8.16 7.85 7.38 7.45 7.56 7.69 7.79 7.17 6.40 7.06 7.31 8.07 7.45 7.19 7.14 6.90 6.95 7.23 7.09 7.11 7.42 7.90 8.00 7.67 7.42 7.37 7.40 7.21 7.18 7.18 7.18 7.18 7.18 7.18 7.18 7.18 7.18
4.68 4.72 5.30 5.66 5.59 6.59 6.28 6.28 6.87 6.55 6.51 5.71 6.38 6.17 5.91 6.01 5.58 6.11 6.41 6.38 6.68 7.03 7.81 8.60 7.98 7.59 7.04 6.73 7.05 7.19 6.82 6.65 6.74 6.76 5.54 7.73 8.49 8.11 8.06 7.51 8.11 7.53 7.88 7.75 7.76 7.85 7.41 6.81 6.52 6.70 6.92 7.35 7.69 7.31 7.16 7.13 7.14 7.21 7.43 7.23 7.38 7.80 7.89 7.87 7.91 7.53 7.21 7.01 7.16 7.16 7.16 7.16 7.16 7.16 7.16 7.16 7.16
3.80 4.08 4.40 4.82 5.35 5.81 4.98 5.76 5.76 6.48 5.84 5.84 6.27 5.68 5.65 5.30 5.18 6.05 6.20 5.91 6.43 7.15 7.71 8.15 8.03 8.34 7.60 6.35 7.22 7.05 6.62 6.26 6.41 6.65 5.43 7.42 8.10 8.51 7.63 7.56 8.33 8.32 7.91 7.60 7.79 7.47 6.95 6.89 6.42 6.65 6.69 7.02 7.60 7.54 7.12 7.42 7.24 7.25 7.48 7.58 7.59 7.90 7.71 7.47 7.66 7.86 7.41 7.03 7.09 7.09 7.09 7.09 7.09 7.09 7.09 7.09 7.09
3.81 4.19 3.96 5.05 5.97 5.36 5.23 5.63 5.81 6.01 5.62 5.39 5.75 5.90 5.63 5.32 5.24 5.72 6.19 5.84 6.14 6.94 7.97 7.82 7.95 7.95 7.74 7.59 7.76 6.71 6.82 6.01 6.53 5.89 5.47 7.49 8.22 8.15 7.28 7.52 8.11 8.02 7.75 7.49 7.12 6.86 7.40 7.19 6.58 6.62 6.81 6.82 7.15 7.34 7.42 7.41 7.42 7.31 7.34 7.41 7.76 7.98 7.83 7.46 7.47 7.76 7.55 7.46 7.15 7.15 7.15 7.15 7.15 7.15 7.15 7.15 7.15
3.47 3.57 4.25 4.37 5.01 4.51 4.89 5.42 5.25 5.59 4.80 4.35 5.39 5.35 5.61 5.38 5.44 5.52 6.12 6.21 6.21 6.48 7.46 7.40 7.48 7.57 8.13 8.07 7.52 7.15 6.67 5.58 6.08 4.68 6.96 8.11 6.81 7.45 7.39 7.42 7.53 7.81 7.46 6.75 6.61 6.92 7.32 7.12 6.79 6.68 6.62 6.72 6.82 7.05 7.33 7.48 7.43 7.51 7.21 7.33 7.63 7.75 7.78 7.77 7.38 7.45 7.51 7.42 7.15 7.15 7.15 7.15 7.15 7.15 7.15 7.15 7.15
3.22 2.97 3.83 4.61 5.34 4.05 3.90 4.27 5.06 4.38 4.94 4.63 5.05 4.98 5.03 5.69 5.67 5.80 5.76 5.75 5.85 6.08 6.86 7.44 7.29 7.13 7.76 7.73 6.57 6.64 6.48 5.30 4.67 5.07 6.38 6.32 5.98 7.14 6.51 6.96 7.47 7.50 6.90 6.80 6.46 6.87 7.44 7.44 7.18 7.09 7.02 6.75 6.56 6.69 7.03 7.08 7.15 6.98 7.09 7.45 7.31 7.36 7.13 7.44 7.51 7.71 7.61 7.50 7.50 7.50 7.15 7.15 7.15 7.15 7.15 7.15 7.15
3.66 3.09 3.88 4.99 4.73 4.84 4.99 4.78 4.10 3.63 4.53 4.05 4.73 5.12 5.52 4.82 5.51 5.76 5.38 5.66 5.74 6.20 6.27 6.91 6.93 6.86 7.01 6.71 6.21 6.33 5.52 4.10 4.47 5.35 5.61 5.53 6.44 5.10 5.52 7.05 7.10 7.40 6.38 6.47 6.45 6.85 7.25 7.51 7.29 7.51 7.37 6.90 6.46 6.59 6.54 6.46 6.73 6.99 7.04 7.13 6.91 7.19 7.08 7.11 7.12 7.44 7.66 7.61 7.61 7.61 7.61 7.61 7.15 7.15 7.15 7.15 7.15
3.34 3.85 4.20 5.54 4.58 5.03 4.95 4.68 3.77 3.62 4.27 4.67 4.74 4.34 4.97 4.40 5.67 5.37 5.57 5.84 5.70 6.27 6.12 6.50 6.23 6.30 6.07 6.32 5.23 6.30 4.95 4.66 6.09 6.57 5.50 4.50 3.96 3.88 5.09 5.77 6.85 6.71 5.85 6.53 6.77 6.89 7.28 7.50 7.48 7.63 7.19 6.68 6.24 6.45 6.13 5.87 6.34 6.72 6.89 7.09 6.91 7.29 7.33 7.01 6.86 7.10 7.42 7.61 7.61 7.61 7.61 7.61 7.61 7.61 7.61 7.15 7.15
3.35 3.33 2.87 4.69 5.09 4.45 4.66 4.28 3.19 3.58 4.20 4.30 4.89 4.65 4.52 4.04 4.84 5.83 6.47 5.54 5.76 6.49 6.49 6.94 6.63 6.00 5.85 6.00 6.65 5.97 5.91 5.91 6.77 5.25 6.10 5.52 4.03 3.19 4.21 5.19 6.11 5.45 5.70 6.16 6.92 7.13 7.02 7.28 7.20 7.18 6.97 6.77 6.19 6.16 6.06 5.45 5.87 6.33 6.46 6.99 7.11 7.15 7.38 7.03 7.02 6.91 7.22 7.22 7.22 7.61 7.61 7.61 7.61 7.61 7.61 7.61 7.61
3.62 3.23 3.18 3.27 3.63 3.48 3.73 3.96 3.80 3.29 3.38 4.24 4.20 4.39 4.62 4.11 4.73 5.24 5.46 4.75 6.33 6.37 5.83 6.10 5.26 5.27 6.85 6.43 5.58 6.14 6.91 6.27 6.34 6.41 6.37 3.77 2.85 2.88 2.93 4.08 4.98 4.84 5.30 5.56 6.41 6.75 7.11 7.13 6.85 6.90 6.91 6.98 6.32 6.10 5.75 5.42 5.37 5.76 6.32 6.57 6.94 6.96 7.15 6.88 6.95 6.98 7.17 7.17 7.17 7.17 7.17 7.61 7.61 7.61 7.61 7.61 7.61
3.64 2.94 2.49 2.48 3.06 3.37 2.83 3.35 3.24 3.29 3.57 3.84 3.76 3.81 3.96 3.53 4.74 4.78 5.10 5.92 5.96 4.77 5.86 5.78 5.20 5.78 5.86 4.95 5.80 4.28 5.96 5.17 5.83 6.34 5.72 3.49 3.24 2.99 3.23 3.80 3.86 4.81 5.18 5.51 5.97 6.34 6.28 6.55 6.62 6.87 6.89 6.94 6.44 5.71 5.11 4.94 5.34 5.90 6.20 6.68 6.83 6.97 7.06 7.00 7.18 7.10 7.17 7.17 7.17 7.17 7.17 7.17 7.17 7.17 7.61 7.61 7.61
2.54 2.03 2.41 3.07 3.17 3.11 2.89 2.87 3.10 3.21 3.44 3.03 3.51 3.68 4.01 4.49 4.50 4.08 5.79 4.95 5.37 6.06 6.35 4.84 5.95 6.91 5.55 5.34 5.51 4.85 5.15 3.75 5.15 4.19 4.35 3.69 3.59 3.11 3.43 3.46 4.06 4.71 4.75 5.12 5.33 5.95 6.11 6.46 6.21 6.27 6.22 6.45 6.08 5.82 5.15 5.06 5.20 5.98 6.26 6.50 6.90 6.90 7.00 6.80 6.82 7.21 7.21 7.21 7.17 7.17 7.17 7.17 7.17 7.17 7.17 7.17 7.17
2.66 2.07 2.43 2.42 2.69 2.73 3.11 3.40 3.26 3.11 3.22 2.56 2.40 3.45 4.27 3.27 3.58 3.93 5.31 4.60 5.71 6.42 4.56 5.74 6.78 4.95 6.06 6.59 7.04 6.13 3.56 4.60 5.67 4.16 3.21 3.88 3.69 3.34 3.48 3.79 3.54 3.98 4.60 4.81 4.98 5.55 5.75 5.95 6.24 6.12 6.14 6.24 5.87 5.55 5.05 5.04 5.42 6.03 6.29 6.30 6.53 6.71 6.93 6.55 6.65 7.19 7.19 7.19 7.19 7.19 7.17 7.17 7.17 7.17 7.17 7.17 7.17
2.73 3.12 3.00 2.63 2.22 3.87 3.47 3.12 2.85 2.76 2.69 2.94 3.68 4.15 3.48 3.73 4.53 4.11 4.20 4.22 5.35 5.11 5.39 7.28 5.01 5.04 5.89 6.05 6.63 4.55 6.49 6.98 4.24 3.08 3.87 3.44 3.33 3.55 3.34 3.72 3.80 3.73 4.02 4.25 4.34 4.95 5.76 5.60 5.85 5.96 6.19 6.09 5.84 5.31 5.15 5.06 5.71 6.07 6.38 6.42 6.49 6.49 6.69 6.66 6.50 7.19 7.19 7.19 7.19 7.19 7.19 7.19 7.19 7.17 7.17 7.17 7.17
2.65 3.52 2.51 1.94 3.53 3.72 2.62 2.33 2.79 2.32 2.58 2.61 2.56 2.60 4.03 5.50 5.34 3.38 4.08 6.30 5.12 5.18 6.44 5.71 4.27 6.27 6.76 5.69 4.28 5.20 7.26 5.15 3.02 4.22 3.61 2.23 3.19 3.36 3.71 3.97 4.18 3.97 4.03 4.03 4.17 4.43 5.21 5.25 5.20 5.49 5.72 6.17 6.02 5.52 5.33 5.54 5.88 6.11 5.92 6.37 6.51 6.69 6.60 6.45 6.41 6.41 6.41 7.19 7.19 7.19 7.19 7.19 7.19 7.19 7.19 7.19 7.17
3.07 2.40 1.90 2.54 3.85 3.17 2.85 3.39 3.25 1.90 2.73 2.81 2.96 3.52 2.97 3.57 4.43 4.08 5.74 5.26 4.79 5.98 6.45 4.71 6.36 7.02 4.37 3.94 6.13 6.58 5.69 3.46 5.09 4.42 2.55 2.85 2.98 2.63 3.51 3.65 4.02 4.00 3.94 4.17 4.22 4.39 4.46 4.52 4.46 4.91 5.32 5.98 6.29 5.78 5.25 5.75 5.90 6.08 5.81 6.44 6.40 6.50 6.58 6.52 6.41 6.41 6.41 6.41 6.41 7.19 7.19 7.19 7.19 7.19 7.19 7.19 7.17
2.52 2.74 2.86 2.86 2.29 2.37 3.03 3.56 2.79 3.02 3.48 3.89 4.14 2.95 2.17 4.56 5.12 6.27 6.80 5.87 7.32 7.26 5.80 5.37 6.56 5.69 4.40 6.31 6.82 5.77 3.69 3.71 5.15 3.33 3.11 2.87 3.16 3.31 3.37 3.52 3.83 4.05 4.01 4.25 4.32 4.22 4.35 4.44 3.91 4.30 4.94 5.30 5.58 5.95 5.84 5.90 6.04 6.04 5.90 6.40 6.45 6.27 6.48 6.36 6.36 6.39 6.39 6.39 6.39 6.39 6.39 6.39 7.19 7.19 7.19 7.19 7.17
2.44 2.76 3.01 3.27 2.75 3.08 2.61 2.88 2.34 2.96 3.90 3.52 3.64 2.88 4.69 5.82 4.54 5.71 5.80 7.52 7.87 6.39 6.29 6.93 7.91 5.06 5.25 6.71 5.57 4.51 4.82 4.82 3.74 3.34 3.48 2.49 3.31 3.73 3.34 3.49 3.46 3.82 4.15 4.27 4.34 4.28 4.05 4.09 3.59 3.98 4.40 4.79 4.86 5.32 6.01 6.40 6.47 6.16 6.17 6.33 6.60 6.51 6.49 6.37 6.39 6.39 6.39 6.39 6.39 6.39 6.73 6.73 6.73 6.73 6.73 6.73 7.17
2.54 2.33 2.45 2.43 1.76 2.13 1.80 2.93 3.24 4.47 2.34 1.77 2.59 4.40 5.33 3.94 3.54 5.72 5.36 7.03 5.72 5.93 7.13 6.97 4.83 4.62 6.82 6.64 4.79 4.78 4.34 3.69 3.66 3.72 3.20 2.99 3.67 2.86 3.18 3.53 3.40 3.45 3.88 4.12 4.21 4.33 4.21 3.54 3.26 3.56 4.09 4.54 4.67 4.83 5.67 6.11 6.20 6.10 6.39 6.77 6.70 6.52 6.43 6.53 6.43 6.43 6.43 6.73 6.73 6.73 6.73 6.73 6.73 6.73 6.73 6.73 7.17
2.18 2.40 2.91 2.86 3.04 2.84 3.09 4.12 2.38 2.59 2.41 3.48 4.34 4.69 3.52 3.66 5.81 6.78 5.54 7.06 5.18 6.76 7.39 6.62 5.48 6.29 5.97 3.93 4.37 4.95 3.61 3.43 4.21 4.11 3.62 3.33 3.54 3.62 3.52 3.45 3.36 3.13 3.59 3.70 3.77 4.14 3.99 3.51 3.10 3.25 3.41 3.80 4.35 4.58 5.56 5.78 6.11 6.45 6.54 6.83 6.63 6.54 6.65 6.70 6.43 6.73 6.73 6.73 6.73 6.73 6.73 6.73 6.73 6.73 6.73 6.73 7.17
2.39 3.82 3.46 2.84 2.31 1.82 2.91 4.84 4.58 4.56 4.59 4.51 3.70 3.22 3.39 4.75 6.16 5.99 6.49 7.49 7.09 7.32 7.15 6.48 6.00 6.73 5.97 4.38 4.98 4.05 3.29 4.92 4.29 4.24 4.45 3.80 3.73 3.66 3.42 3.29 3.13 3.12 3.40 3.36 3.68 4.11 3.90 3.52 3.10 3.17 3.36 3.37 3.81 4.12 5.03 5.68 5.92 6.26 6.75 6.78 6.67 6.64 6.87 6.76 6.64 6.73 6.73 6.73 6.73 6.73 6.73 6.73 6.73 6.73 6.73 6.73 99999.90
3.18 2.72 2.08 1.93 2.76 3.22 4.67 4.17 3.67 5.00 4.96 5.11 3.94 3.55 4.32 5.47 5.92 5.83 6.54 7.51 8.25 7.87 6.25 7.08 6.00 6.61 6.41 6.07 5.59 4.09 4.63 4.51 3.71 4.45 4.59 4.15 4.26 3.75 3.18 3.12 3.09 3.34 3.49 3.35 3.27 3.60 3.94 3.54 3.21 3.24 3.25 3.31 3.44 3.77 4.40 5.26 5.85 6.09 6.70 6.85 6.70 6.67 6.77 6.80 6.86 7.24 7.24 7.24 7.24 7.24 7.24 7.24 7.24 7.24 7.24 7.24 99999.90
