BOM_solar_grid_data_201906/2019061920190619.grid
ncols 839
nrows 679
xllcenter 112.0500
yllcenter -43.9500
cellsize 0.0500
nodata_value 99999.90
[rows 476 to 509 of 679, columns 693 to 769 of 839]
11.01 11.00 10.99 10.99 10.99 11.01 11.01 11.01 10.99 11.00 10.98 11.00 11.01 10.98 10.98 10.98 10.82 10.63 10.52 10.41 10.61 10.29 9.75 9.60 9.62 10.54 10.96 10.99 10.99 10.88 10.88 10.65 10.76 10.92 10.91 10.71 10.48 10.32 9.86 10.18 9.87 9.85 10.25 10.33 10.32 10.58 10.80 10.88 10.86 10.80 10.71 10.84 10.87 10.79 10.90 10.93 10.94 10.96 10.95 10.94 10.91 10.91 10.93 10.93 10.92 10.92 10.91 10.90 10.90 10.90 10.90 10.90 10.90 10.90 10.90 10.90 10.91
10.96 10.98 10.96 10.98 10.98 10.98 10.98 10.98 10.96 10.98 10.97 10.97 10.97 10.97 10.84 10.81 10.54 10.28 10.18 10.17 10.19 9.76 9.60 9.41 9.60 10.63 10.93 10.99 10.99 10.70 10.58 10.43 9.85 10.06 10.26 10.18 9.94 9.90 9.88 10.11 10.19 9.90 10.00 10.35 10.15 10.46 10.84 10.67 10.68 10.63 10.65 10.86 10.85 10.85 10.87 10.86 10.88 10.88 10.90 10.91 10.91 10.90 10.88 10.88 10.90 10.90 10.89 10.87 10.87 10.87 10.88 10.87 10.87 10.86 10.87 10.87 10.87
10.95 10.97 10.97 10.94 10.93 10.96 10.96 10.91 10.89 10.94 10.94 10.91 10.91 10.95 10.78 10.43 10.12 10.03 9.98 9.96 9.75 9.63 9.54 9.33 9.19 9.96 10.69 10.95 10.91 10.36 9.98 9.89 9.27 9.28 9.35 9.63 9.87 9.90 9.80 9.95 10.42 10.28 10.22 10.42 10.21 10.38 10.84 10.51 10.49 10.69 10.62 10.65 10.73 10.77 10.73 10.73 10.84 10.88 10.89 10.88 10.87 10.88 10.84 10.86 10.86 10.88 10.86 10.85 10.85 10.85 10.85 10.85 10.86 10.86 10.85 10.85 10.85
10.93 10.93 10.93 10.88 10.88 10.89 10.90 10.75 10.77 10.91 10.93 10.90 10.83 10.70 10.37 9.98 9.89 9.83 9.93 9.85 9.69 9.44 9.55 9.13 9.11 9.13 9.56 10.36 10.39 9.48 9.39 9.75 9.54 9.30 9.02 9.51 9.68 10.02 9.80 10.05 10.28 10.29 10.11 10.37 10.49 10.38 10.29 10.29 10.44 10.72 10.63 10.46 10.58 10.57 10.45 10.72 10.78 10.74 10.73 10.83 10.82 10.83 10.85 10.83 10.85 10.85 10.84 10.84 10.83 10.83 10.83 10.83 10.84 10.83 10.83 10.83 10.83
10.87 10.90 10.92 10.89 10.79 10.69 10.68 10.72 10.82 10.92 10.91 10.91 10.80 10.47 9.70 9.47 9.59 9.65 9.92 9.69 9.68 9.36 9.41 9.10 9.01 8.91 8.76 8.83 9.02 9.22 9.53 9.76 9.69 9.46 9.37 9.60 10.08 9.85 9.75 10.15 10.22 10.23 10.01 10.23 10.30 10.48 10.36 10.58 10.60 10.76 10.76 10.58 10.62 10.53 10.45 10.40 10.30 10.41 10.57 10.69 10.58 10.78 10.82 10.82 10.82 10.81 10.82 10.81 10.81 10.81 10.81 10.81 10.81 10.81 10.81 10.81 10.81
10.87 10.89 10.90 10.85 10.66 10.68 10.87 10.89 10.87 10.89 10.88 10.75 10.61 9.97 9.63 9.48 9.81 10.06 9.74 9.52 9.23 9.02 9.04 9.06 8.93 8.90 8.53 8.42 8.74 9.28 9.63 9.87 9.81 9.50 9.37 9.17 9.64 9.59 10.11 10.17 10.17 10.20 9.96 9.85 10.08 10.43 10.59 10.38 10.56 10.66 10.70 10.70 10.64 10.50 10.57 10.72 10.46 10.30 10.73 10.57 10.44 10.64 10.77 10.80 10.80 10.80 10.80 10.80 10.80 10.80 10.79 10.79 10.79 10.79 10.79 10.79 10.80
10.85 10.78 10.74 10.68 10.60 10.66 10.80 10.84 10.87 10.84 10.63 10.55 10.09 9.77 9.51 9.48 9.98 10.16 9.82 9.59 9.07 8.79 8.95 8.99 8.98 8.66 8.51 8.76 8.90 9.69 9.91 9.72 9.85 9.66 9.52 9.35 9.40 9.80 10.15 10.10 10.10 10.02 9.90 9.67 9.65 10.08 10.35 10.17 10.39 10.58 10.63 10.75 10.74 10.75 10.61 10.73 10.44 10.32 10.39 10.36 10.35 10.58 10.67 10.69 10.68 10.73 10.76 10.77 10.77 10.76 10.77 10.77 10.77 10.77 10.77 10.76 10.77
10.84 10.70 10.60 10.43 10.25 10.75 10.83 10.84 10.80 10.69 10.20 10.09 9.83 9.40 9.21 9.48 9.87 9.88 9.71 9.49 9.00 8.92 9.06 9.09 8.87 8.75 8.56 8.53 8.79 9.61 10.11 10.26 10.21 9.70 9.48 9.46 9.47 9.84 9.93 9.98 10.08 10.03 9.71 9.37 9.80 9.99 10.23 10.27 10.27 10.31 10.36 10.58 10.69 10.73 10.76 10.72 10.67 10.60 10.57 10.41 10.33 10.45 10.46 10.45 10.38 10.53 10.73 10.71 10.75 10.74 10.75 10.76 10.76 10.75 10.74 10.74 10.74
10.75 10.72 10.69 10.55 10.67 10.82 10.82 10.80 10.73 10.36 10.14 9.99 9.44 9.26 9.38 9.55 9.77 9.76 9.82 9.57 9.24 9.02 8.92 9.14 8.95 8.56 8.64 8.58 8.60 9.29 9.97 10.20 10.04 9.93 9.56 9.34 9.29 9.37 9.69 9.77 9.81 9.73 9.73 9.48 9.46 9.69 10.16 10.09 10.07 10.08 10.12 9.76 10.40 10.63 10.74 10.76 10.74 10.71 10.69 10.64 10.55 10.35 10.42 10.40 10.39 10.55 10.58 10.60 10.72 10.72 10.73 10.74 10.74 10.73 10.72 10.72 10.72
10.78 10.80 10.79 10.80 10.78 10.79 10.75 10.80 10.80 10.61 10.51 9.96 9.21 9.20 9.53 9.76 9.96 9.61 9.72 9.44 9.15 9.07 8.93 9.03 8.91 8.70 8.54 8.42 8.76 9.27 9.69 10.14 10.08 9.71 9.38 9.35 9.13 9.16 9.41 9.56 9.50 9.43 9.15 8.97 9.06 9.48 9.99 10.09 9.99 10.04 10.06 9.77 10.34 10.59 10.58 10.62 10.70 10.74 10.75 10.68 10.48 10.54 10.53 10.66 10.56 10.57 10.68 10.61 10.70 10.72 10.72 10.71 10.71 10.71 10.70 10.70 10.70
10.76 10.73 10.76 10.76 10.75 10.75 10.76 10.78 10.78 10.77 10.54 9.78 9.26 9.33 9.68 9.90 9.86 9.42 9.45 9.13 9.13 9.09 9.16 9.11 8.81 8.82 8.66 8.41 8.66 9.16 9.75 9.92 10.05 9.52 9.36 9.22 9.06 9.09 9.24 9.18 9.05 9.12 8.74 8.51 8.45 9.19 9.94 9.85 9.79 9.77 9.68 9.60 9.95 10.35 10.20 10.57 10.70 10.72 10.73 10.72 10.60 10.63 10.66 10.66 10.53 10.65 10.59 10.65 10.70 10.68 10.69 10.69 10.69 10.68 10.68 10.68 10.68
10.75 10.74 10.74 10.73 10.68 10.73 10.74 10.74 10.75 10.72 10.39 9.57 9.26 9.51 9.68 9.88 9.67 9.70 9.50 9.08 9.13 9.30 9.26 9.04 8.76 8.98 8.95 8.76 8.73 9.39 9.80 9.54 9.31 9.17 9.02 8.84 8.76 8.91 8.93 8.82 8.52 8.35 8.37 8.35 8.64 9.29 9.72 9.82 9.72 9.70 9.31 9.49 9.94 10.38 10.33 10.47 10.69 10.70 10.71 10.61 10.69 10.69 10.69 10.69 10.67 10.67 10.67 10.65 10.67 10.67 10.66 10.66 10.67 10.67 10.66 10.66 10.66
10.70 10.70 10.65 10.72 10.64 10.71 10.73 10.70 10.54 10.53 10.19 9.55 9.41 9.64 9.62 9.86 9.62 9.71 9.26 9.20 9.20 9.47 9.48 9.24 9.13 9.13 9.11 8.84 8.92 9.41 9.57 9.36 8.98 8.85 8.82 8.80 8.70 8.72 8.79 8.72 8.52 8.27 8.28 8.35 8.71 9.43 9.73 9.63 9.76 9.38 9.34 9.32 9.75 10.23 10.46 10.55 10.66 10.67 10.68 10.68 10.67 10.67 10.67 10.67 10.65 10.65 10.64 10.67 10.66 10.64 10.64 10.66 10.66 10.66 10.65 10.65 10.66
10.70 10.65 10.63 10.65 10.67 10.58 10.64 10.65 10.55 10.28 9.94 9.42 9.45 9.55 9.59 9.73 9.72 9.45 9.24 8.99 8.95 9.63 9.60 9.33 9.03 9.46 9.41 9.11 9.18 9.28 9.43 9.41 9.03 8.95 8.76 8.61 8.70 8.64 8.63 8.61 8.63 8.66 8.54 8.43 8.54 8.69 9.58 9.45 9.54 9.47 9.30 9.20 9.57 9.90 10.25 10.55 10.63 10.65 10.65 10.65 10.63 10.64 10.65 10.65 10.63 10.62 10.64 10.64 10.64 10.62 10.61 10.62 10.65 10.64 10.64 10.64 10.63
10.66 10.68 10.63 10.55 10.64 10.56 10.63 10.64 10.58 10.01 9.81 9.44 9.27 9.01 9.03 9.39 9.79 9.54 8.97 8.54 8.30 8.53 8.56 9.18 8.95 9.13 9.40 9.35 9.21 9.24 9.27 9.38 9.10 8.93 8.62 8.51 8.58 8.41 8.32 8.46 8.51 8.62 8.79 8.69 8.61 8.47 9.29 9.54 9.47 9.33 9.18 9.24 9.40 9.72 10.07 10.54 10.62 10.63 10.64 10.64 10.63 10.62 10.63 10.62 10.59 10.59 10.62 10.63 10.60 10.59 10.58 10.60 10.63 10.62 10.62 10.62 10.61
10.65 10.67 10.65 10.66 10.66 10.63 10.59 10.57 10.32 9.91 9.70 9.24 9.00 8.74 9.15 9.49 9.64 9.27 8.68 8.05 7.71 7.81 8.22 9.65 9.89 9.38 9.74 9.61 9.32 9.33 9.26 9.29 9.11 8.96 8.85 8.64 8.46 8.25 8.05 8.60 8.83 8.63 8.65 8.69 8.84 8.60 9.08 9.24 9.26 9.21 9.03 8.99 9.06 9.27 9.99 10.47 10.60 10.62 10.62 10.62 10.60 10.60 10.60 10.60 10.59 10.58 10.58 10.61 10.59 10.58 10.57 10.59 10.59 10.58 10.55 10.53 10.59
10.63 10.64 10.64 10.64 10.59 10.49 10.52 10.43 10.28 9.99 9.26 8.94 8.77 8.78 9.23 9.30 9.16 8.93 8.53 7.94 7.75 7.96 8.20 9.20 10.17 9.90 9.86 9.84 9.64 9.33 9.27 9.23 9.33 9.03 8.77 8.58 8.24 7.99 7.98 8.48 8.86 9.00 8.81 8.80 9.21 9.06 9.19 8.98 8.82 9.03 8.96 9.11 9.12 9.27 9.68 10.26 10.55 10.60 10.59 10.58 10.53 10.57 10.53 10.55 10.57 10.58 10.58 10.57 10.57 10.55 10.55 10.56 10.56 10.54 10.53 10.50 10.54
10.60 10.61 10.62 10.61 10.57 10.57 10.54 10.35 10.35 9.61 8.71 8.63 8.83 9.00 9.22 9.08 8.82 8.83 8.12 7.83 7.83 8.08 7.68 8.36 10.23 9.86 9.84 10.05 9.59 9.45 9.58 9.32 9.20 9.06 8.91 8.66 8.09 8.11 8.33 8.44 8.37 8.93 9.30 9.35 9.41 9.55 9.55 9.32 9.19 9.03 8.83 8.72 8.92 8.81 9.30 10.01 10.34 10.48 10.48 10.29 10.33 10.31 10.41 10.53 10.56 10.58 10.56 10.54 10.54 10.54 10.52 10.52 10.48 10.51 10.51 10.52 10.52
10.59 10.58 10.58 10.55 10.53 10.45 10.40 10.40 10.18 9.25 9.10 9.03 9.02 8.99 8.93 9.08 8.96 8.48 8.04 8.05 8.25 8.38 7.76 7.73 9.28 9.79 9.85 9.84 9.51 9.51 9.82 9.36 9.08 8.89 8.95 8.67 8.15 8.30 8.70 8.69 8.99 9.62 9.92 9.90 9.77 9.80 9.91 9.93 9.62 9.09 8.73 8.70 8.59 8.46 8.87 9.49 9.89 10.22 10.32 10.34 10.34 10.33 10.48 10.51 10.52 10.53 10.53 10.52 10.51 10.51 10.45 10.48 10.49 10.49 10.48 10.49 10.50
10.54 10.57 10.55 10.58 10.54 10.48 10.37 10.37 9.73 9.34 9.19 9.18 9.28 8.97 9.10 8.92 8.46 8.20 8.17 8.42 8.58 8.34 7.74 7.59 9.00 10.01 9.97 9.76 9.68 9.62 9.90 9.70 9.08 8.84 8.83 8.45 8.22 8.13 8.60 8.86 9.10 10.37 10.30 10.18 9.92 9.72 9.63 9.77 9.72 9.17 8.78 8.72 8.57 8.50 8.71 9.22 9.42 9.76 9.96 9.86 10.30 10.46 10.37 10.47 10.49 10.50 10.50 10.49 10.41 10.44 10.39 10.47 10.47 10.47 10.46 10.45 10.46
10.55 10.55 10.55 10.54 10.45 10.37 10.53 10.37 9.78 9.60 9.22 9.18 9.06 8.88 9.26 8.63 8.18 8.09 8.33 8.79 9.07 8.78 8.00 7.48 6.84 9.31 10.06 9.95 9.71 9.34 9.41 9.43 8.98 8.82 8.72 8.47 8.35 8.44 9.18 9.49 9.68 10.39 10.26 10.27 10.09 9.96 9.89 9.69 9.99 9.60 9.26 8.97 8.77 8.77 9.33 9.67 9.98 10.23 10.08 10.31 10.51 10.52 10.47 10.47 10.47 10.49 10.40 10.36 10.41 10.44 10.45 10.45 10.45 10.45 10.45 10.45 10.45
10.51 10.52 10.50 10.49 10.42 10.39 10.31 10.35 10.00 9.61 9.31 9.06 8.80 8.51 8.77 8.15 7.73 8.04 8.36 8.76 9.20 8.96 8.12 7.28 7.02 8.49 10.03 9.73 9.67 9.22 9.06 8.91 8.84 8.85 8.86 8.77 8.91 9.24 9.85 10.03 10.35 10.39 10.47 10.47 10.43 10.35 10.07 9.71 9.53 9.55 9.36 9.15 9.22 9.59 10.13 10.39 10.40 10.44 10.26 10.48 10.50 10.50 10.47 10.44 10.45 10.44 10.44 10.40 10.39 10.42 10.42 10.42 10.42 10.42 10.42 10.42 10.42
10.47 10.49 10.44 10.49 10.42 10.32 10.28 10.30 10.31 9.48 8.75 8.82 8.46 7.79 7.70 7.37 7.46 7.92 8.12 9.26 8.95 8.79 8.07 7.30 7.33 8.28 9.98 10.09 9.89 9.65 8.96 8.83 8.94 8.89 8.95 9.22 9.44 9.57 9.56 10.17 10.35 10.44 10.47 10.45 10.46 10.44 10.23 10.00 9.82 9.56 9.22 9.22 9.48 9.92 10.39 10.42 10.46 10.47 10.41 10.48 10.46 10.46 10.44 10.45 10.44 10.43 10.41 10.29 10.39 10.40 10.40 10.40 10.40 10.40 10.40 10.40 10.39
10.42 10.47 10.47 10.44 10.31 10.29 10.23 10.40 9.78 8.67 8.11 8.03 8.04 7.49 7.15 7.49 7.86 7.84 8.67 8.78 8.59 8.66 8.17 7.62 7.53 7.82 8.79 10.09 9.60 9.80 8.83 9.01 9.24 9.25 9.09 9.45 9.90 10.02 9.56 10.17 10.43 10.44 10.44 10.43 10.43 10.43 10.40 10.11 9.75 9.93 9.78 9.57 9.59 9.71 10.33 10.38 10.43 10.42 10.42 10.45 10.44 10.43 10.43 10.42 10.42 10.40 10.39 10.25 10.36 10.38 10.38 10.38 10.38 10.38 10.37 10.37 10.30
10.28 10.39 10.43 10.37 10.18 10.02 10.14 10.07 8.86 8.30 8.02 7.72 7.61 7.47 7.49 7.83 7.81 7.81 8.44 7.97 7.92 7.71 8.28 8.12 8.24 8.05 8.12 8.52 9.02 9.13 8.48 8.66 9.35 9.50 9.63 9.55 9.82 10.22 10.35 10.35 10.41 10.41 10.41 10.41 10.42 10.42 10.41 10.35 10.19 10.19 10.18 9.88 9.68 9.87 10.40 10.40 10.28 10.33 10.38 10.43 10.44 10.44 10.40 10.41 10.40 10.38 10.33 10.30 10.37 10.36 10.36 10.36 10.36 10.35 10.35 10.35 10.35
10.42 10.35 10.42 10.15 9.79 10.03 10.20 9.36 8.60 8.28 7.84 7.56 7.64 7.74 7.82 7.83 7.58 7.63 7.49 7.23 7.06 7.56 8.16 8.59 8.29 8.22 7.86 7.86 8.08 8.31 8.24 8.19 8.65 9.64 9.92 9.77 10.00 10.34 10.31 10.34 10.38 10.35 10.37 10.39 10.40 10.40 10.40 10.39 10.39 10.35 10.02 9.64 9.48 9.94 10.33 10.40 10.23 10.22 10.40 10.40 10.40 10.39 10.37 10.38 10.37 10.36 10.32 10.35 10.37 10.34 10.34 10.34 10.34 10.33 10.33 10.33 10.34
10.19 10.21 10.19 9.95 10.01 10.28 9.89 8.90 8.83 8.64 8.28 7.85 8.50 8.87 8.68 8.08 7.23 7.12 7.36 6.99 7.14 7.60 8.45 8.39 8.86 8.32 7.95 7.84 7.45 8.15 8.68 8.76 8.72 8.95 9.75 9.95 9.94 10.13 10.32 10.30 10.35 10.32 10.32 10.35 10.36 10.36 10.36 10.36 10.37 10.36 10.29 9.91 9.95 10.12 10.34 10.37 10.28 10.29 10.37 10.36 10.35 10.33 10.34 10.33 10.33 10.33 10.32 10.33 10.32 10.32 10.31 10.31 10.31 10.31 10.30 10.31 10.31
10.22 10.17 10.04 9.89 10.13 9.88 9.55 8.99 8.79 8.55 8.08 7.87 8.88 9.37 8.94 7.81 6.94 6.90 7.38 7.62 8.24 8.47 8.78 8.27 8.83 9.10 7.92 8.23 8.14 8.81 9.11 9.07 9.05 8.78 9.38 9.91 9.93 10.08 10.27 10.30 10.30 10.30 10.29 10.30 10.33 10.33 10.34 10.34 10.34 10.35 10.34 10.26 10.33 10.29 10.33 10.36 10.34 10.34 10.34 10.33 10.34 10.32 10.31 10.30 10.30 10.32 10.30 10.30 10.29 10.29 10.29 10.29 10.28 10.28 10.28 10.29 10.28
10.14 10.08 9.78 9.80 10.09 9.76 9.15 8.93 9.14 8.73 8.33 8.23 8.77 9.45 8.77 7.86 6.98 6.98 7.55 8.39 9.05 9.07 8.37 8.26 8.93 9.39 9.06 8.17 8.01 8.96 9.60 9.56 9.38 9.19 9.23 9.53 10.05 10.25 10.25 10.24 10.25 10.27 10.27 10.27 10.29 10.32 10.32 10.32 10.31 10.32 10.31 10.30 10.31 10.31 10.31 10.32 10.32 10.30 10.31 10.31 10.30 10.29 10.30 10.29 10.29 10.28 10.28 10.28 10.27 10.27 10.26 10.26 10.26 10.26 10.27 10.27 10.27
10.20 9.97 10.03 9.87 10.05 9.34 9.11 9.45 9.44 8.92 8.61 8.42 8.54 9.13 8.65 8.41 7.46 7.38 8.16 8.77 9.29 9.21 8.78 8.58 9.12 9.37 9.30 8.96 9.16 9.34 9.67 9.64 9.33 9.33 8.98 9.24 9.71 10.18 10.22 10.24 10.25 10.26 10.25 10.25 10.26 10.28 10.29 10.29 10.27 10.28 10.30 10.28 10.26 10.28 10.29 10.29 10.29 10.28 10.29 10.29 10.29 10.28 10.28 10.26 10.27 10.27 10.26 10.26 10.25 10.24 10.24 10.24 10.24 10.24 10.20 10.26 10.27
10.11 10.06 10.22 9.94 9.56 8.98 9.12 9.53 9.46 9.26 8.43 8.02 8.03 8.56 8.03 7.88 7.51 7.67 8.60 9.32 9.39 9.36 9.34 9.10 9.59 9.80 10.02 9.93 9.65 9.76 9.22 9.35 8.97 8.87 9.43 9.04 9.59 10.07 10.20 10.22 10.22 10.21 10.23 10.23 10.24 10.24 10.26 10.27 10.27 10.27 10.28 10.26 10.25 10.25 10.27 10.26 10.25 10.24 10.23 10.23 10.24 10.26 10.25 10.24 10.24 10.24 10.24 10.22 10.22 10.22 10.22 10.22 10.22 10.22 10.15 10.23 10.23
10.12 10.08 10.25 10.05 9.40 8.90 9.00 9.26 9.40 8.99 8.30 7.62 7.48 7.59 8.12 7.90 7.76 7.89 8.69 9.37 9.51 9.57 9.32 9.65 9.87 10.10 10.08 10.14 9.66 9.63 9.38 9.14 8.40 7.33 9.14 9.69 10.04 10.17 10.20 10.20 10.20 10.21 10.20 10.20 10.21 10.22 10.23 10.24 10.25 10.25 10.25 10.23 10.23 10.24 10.25 10.25 10.21 10.19 10.19 10.20 10.21 10.18 10.17 10.14 10.23 10.21 10.22 10.19 10.20 10.19 10.19 10.19 10.19 10.20 10.19 10.23 10.23
10.24 10.17 10.10 10.04 9.21 8.76 8.92 9.49 9.45 8.94 8.24 7.64 7.59 7.58 7.68 7.73 7.86 8.13 8.94 9.51 9.71 9.64 9.40 9.73 9.65 9.63 9.87 9.84 9.46 9.83 9.80 9.73 9.64 9.65 10.00 10.06 10.06 10.00 10.16 10.18 10.18 10.19 10.18 10.18 10.18 10.21 10.21 10.22 10.23 10.23 10.23 10.22 10.20 10.22 10.23 10.23 10.21 10.18 10.17 10.17 10.21 10.06 10.11 10.11 10.20 10.19 10.18 10.17 10.17 10.17 10.17 10.17 10.17 10.18 10.18 10.18 10.18
10.23 10.22 9.97 9.52 9.04 8.88 8.79 8.96 8.96 8.70 7.68 7.26 7.39 7.81 7.81 7.78 7.84 8.18 8.99 9.34 9.65 9.62 9.98 9.81 9.49 9.53 9.77 10.05 10.06 10.01 10.06 10.05 9.93 9.89 10.10 10.07 10.02 10.13 10.15 10.16 10.16 10.16 10.16 10.15 10.16 10.17 10.19 10.20 10.20 10.21 10.20 10.18 10.17 10.20 10.18 10.20 10.19 10.16 10.15 10.12 10.15 9.99 9.99 10.10 10.17 10.17 10.15 10.15 10.15 10.15 10.15 10.15 10.15 10.16 10.18 10.18 10.18
