BOM_solar_grid_data_201906/2019061320190613.grid
ncols 839
nrows 679
xllcenter 112.0500
yllcenter -43.9500
cellsize 0.0500
nodata_value 99999.90
[rows 170 to 203 of 679, columns 539 to 615 of 839]
17.78 17.78 17.72 17.62 17.44 17.73 17.66 17.47 17.46 17.37 17.62 17.65 17.60 17.55 17.78 17.80 17.58 17.91 17.91 17.89 17.80 17.76 17.69 17.75 17.69 17.66 17.75 17.80 17.71 17.83 17.69 17.78 17.78 17.72 17.47 17.74 17.65 17.42 17.72 17.65 17.30 17.21 17.25 17.64 17.86 17.86 17.89 17.88 17.90 17.88 17.87 17.87 17.88 17.90 17.88 17.89 17.91 17.90 17.88 17.88 17.89 17.89 17.87 17.86 17.85 17.85 17.86 17.85 17.87 17.83 17.84 17.83 17.79 17.82 17.82 17.81 17.79
17.80 17.75 17.60 17.62 17.65 17.81 17.75 17.61 17.36 17.49 17.54 17.74 17.79 17.66 17.59 17.57 17.68 17.81 17.85 17.87 17.81 17.76 17.71 17.65 17.70 17.73 17.78 17.70 17.76 17.67 17.84 17.79 17.84 17.75 17.68 17.28 17.09 17.09 17.62 17.54 17.67 17.53 17.39 17.56 17.83 17.81 17.85 17.86 17.87 17.87 17.86 17.86 17.86 17.85 17.85 17.87 17.87 17.87 17.87 17.88 17.89 17.89 17.89 17.84 17.84 17.84 17.84 17.83 17.85 17.85 17.85 17.82 17.82 17.81 17.81 17.82 17.80
17.77 17.75 17.64 17.67 17.71 17.76 17.62 17.26 17.30 17.27 17.40 17.69 17.65 17.61 17.48 17.57 17.80 17.62 17.78 17.81 17.82 17.73 17.81 17.74 17.83 17.67 17.84 17.80 17.72 17.80 17.81 17.73 17.76 17.50 17.47 17.17 16.92 16.76 17.41 17.38 17.70 17.55 17.52 17.64 17.67 17.79 17.83 17.84 17.85 17.84 17.85 17.85 17.85 17.86 17.84 17.84 17.85 17.85 17.85 17.84 17.84 17.85 17.85 17.85 17.83 17.82 17.81 17.81 17.81 17.82 17.83 17.81 17.81 17.79 17.75 17.78 17.79
17.76 17.76 17.75 17.80 17.82 17.57 17.43 17.26 17.29 17.55 17.79 17.81 17.76 17.81 17.65 17.77 17.66 17.55 17.51 17.74 17.73 17.80 17.78 17.65 17.79 17.80 17.81 17.80 17.85 17.83 17.78 17.81 17.66 17.00 17.44 17.29 17.50 17.05 17.17 17.01 17.40 17.42 17.32 17.47 17.11 17.75 17.81 17.82 17.83 17.81 17.83 17.83 17.84 17.84 17.85 17.85 17.84 17.83 17.83 17.82 17.82 17.82 17.82 17.83 17.81 17.81 17.80 17.80 17.80 17.80 17.80 17.77 17.79 17.75 17.74 17.75 17.77
17.72 17.73 17.78 17.79 17.70 17.63 17.60 17.61 17.69 17.71 17.74 17.77 17.75 17.72 17.70 17.75 17.55 17.48 17.32 17.68 17.78 17.77 17.76 17.59 17.78 17.73 17.78 17.80 17.82 17.80 17.73 17.67 17.44 17.13 17.29 17.23 17.67 17.53 17.59 16.86 17.17 17.46 17.46 17.70 17.25 17.78 17.78 17.79 17.78 17.80 17.81 17.81 17.81 17.81 17.81 17.81 17.82 17.81 17.80 17.80 17.81 17.80 17.81 17.80 17.80 17.79 17.78 17.78 17.77 17.77 17.78 17.77 17.78 17.76 17.73 17.72 17.75
17.72 17.73 17.76 17.77 17.80 17.73 17.72 17.74 17.70 17.76 17.74 17.73 17.71 17.70 17.74 17.77 17.61 17.29 17.51 17.68 17.77 17.75 17.73 17.73 17.70 17.72 17.77 17.77 17.77 17.75 17.75 17.53 17.36 17.08 17.24 17.19 17.58 17.39 17.36 17.30 17.25 17.53 17.58 17.66 17.74 17.75 17.76 17.77 17.77 17.78 17.79 17.79 17.79 17.78 17.79 17.79 17.79 17.78 17.77 17.77 17.79 17.78 17.77 17.77 17.79 17.77 17.76 17.75 17.75 17.75 17.75 17.77 17.77 17.76 17.75 17.74 17.75
17.73 17.75 17.75 17.79 17.77 17.74 17.71 17.70 17.73 17.74 17.69 17.66 17.69 17.76 17.72 17.70 17.69 17.53 17.63 17.73 17.76 17.73 17.67 17.77 17.71 17.71 17.76 17.73 17.72 17.76 17.71 17.44 17.45 17.20 17.20 17.09 17.35 17.27 17.21 17.42 17.54 17.35 17.36 17.38 17.75 17.74 17.75 17.76 17.75 17.76 17.77 17.77 17.77 17.76 17.76 17.76 17.75 17.76 17.77 17.75 17.75 17.75 17.75 17.76 17.76 17.75 17.73 17.73 17.73 17.73 17.73 17.73 17.73 17.74 17.75 17.74 17.75
17.72 17.75 17.70 17.71 17.75 17.69 17.70 17.72 17.74 17.72 17.71 17.71 17.69 17.75 17.76 17.73 17.70 17.71 17.70 17.74 17.76 17.68 17.65 17.71 17.75 17.70 17.74 17.69 17.67 17.74 17.76 17.58 17.44 17.44 16.98 17.29 17.34 17.48 17.28 17.46 17.67 17.46 17.52 17.31 17.64 17.72 17.74 17.74 17.73 17.74 17.74 17.76 17.74 17.73 17.73 17.74 17.73 17.73 17.74 17.75 17.74 17.73 17.73 17.74 17.75 17.74 17.74 17.71 17.71 17.70 17.70 17.70 17.70 17.71 17.71 17.70 17.72
17.68 17.66 17.68 17.66 17.68 17.71 17.71 17.71 17.73 17.72 17.72 17.71 17.61 17.68 17.74 17.73 17.74 17.71 17.72 17.65 17.71 17.64 17.71 17.71 17.72 17.71 17.66 17.69 17.67 17.71 17.73 17.64 17.44 17.31 17.27 17.41 17.41 17.24 17.49 17.28 17.65 17.57 17.49 17.33 17.69 17.69 17.70 17.71 17.71 17.71 17.71 17.73 17.72 17.71 17.71 17.72 17.70 17.73 17.73 17.72 17.72 17.71 17.71 17.72 17.72 17.73 17.73 17.69 17.70 17.70 17.70 17.69 17.69 17.68 17.69 17.68 17.68
17.68 17.66 17.67 17.66 17.66 17.69 17.68 17.67 17.67 17.70 17.69 17.71 17.65 17.65 17.68 17.70 17.71 17.69 17.66 17.58 17.68 17.66 17.62 17.72 17.69 17.69 17.70 17.69 17.65 17.70 17.71 17.63 17.47 17.17 17.33 17.41 17.44 17.32 17.19 17.28 17.25 17.49 17.47 17.34 17.58 17.68 17.67 17.67 17.68 17.69 17.68 17.69 17.69 17.68 17.70 17.70 17.69 17.68 17.69 17.69 17.69 17.68 17.69 17.70 17.69 17.70 17.71 17.69 17.69 17.68 17.66 17.67 17.66 17.67 17.66 17.67 17.67
17.62 17.65 17.66 17.62 17.65 17.65 17.67 17.66 17.63 17.67 17.68 17.68 17.65 17.62 17.68 17.67 17.66 17.70 17.68 17.54 17.62 17.61 17.61 17.68 17.69 17.67 17.67 17.67 17.69 17.70 17.67 17.69 17.35 17.35 17.38 17.33 17.23 17.47 17.47 17.27 17.12 17.24 17.41 17.22 17.55 17.67 17.65 17.65 17.65 17.66 17.67 17.67 17.67 17.67 17.68 17.67 17.68 17.68 17.67 17.68 17.67 17.67 17.68 17.68 17.67 17.68 17.69 17.68 17.66 17.66 17.66 17.65 17.65 17.65 17.64 17.63 17.63
17.62 17.64 17.66 17.65 17.60 17.63 17.62 17.61 17.59 17.64 17.65 17.64 17.65 17.59 17.66 17.64 17.66 17.65 17.64 17.56 17.60 17.60 17.60 17.67 17.68 17.67 17.65 17.64 17.62 17.66 17.67 17.66 17.37 17.11 17.14 17.22 17.05 17.05 17.52 17.31 17.22 17.25 17.40 17.34 17.48 17.65 17.63 17.62 17.62 17.62 17.64 17.64 17.64 17.63 17.63 17.63 17.64 17.64 17.63 17.63 17.64 17.64 17.64 17.65 17.65 17.65 17.64 17.64 17.63 17.64 17.64 17.62 17.61 17.62 17.61 17.61 17.60
17.61 17.61 17.62 17.62 17.61 17.62 17.61 17.60 17.60 17.61 17.61 17.63 17.62 17.58 17.60 17.63 17.64 17.64 17.64 17.59 17.66 17.69 17.68 17.67 17.67 17.63 17.62 17.62 17.63 17.66 17.66 17.64 17.53 16.93 17.08 17.22 17.20 16.88 17.21 17.27 17.21 17.23 17.47 17.38 17.23 17.63 17.62 17.61 17.60 17.60 17.62 17.63 17.62 17.62 17.62 17.61 17.62 17.62 17.62 17.62 17.61 17.61 17.62 17.63 17.63 17.63 17.63 17.62 17.62 17.61 17.62 17.60 17.60 17.59 17.59 17.59 17.60
17.61 17.60 17.60 17.58 17.58 17.62 17.61 17.57 17.55 17.56 17.57 17.59 17.57 17.58 17.60 17.63 17.62 17.62 17.62 17.60 17.61 17.66 17.63 17.64 17.61 17.60 17.58 17.58 17.64 17.64 17.68 17.62 17.59 17.27 17.14 17.06 17.35 17.31 17.20 17.14 17.01 17.29 17.44 17.18 17.30 17.59 17.59 17.59 17.58 17.58 17.59 17.60 17.60 17.59 17.60 17.61 17.61 17.61 17.60 17.60 17.60 17.59 17.59 17.60 17.61 17.61 17.60 17.60 17.60 17.58 17.58 17.57 17.58 17.58 17.57 17.56 17.57
17.61 17.60 17.57 17.56 17.57 17.61 17.58 17.54 17.58 17.56 17.55 17.58 17.56 17.56 17.53 17.59 17.58 17.60 17.61 17.59 17.61 17.64 17.61 17.54 17.61 17.51 17.58 17.57 17.63 17.62 17.60 17.61 17.57 17.61 17.51 17.28 17.01 17.24 17.21 17.19 17.28 17.18 17.24 17.37 17.28 17.37 17.59 17.57 17.59 17.57 17.57 17.57 17.58 17.59 17.59 17.59 17.59 17.58 17.58 17.59 17.59 17.59 17.59 17.59 17.59 17.60 17.59 17.59 17.59 17.59 17.56 17.54 17.55 17.56 17.56 17.56 17.56
17.58 17.57 17.55 17.54 17.53 17.55 17.54 17.52 17.56 17.54 17.54 17.55 17.55 17.53 17.47 17.53 17.51 17.56 17.59 17.58 17.60 17.57 17.58 17.55 17.57 17.41 17.54 17.58 17.58 17.60 17.56 17.58 17.61 17.59 17.58 17.52 17.10 17.29 16.96 17.28 17.19 16.99 17.15 17.34 17.13 17.32 17.58 17.55 17.56 17.57 17.56 17.55 17.56 17.57 17.57 17.57 17.56 17.56 17.56 17.56 17.56 17.57 17.58 17.58 17.57 17.56 17.56 17.56 17.56 17.56 17.54 17.52 17.53 17.53 17.52 17.53 17.53
17.56 17.55 17.54 17.53 17.52 17.52 17.52 17.51 17.53 17.52 17.55 17.55 17.55 17.50 17.46 17.50 17.55 17.56 17.58 17.56 17.57 17.60 17.50 17.57 17.47 17.36 17.55 17.55 17.57 17.57 17.53 17.51 17.56 17.56 17.57 17.55 17.37 17.34 17.36 17.24 17.10 16.80 17.01 17.11 17.08 17.01 17.57 17.53 17.52 17.53 17.53 17.56 17.54 17.53 17.54 17.54 17.53 17.54 17.54 17.54 17.55 17.55 17.55 17.55 17.54 17.54 17.54 17.54 17.53 17.54 17.54 17.51 17.51 17.51 17.51 17.51 17.52
17.53 17.51 17.52 17.52 17.51 17.51 17.51 17.49 17.49 17.51 17.53 17.55 17.54 17.49 17.47 17.47 17.51 17.52 17.54 17.52 17.53 17.50 17.42 17.41 17.41 17.44 17.54 17.48 17.55 17.55 17.51 17.48 17.51 17.56 17.55 17.53 17.49 17.11 17.26 17.24 17.16 16.81 16.99 17.26 17.16 17.06 17.52 17.50 17.50 17.51 17.51 17.51 17.51 17.52 17.53 17.51 17.51 17.52 17.53 17.52 17.52 17.52 17.53 17.52 17.52 17.52 17.52 17.53 17.52 17.52 17.52 17.52 17.49 17.49 17.49 17.49 17.49
17.54 17.50 17.51 17.49 17.50 17.50 17.50 17.47 17.49 17.49 17.52 17.52 17.50 17.43 17.42 17.42 17.49 17.46 17.53 17.54 17.51 17.50 17.42 17.06 17.33 17.41 17.50 17.52 17.52 17.53 17.51 17.51 17.49 17.51 17.52 17.44 17.53 17.46 17.32 17.26 17.21 16.88 16.92 16.97 17.39 17.22 17.50 17.50 17.49 17.49 17.49 17.49 17.49 17.51 17.51 17.50 17.50 17.50 17.51 17.51 17.51 17.51 17.52 17.52 17.53 17.52 17.53 17.54 17.54 17.52 17.51 17.51 17.50 17.48 17.49 17.48 17.48
17.52 17.50 17.49 17.47 17.46 17.46 17.47 17.48 17.47 17.47 17.47 17.49 17.49 17.44 17.45 17.43 17.49 17.47 17.45 17.46 17.46 17.45 17.41 17.18 17.36 17.44 17.49 17.50 17.52 17.51 17.50 17.49 17.50 17.50 17.51 17.47 17.43 17.48 17.50 17.50 17.31 17.04 16.85 16.64 16.87 17.20 17.26 17.49 17.49 17.48 17.48 17.47 17.47 17.49 17.50 17.45 17.48 17.47 17.48 17.49 17.50 17.49 17.49 17.49 17.48 17.50 17.51 17.51 17.52 17.49 17.49 17.49 17.47 17.47 17.47 17.46 17.45
17.49 17.47 17.48 17.45 17.44 17.45 17.46 17.46 17.45 17.44 17.45 17.46 17.45 17.43 17.44 17.46 17.48 17.48 17.44 17.40 17.47 17.44 17.41 17.32 17.37 17.37 17.33 17.48 17.49 17.45 17.44 17.48 17.48 17.46 17.50 17.48 17.47 17.48 17.47 17.35 17.43 17.30 17.09 16.58 16.67 16.87 17.20 17.47 17.45 17.46 17.47 17.47 17.45 17.46 17.49 17.48 17.46 17.45 17.45 17.45 17.48 17.47 17.45 17.45 17.46 17.46 17.48 17.49 17.48 17.46 17.46 17.46 17.47 17.46 17.44 17.43 17.43
17.47 17.45 17.44 17.43 17.42 17.44 17.45 17.43 17.43 17.43 17.43 17.43 17.43 17.41 17.40 17.42 17.46 17.46 17.45 17.43 17.44 17.44 17.44 17.26 17.41 17.36 17.34 17.44 17.46 17.39 17.42 17.38 17.38 17.46 17.46 17.43 17.33 17.12 17.16 17.34 17.46 17.37 16.97 17.02 16.52 16.75 17.31 17.44 17.43 17.42 17.43 17.46 17.44 17.44 17.45 17.46 17.43 17.44 17.42 17.42 17.42 17.44 17.45 17.44 17.44 17.44 17.43 17.45 17.44 17.45 17.45 17.45 17.45 17.44 17.42 17.42 17.42
17.45 17.43 17.40 17.39 17.40 17.42 17.43 17.42 17.41 17.42 17.41 17.42 17.41 17.40 17.41 17.42 17.44 17.44 17.43 17.38 17.40 17.41 17.35 17.23 17.33 17.36 17.40 17.45 17.43 17.43 17.42 17.43 17.44 17.37 17.34 17.44 17.33 17.22 17.29 17.46 17.46 17.37 17.00 16.80 16.65 16.46 17.12 17.39 17.43 17.40 17.39 17.41 17.45 17.45 17.44 17.45 17.45 17.42 17.43 17.40 17.40 17.41 17.43 17.42 17.42 17.42 17.42 17.43 17.42 17.42 17.43 17.44 17.43 17.43 17.40 17.40 17.39
17.40 17.39 17.39 17.39 17.38 17.40 17.40 17.39 17.38 17.38 17.37 17.37 17.39 17.36 17.39 17.41 17.40 17.41 17.40 17.38 17.37 17.41 17.38 17.26 17.37 17.38 17.39 17.39 17.42 17.41 17.36 17.42 17.39 17.32 17.37 17.38 17.34 17.26 17.28 17.43 17.45 17.41 17.22 17.07 16.41 16.41 16.54 17.10 17.39 17.38 17.38 17.37 17.39 17.41 17.41 17.40 17.41 17.39 17.41 17.37 17.38 17.37 17.38 17.39 17.38 17.38 17.37 17.38 17.39 17.39 17.39 17.40 17.40 17.40 17.41 17.38 17.35
17.38 17.38 17.39 17.38 17.36 17.36 17.37 17.37 17.35 17.31 17.33 17.35 17.36 17.33 17.35 17.39 17.37 17.38 17.39 17.36 17.33 17.34 17.38 17.27 17.35 17.36 17.36 17.37 17.39 17.36 17.38 17.36 17.23 17.34 17.36 17.33 17.29 17.27 17.28 17.36 17.35 17.26 17.14 17.02 16.55 16.46 16.72 17.15 17.36 17.38 17.35 17.36 17.36 17.37 17.39 17.40 17.38 17.32 17.37 17.35 17.35 17.35 17.35 17.36 17.37 17.37 17.38 17.36 17.36 17.37 17.37 17.38 17.38 17.38 17.38 17.35 17.35
17.36 17.36 17.35 17.33 17.33 17.34 17.34 17.34 17.31 17.29 17.32 17.34 17.34 17.34 17.33 17.36 17.35 17.34 17.36 17.31 17.32 17.32 17.34 17.30 17.33 17.36 17.36 17.37 17.37 17.38 17.26 17.23 17.28 17.38 17.36 17.31 17.37 17.29 17.36 17.37 17.36 17.34 17.31 17.28 16.42 15.87 16.22 16.87 17.37 17.38 17.37 17.35 17.35 17.37 17.39 17.38 17.38 17.31 17.35 17.35 17.35 17.33 17.33 17.33 17.34 17.34 17.37 17.36 17.34 17.34 17.35 17.35 17.36 17.35 17.36 17.35 17.33
17.33 17.33 17.31 17.29 17.30 17.32 17.32 17.32 17.29 17.28 17.29 17.29 17.30 17.32 17.29 17.32 17.32 17.30 17.30 17.30 17.28 17.29 17.32 17.33 17.27 17.32 17.32 17.30 17.34 17.27 17.16 17.15 17.24 17.38 17.37 17.33 17.35 17.38 17.36 17.35 17.37 17.37 17.31 17.21 16.72 16.05 15.95 16.18 16.81 16.91 17.35 17.35 17.33 17.33 17.34 17.36 17.35 17.27 17.24 17.29 17.34 17.32 17.33 17.31 17.30 17.30 17.31 17.32 17.32 17.32 17.33 17.33 17.32 17.33 17.34 17.35 17.33
17.31 17.31 17.29 17.29 17.29 17.30 17.29 17.29 17.24 17.25 17.22 17.23 17.27 17.30 17.26 17.31 17.30 17.29 17.27 17.29 17.30 17.27 17.27 17.30 17.21 17.32 17.29 17.32 17.24 17.22 17.26 17.11 17.19 17.29 17.35 17.25 17.32 17.36 17.36 17.36 17.35 17.35 17.34 17.10 16.83 16.43 16.37 16.68 16.63 16.85 17.20 17.34 17.35 17.35 17.35 17.34 17.33 17.33 17.25 17.22 17.26 17.27 17.31 17.30 17.29 17.28 17.28 17.28 17.29 17.29 17.29 17.30 17.30 17.31 17.33 17.33 17.32
17.29 17.29 17.28 17.28 17.27 17.29 17.28 17.24 17.26 17.27 17.25 17.24 17.27 17.29 17.28 17.27 17.28 17.27 17.27 17.30 17.29 17.27 17.24 17.29 17.22 17.22 17.22 17.24 17.28 17.21 17.18 17.19 17.29 17.30 17.33 17.32 17.33 17.35 17.34 17.34 17.32 17.32 17.31 17.07 16.91 16.73 16.93 16.87 16.72 16.70 16.88 17.07 17.29 17.31 17.32 17.30 17.31 17.29 17.27 17.17 17.20 17.18 17.29 17.29 17.30 17.28 17.27 17.26 17.26 17.27 17.27 17.30 17.29 17.29 17.30 17.30 17.31
17.29 17.29 17.27 17.26 17.26 17.25 17.26 17.22 17.25 17.26 17.24 17.25 17.26 17.27 17.26 17.26 17.26 17.23 17.26 17.26 17.27 17.27 17.27 17.28 17.26 17.21 17.19 17.23 17.29 17.18 17.26 17.26 17.26 17.23 17.29 17.29 17.31 17.33 17.32 17.33 17.29 17.30 17.29 16.93 16.96 16.80 16.82 16.82 16.91 17.00 16.90 16.93 17.13 17.23 17.21 17.28 17.30 17.30 17.31 17.30 17.29 17.27 17.29 17.29 17.30 17.29 17.29 17.26 17.25 17.26 17.27 17.26 17.25 17.27 17.30 17.30 17.32
17.27 17.26 17.25 17.27 17.25 17.19 17.22 17.20 17.22 17.24 17.21 17.19 17.23 17.23 17.23 17.24 17.25 17.22 17.23 17.23 17.25 17.24 17.24 17.25 17.23 17.22 17.18 17.25 17.25 17.24 17.13 17.24 17.29 17.28 17.24 17.25 17.28 17.31 17.30 17.29 17.27 17.24 17.25 17.06 16.90 16.89 16.78 16.73 16.56 16.91 16.73 16.66 16.86 17.26 17.28 17.17 17.20 17.16 17.19 17.21 17.24 17.25 17.24 17.25 17.27 17.29 17.30 17.29 17.27 17.26 17.29 17.27 17.27 17.28 17.29 17.30 17.28
17.24 17.23 17.23 17.26 17.24 17.21 17.22 17.19 17.22 17.22 17.17 17.17 17.20 17.20 17.21 17.21 17.21 17.17 17.17 17.18 17.19 17.19 17.21 17.22 17.21 17.22 17.24 17.13 16.96 17.05 17.13 17.19 17.22 17.24 17.19 17.20 17.27 17.28 17.26 17.25 17.25 17.21 17.24 17.05 17.05 16.87 16.93 17.13 17.07 16.78 16.89 17.02 16.94 17.07 17.21 17.24 17.25 17.15 17.05 17.19 17.22 17.24 17.20 17.14 17.16 17.23 17.25 17.25 17.24 17.16 17.28 17.27 17.27 17.26 17.26 17.27 17.23
17.21 17.22 17.24 17.23 17.21 17.20 17.19 17.19 17.20 17.21 17.19 17.15 17.18 17.19 17.18 17.18 17.19 17.11 17.14 17.15 17.12 17.15 17.18 17.20 17.19 17.19 17.23 17.03 16.91 17.02 17.14 17.14 17.22 17.21 17.06 17.11 17.15 17.23 17.23 17.23 17.22 17.21 17.15 16.99 17.09 17.22 17.18 16.96 17.14 17.03 17.20 17.09 16.99 16.85 16.89 17.05 17.10 17.08 17.10 17.17 17.18 17.24 17.23 17.18 17.15 17.14 17.20 17.20 17.19 17.05 17.18 17.20 17.25 17.25 17.24 17.23 17.22
17.19 17.19 17.23 17.23 17.20 17.19 17.18 17.19 17.20 17.18 17.17 17.14 17.16 17.18 17.17 17.16 17.17 17.09 17.11 17.10 17.11 17.18 17.17 17.16 17.13 17.18 17.19 17.03 16.98 16.99 17.05 17.19 17.16 17.13 17.08 17.07 17.14 17.19 17.20 17.22 17.20 17.20 17.18 16.87 17.14 17.21 17.15 17.03 17.10 17.07 17.19 17.17 17.21 16.97 17.01 16.99 16.66 16.54 17.08 17.15 17.22 17.23 17.22 17.20 17.21 17.21 17.22 17.23 17.12 17.08 17.10 17.17 17.21 17.22 17.24 17.21 17.19
