BOM_solar_grid_data_201906/2019062020190620.grid
ncols 839
nrows 679
xllcenter 112.0500
yllcenter -43.9500
cellsize 0.0500
nodata_value 99999.90
[rows 544 to 577 of 679, columns 693 to 769 of 839]
6.98 7.05 7.05 6.96 7.55 8.20 7.87 8.51 8.51 8.11 8.06 8.07 8.66 8.67 7.92 7.76 8.50 8.01 7.59 7.80 8.50 8.82 8.50 8.60 8.44 7.73 8.15 8.00 7.90 8.13 8.05 8.68 9.08 9.19 9.09 9.02 8.87 8.77 8.01 7.48 8.40 8.51 7.85 7.87 7.92 7.74 7.59 7.97 8.18 8.31 7.13 7.60 7.62 7.87 7.82 7.62 8.20 8.08 7.89 8.33 8.52 8.67 8.91 9.21 9.08 9.08 9.08 9.08 9.08 9.08 9.08 9.08 9.08 9.08 9.08 9.08 99999.90
6.80 6.38 6.89 6.68 7.56 7.50 7.68 8.56 7.89 7.95 7.53 7.60 8.42 8.15 7.98 8.04 7.46 7.24 8.07 8.45 8.71 8.89 8.88 8.50 8.82 7.58 7.33 7.81 8.02 8.38 9.12 8.86 8.61 8.83 9.30 9.27 8.64 7.97 7.82 8.45 8.66 8.58 7.74 7.34 7.79 7.38 7.40 7.84 7.67 7.84 7.85 7.75 6.43 7.82 8.02 7.39 7.73 7.55 7.63 7.53 8.49 8.80 9.03 9.03 9.26 9.08 9.08 9.08 9.08 9.08 9.08 9.08 9.08 9.08 9.08 9.08 99999.90
6.95 6.44 6.85 7.16 7.74 7.91 7.78 7.91 8.18 7.25 6.65 6.83 8.30 8.34 8.21 7.19 7.54 7.50 7.95 8.24 8.26 8.54 8.97 9.00 9.25 8.69 7.89 8.35 8.80 8.98 8.62 8.19 8.27 8.65 9.23 9.01 8.01 8.27 8.29 7.52 8.50 8.45 7.30 7.32 7.39 7.14 7.70 8.28 6.85 8.13 8.18 7.04 7.83 7.80 7.27 7.65 7.99 8.06 7.67 7.40 8.32 8.75 8.95 8.81 8.86 8.86 8.86 9.08 9.08 9.08 9.08 9.08 9.08 9.08 9.08 9.08 99999.90
6.68 5.92 6.26 6.26 6.99 6.53 7.23 7.49 7.62 7.33 7.39 7.66 8.41 7.96 8.09 8.01 7.33 7.27 7.56 7.55 7.86 8.51 9.31 9.32 9.32 9.19 8.53 8.61 8.65 8.65 8.18 8.44 8.50 9.10 9.21 8.87 8.59 8.10 7.49 7.76 8.28 7.39 6.83 7.02 8.08 7.13 7.76 7.59 6.83 7.91 8.03 7.69 6.23 6.98 7.72 7.52 7.65 8.04 7.90 7.88 7.97 8.10 8.33 8.67 8.89 8.89 8.89 8.95 8.95 8.95 8.95 8.95 8.95 8.95 8.95 8.95 99999.90
6.30 6.14 6.73 6.36 6.98 7.07 6.66 6.57 8.00 7.91 8.08 8.31 8.84 8.04 8.24 7.83 7.30 7.14 7.10 6.83 7.70 8.49 8.86 9.09 9.22 9.27 8.62 8.41 8.74 8.57 8.75 8.70 8.86 9.19 8.75 8.51 8.53 7.64 7.78 7.51 7.92 7.56 7.50 7.43 7.36 7.72 7.93 7.02 7.02 6.84 8.00 7.81 7.64 7.74 7.85 7.58 7.02 7.51 8.12 7.70 7.55 7.74 8.06 8.54 8.64 8.64 8.95 8.95 8.95 8.95 8.95 8.95 8.95 8.95 8.95 8.95 99999.90
6.41 7.04 6.60 5.98 6.28 6.58 7.14 6.48 7.08 7.57 8.28 8.34 8.60 7.93 8.33 7.74 7.47 7.11 7.87 7.39 7.35 8.03 8.33 9.09 9.16 9.06 8.97 9.09 9.18 8.72 9.12 9.10 9.11 8.87 8.57 8.48 8.07 7.62 7.58 7.45 7.52 7.56 7.75 7.71 7.66 7.73 7.66 7.84 7.68 7.59 7.90 8.14 8.22 7.69 7.85 7.73 7.70 7.91 7.87 7.24 7.02 7.60 8.02 8.21 8.70 8.95 8.95 8.95 8.95 8.95 8.95 8.95 8.95 8.95 8.95 8.95 99999.90
6.83 6.87 6.56 5.92 6.83 6.77 6.60 6.48 6.95 7.60 8.26 8.30 8.32 7.85 8.54 7.40 6.80 7.41 7.41 7.10 6.37 7.55 9.00 9.18 9.03 8.51 8.23 8.72 9.13 9.09 9.09 9.00 8.71 8.78 8.17 7.85 7.34 7.34 7.43 7.40 7.31 7.47 7.47 7.40 7.37 7.54 7.83 8.02 7.84 7.97 8.01 8.07 8.17 7.81 7.74 7.58 7.46 7.37 7.24 7.06 7.07 7.60 8.02 8.21 8.70 8.95 8.95 8.95 8.95 8.95 8.95 8.95 8.95 8.95 8.95 8.95 99999.90
5.50 6.23 6.14 6.52 7.28 6.96 6.85 6.40 6.35 6.77 7.38 7.21 7.83 7.72 8.34 8.50 8.16 7.97 6.97 7.08 7.41 7.76 8.10 8.03 8.49 8.91 8.97 8.44 8.61 8.75 8.56 8.06 7.95 8.46 8.09 7.67 7.41 7.05 6.97 7.15 7.05 6.98 6.96 7.13 7.40 7.39 7.43 7.60 7.30 7.18 7.66 7.71 7.73 7.72 7.58 7.26 7.33 7.05 6.76 6.82 6.94 6.94 8.02 8.21 8.70 8.95 8.95 8.95 8.95 8.95 8.95 8.95 8.95 8.95 8.95 8.95 99999.90
6.07 6.45 6.04 6.79 7.38 7.39 6.72 6.05 6.79 7.35 6.80 5.79 5.82 7.43 8.27 7.87 8.03 8.30 7.65 8.45 7.56 7.12 6.72 7.79 8.25 8.68 8.31 7.19 7.76 8.09 7.35 7.22 7.38 7.29 6.84 7.18 7.40 7.39 7.19 7.32 7.34 7.27 7.30 7.32 7.48 7.69 7.45 7.32 7.67 7.70 7.54 7.57 7.37 7.34 7.50 7.54 7.29 7.31 7.05 6.58 6.94 6.94 6.94 8.21 8.70 8.95 8.95 8.95 8.95 8.95 8.95 8.95 8.95 8.95 8.95 8.95 99999.90
7.10 6.43 6.33 5.72 7.05 6.97 7.10 6.79 7.22 7.40 7.79 7.28 7.33 8.16 8.18 7.75 7.18 7.01 8.34 7.92 6.67 6.44 6.58 6.75 7.33 6.75 6.40 6.96 7.69 7.69 6.54 6.42 6.79 6.94 6.89 7.47 7.73 7.82 7.57 7.51 7.67 7.50 7.51 7.34 7.28 7.49 7.21 7.33 7.74 7.99 7.57 7.54 7.27 7.26 7.57 7.06 6.76 6.86 6.86 6.58 6.58 6.94 6.94 6.94 8.70 8.95 8.95 8.95 8.95 8.95 8.95 8.95 8.95 8.95 8.95 8.95 99999.90
6.80 7.15 6.77 6.18 6.99 5.54 6.67 7.68 7.20 7.83 6.82 6.65 8.14 8.10 8.26 7.93 7.51 7.42 7.85 7.33 8.31 7.52 7.69 8.09 8.09 7.41 7.01 7.67 7.67 7.12 6.82 6.47 6.90 7.10 7.05 6.92 7.20 7.21 7.42 7.48 7.39 7.26 7.08 7.24 7.46 7.50 7.43 7.18 7.82 7.87 7.28 7.23 7.33 7.15 7.08 6.85 6.36 6.86 6.86 6.86 6.58 6.58 6.94 6.94 8.70 8.95 8.95 8.95 8.95 8.95 8.95 8.95 8.95 8.95 8.95 8.95 99999.90
6.25 7.05 6.59 5.85 6.57 6.62 6.31 6.48 7.42 7.88 7.26 6.78 7.80 8.40 8.23 8.90 8.50 8.46 8.05 7.86 8.16 8.31 8.22 7.77 7.69 8.04 8.17 7.77 7.01 6.64 6.44 6.18 6.36 6.67 6.85 6.98 6.91 6.94 7.09 7.00 6.90 6.34 7.08 7.24 7.46 7.50 7.43 7.18 7.82 7.87 7.28 7.23 7.33 7.15 7.08 6.85 6.36 6.36 6.86 6.86 6.86 6.58 6.58 6.94 6.94 8.95 8.95 8.95 8.95 8.95 8.95 8.95 8.95 8.95 8.95 8.95 99999.90
6.36 6.54 6.10 6.97 7.52 7.40 7.45 7.98 8.24 8.64 8.77 8.30 8.02 8.08 8.66 8.90 8.68 8.76 8.78 8.68 8.17 8.16 7.85 7.44 7.57 7.97 7.66 7.43 7.16 6.64 6.44 6.18 6.36 6.67 6.85 6.98 6.91 6.94 7.09 7.00 6.90 6.34 6.34 7.24 7.46 7.50 7.43 7.18 7.82 7.87 7.28 7.23 7.33 7.15 7.08 6.85 6.36 6.36 6.36 6.86 6.86 6.86 6.58 6.58 6.94 8.95 8.95 8.95 8.95 8.95 8.95 8.95 8.95 8.95 8.95 8.95 99999.90
7.64 7.59 7.24 7.10 7.51 8.00 8.16 8.39 8.55 8.75 8.87 8.84 8.37 8.57 8.73 8.62 7.89 8.32 8.07 8.00 7.25 7.34 7.41 7.46 7.51 7.97 7.66 7.43 7.16 7.16 6.44 6.18 6.36 6.67 6.85 6.98 6.91 6.94 7.09 7.00 6.90 6.34 6.34 6.34 7.46 7.50 7.43 7.18 7.82 7.87 7.28 7.23 7.33 7.15 7.08 6.85 6.36 6.36 6.36 6.86 6.86 6.86 6.86 6.58 6.58 6.94 8.95 8.95 8.95 8.95 8.95 8.95 8.95 8.95 8.95 8.95 99999.90
6.45 7.20 7.15 7.45 7.81 8.25 8.77 8.82 8.85 8.92 8.79 8.97 8.73 8.72 8.86 8.36 7.66 6.61 7.42 6.64 6.32 6.68 7.49 7.46 7.51 7.51 7.66 7.43 7.16 7.16 7.16 6.18 6.36 6.67 6.85 6.98 6.91 6.94 7.09 7.00 6.90 6.34 6.34 6.34 7.46 7.50 7.43 7.18 7.82 7.87 7.28 7.23 7.33 7.15 7.08 6.85 6.36 6.36 6.36 6.36 6.86 6.86 6.86 6.86 6.58 6.58 8.95 8.95 8.95 8.95 8.95 8.95 8.95 8.95 8.95 8.95 99999.90
8.12 7.47 7.94 8.08 7.62 7.77 8.48 8.86 8.94 9.00 8.94 8.78 8.79 8.83 8.85 8.75 8.28 7.85 7.50 7.01 7.06 6.68 7.49 7.49 7.51 7.51 7.51 7.43 7.16 7.16 7.16 6.18 6.36 6.67 6.85 6.98 6.91 6.94 7.09 7.00 6.90 6.34 6.34 6.34 7.46 7.50 7.43 7.18 7.82 7.87 7.28 7.23 7.33 7.15 7.08 6.85 6.36 6.36 6.36 6.36 6.86 6.86 6.86 6.86 6.86 6.58 6.58 8.95 8.95 8.95 8.95 8.95 8.95 8.95 8.95 8.95 99999.90
7.17 7.23 7.31 7.62 7.76 7.78 8.29 8.68 8.86 8.94 8.94 8.78 8.79 8.83 8.85 8.68 8.20 7.54 7.58 7.01 7.06 7.06 7.49 7.49 7.49 7.51 7.51 7.43 7.16 7.16 7.16 6.18 6.36 6.67 6.85 6.98 6.91 6.94 7.09 7.00 6.90 6.34 6.34 6.34 6.34 7.50 7.43 7.18 7.82 7.87 7.28 7.23 7.33 7.15 7.08 6.85 6.36 6.36 6.36 6.36 6.36 6.86 6.86 6.86 6.86 6.86 6.58 6.58 6.94 6.94 6.94 99999.90 99999.90 99999.90 99999.90 99999.90 99999.90
7.21 7.16 7.15 7.29 8.08 8.27 8.43 8.53 8.80 8.93 8.81 8.81 8.79 8.36 8.62 8.62 8.68 7.54 7.58 7.58 7.06 7.06 7.06 7.49 7.49 7.51 7.51 7.43 7.16 7.16 7.16 7.16 6.36 6.67 6.85 6.98 6.91 6.94 7.09 7.00 6.90 6.34 6.34 6.34 6.34 7.50 7.43 7.18 7.82 7.87 7.28 7.23 7.33 7.15 7.08 6.85 6.36 6.36 6.36 6.36 6.36 6.86 6.86 6.86 6.86 6.86 6.86 6.58 6.58 6.94 6.94 99999.90 99999.90 99999.90 99999.90 99999.90 99999.90
7.40 7.20 7.84 8.18 8.08 8.48 8.56 8.77 8.91 8.65 8.56 8.56 7.34 8.36 8.36 8.53 8.68 8.68 7.58 7.58 7.58 7.06 7.06 7.49 7.49 7.49 7.51 7.51 7.16 7.16 7.16 7.16 6.36 6.67 6.85 6.98 6.91 6.94 7.09 7.00 6.90 6.34 6.34 6.34 6.34 7.50 7.43 7.18 7.82 7.87 7.28 7.23 7.33 7.15 7.08 6.85 6.36 6.36 6.36 6.36 6.36 6.36 6.86 6.86 6.86 6.86 6.86 6.86 6.58 6.58 99999.90 99999.90 99999.90 99999.90 99999.90 99999.90 99999.90
7.42 8.05 8.11 8.20 8.15 8.10 8.27 8.22 8.24 7.68 7.31 7.41 7.34 7.93 7.52 8.53 8.53 8.68 8.68 7.58 7.58 7.06 7.06 7.06 7.49 7.49 7.51 7.51 7.16 7.16 7.16 7.16 6.36 6.67 6.85 6.98 6.91 6.94 7.09 7.00 6.90 6.34 6.34 6.34 6.34 6.34 7.43 7.18 7.82 7.87 7.28 7.23 7.33 7.15 7.08 6.85 6.36 6.36 6.36 6.36 6.36 6.36 6.86 6.86 6.86 6.86 6.86 6.86 6.86 99999.90 99999.90 99999.90 99999.90 99999.90 99999.90 99999.90 99999.90
7.31 7.97 8.22 8.07 8.27 8.28 8.39 8.47 7.68 6.83 6.73 6.77 6.59 7.93 7.52 7.52 8.53 8.53 8.68 7.58 7.58 7.58 7.06 7.06 7.49 7.49 7.49 7.51 7.16 7.16 7.16 7.16 7.16 6.67 6.85 6.98 6.91 6.94 7.09 7.00 6.90 6.34 6.34 6.34 6.34 6.34 7.43 7.18 7.82 7.87 7.28 7.23 7.33 7.15 7.08 6.85 6.36 6.36 6.36 6.36 6.36 6.36 6.36 6.36 6.36 6.36 6.36 99999.90 99999.90 99999.90 99999.90 99999.90 99999.90 99999.90 99999.90 99999.90 99999.90
8.23 7.79 7.12 7.58 7.70 8.05 8.27 8.41 8.11 7.53 6.34 6.81 6.59 6.59 7.52 7.52 7.52 8.53 8.53 8.68 7.58 7.58 7.06 7.06 7.06 7.49 7.49 7.51 7.51 7.16 7.16 7.16 7.16 6.67 6.85 6.98 6.91 6.94 7.09 7.00 6.90 6.34 6.34 6.34 6.34 6.34 6.34 6.34 6.34 6.34 6.34 6.34 99999.90 99999.90 99999.90 99999.90 99999.90 99999.90 99999.90 99999.90 99999.90 99999.90 99999.90 99999.90 99999.90 99999.90 99999.90 99999.90 99999.90 99999.90 99999.90 99999.90 99999.90 99999.90 99999.90 99999.90 99999.90
7.16 7.75 7.65 7.68 7.35 7.26 7.67 7.95 7.02 7.22 8.19 6.81 6.81 6.59 6.59 7.52 7.52 7.52 8.53 8.53 7.58 7.58 7.58 7.06 7.06 7.49 7.49 7.49 7.51 7.16 7.16 7.16 7.16 7.16 7.16 7.16 7.16 7.16 7.16 99999.90 99999.90 99999.90 99999.90 99999.90 99999.90 99999.90 99999.90 99999.90 99999.90 99999.90 99999.90 99999.90 99999.90 99999.90 99999.90 99999.90 99999.90 99999.90 99999.90 99999.90 99999.90 99999.90 99999.90 99999.90 99999.90 99999.90 99999.90 99999.90 99999.90 99999.90 99999.90 99999.90 99999.90 99999.90 99999.90 99999.90 99999.90
7.57 7.44 7.47 7.50 7.49 7.78 7.84 8.42 8.67 8.46 8.19 8.19 6.81 6.81 6.59 7.52 7.52 7.52 7.52 8.53 8.53 7.58 7.58 7.06 7.06 7.06 7.49 7.49 7.51 7.51 7.51 7.51 7.51 7.51 7.51 99999.90 99999.90 99999.90 99999.90 99999.90 99999.90 99999.90 99999.90 99999.90 99999.90 99999.90 99999.90 99999.90 99999.90 99999.90 99999.90 99999.90 99999.90 99999.90 99999.90 99999.90 99999.90 99999.90 99999.90 99999.90 99999.90 99999.90 99999.90 99999.90 99999.90 99999.90 99999.90 99999.90 99999.90 99999.90 99999.90 99999.90 99999.90 99999.90 99999.90 99999.90 99999.90
7.46 7.40 7.34 7.49 7.99 8.00 8.23 8.59 8.67 8.46 8.46 8.19 8.19 6.81 6.81 6.59 7.52 7.52 7.52 7.52 8.53 8.53 7.58 7.58 7.06 7.06 7.49 7.49 7.49 7.49 7.49 7.49 7.49 99999.90 99999.90 99999.90 99999.90 99999.90 99999.90 99999.90 99999.90 99999.90 99999.90 99999.90 99999.90 99999.90 99999.90 99999.90 99999.90 99999.90 99999.90 99999.90 99999.90 99999.90 99999.90 99999.90 99999.90 99999.90 99999.90 99999.90 99999.90 99999.90 99999.90 99999.90 99999.90 99999.90 99999.90 99999.90 99999.90 99999.90 99999.90 99999.90 99999.90 99999.90 99999.90 99999.90 99999.90
7.76 7.16 7.23 7.15 7.13 7.91 8.13 8.59 8.59 8.46 8.46 8.46 8.19 8.19 6.81 6.81 7.52 7.52 7.52 7.52 7.52 8.53 7.58 7.58 7.06 7.06 7.06 7.06 7.06 7.06 7.06 99999.90 99999.90 99999.90 99999.90 99999.90 99999.90 99999.90 99999.90 99999.90 99999.90 99999.90 99999.90 99999.90 99999.90 99999.90 99999.90 99999.90 99999.90 99999.90 99999.90 99999.90 99999.90 99999.90 99999.90 99999.90 99999.90 99999.90 99999.90 99999.90 99999.90 99999.90 99999.90 99999.90 99999.90 99999.90 99999.90 99999.90 99999.90 99999.90 99999.90 99999.90 99999.90 99999.90 99999.90 99999.90 99999.90
8.14 7.98 7.71 7.84 7.86 8.16 8.13 8.13 8.59 8.59 8.46 8.46 8.46 8.19 8.19 6.81 6.81 7.52 7.52 7.52 7.52 7.52 8.53 7.58 7.58 7.58 7.58 7.58 7.58 99999.90 99999.90 99999.90 99999.90 99999.90 99999.90 99999.90 99999.90 99999.90 99999.90 99999.90 99999.90 99999.90 99999.90 99999.90 99999.90 99999.90 99999.90 99999.90 99999.90 99999.90 99999.90 99999.90 99999.90 99999.90 99999.90 99999.90 99999.90 99999.90 99999.90 99999.90 99999.90 99999.90 99999.90 99999.90 99999.90 99999.90 99999.90 99999.90 99999.90 99999.90 99999.90 99999.90 99999.90 99999.90 99999.90 99999.90 99999.90
7.66 7.95 7.90 7.65 7.64 8.16 8.16 8.13 8.13 8.59 8.46 8.46 8.46 8.46 8.19 8.19 6.81 6.81 7.52 7.52 7.52 7.52 7.52 8.53 8.53 8.68 8.68 99999.90 99999.90 99999.90 99999.90 99999.90 99999.90 99999.90 99999.90 99999.90 99999.90 99999.90 99999.90 99999.90 99999.90 99999.90 99999.90 99999.90 99999.90 99999.90 99999.90 99999.90 99999.90 99999.90 99999.90 99999.90 99999.90 99999.90 99999.90 99999.90 99999.90 99999.90 99999.90 99999.90 99999.90 99999.90 99999.90 99999.90 99999.90 99999.90 99999.90 99999.90 99999.90 99999.90 99999.90 99999.90 99999.90 99999.90 99999.90 99999.90 99999.90
7.32 6.78 7.16 7.40 7.64 7.64 8.16 8.16 8.13 8.13 8.59 8.46 8.46 8.46 8.46 8.19 8.19 6.81 7.52 7.52 7.52 7.52 7.52 7.52 8.53 8.53 99999.90 99999.90 99999.90 99999.90 99999.90 99999.90 99999.90 99999.90 99999.90 99999.90 99999.90 99999.90 99999.90 99999.90 99999.90 99999.90 99999.90 99999.90 99999.90 99999.90 99999.90 99999.90 99999.90 99999.90 99999.90 99999.90 99999.90 99999.90 99999.90 99999.90 99999.90 99999.90 99999.90 99999.90 99999.90 99999.90 99999.90 99999.90 99999.90 99999.90 99999.90 99999.90 99999.90 99999.90 99999.90 99999.90 99999.90 99999.90 99999.90 99999.90 99999.90
7.32 6.78 7.16 7.40 7.40 7.64 7.64 8.16 8.16 8.13 8.13 8.46 8.46 8.46 8.46 8.46 8.19 8.19 6.81 7.52 7.52 7.52 7.52 7.52 7.52 99999.90 99999.90 99999.90 99999.90 99999.90 99999.90 99999.90 99999.90 99999.90 99999.90 99999.90 99999.90 99999.90 99999.90 99999.90 99999.90 99999.90 99999.90 99999.90 99999.90 99999.90 99999.90 99999.90 99999.90 99999.90 99999.90 99999.90 99999.90 99999.90 99999.90 99999.90 99999.90 99999.90 99999.90 99999.90 99999.90 99999.90 99999.90 99999.90 99999.90 99999.90 99999.90 99999.90 99999.90 99999.90 99999.90 99999.90 99999.90 99999.90 99999.90 99999.90 99999.90
7.32 6.78 7.16 7.40 7.40 7.40 7.64 7.64 8.16 8.16 8.13 8.13 8.46 8.46 8.46 8.46 8.46 8.19 8.19 6.81 6.81 6.59 6.59 99999.90 99999.90 99999.90 99999.90 99999.90 99999.90 99999.90 99999.90 99999.90 99999.90 99999.90 99999.90 99999.90 99999.90 99999.90 99999.90 99999.90 99999.90 99999.90 99999.90 99999.90 99999.90 99999.90 99999.90 99999.90 99999.90 99999.90 99999.90 99999.90 99999.90 99999.90 99999.90 99999.90 99999.90 99999.90 99999.90 99999.90 99999.90 99999.90 99999.90 99999.90 99999.90 99999.90 99999.90 99999.90 99999.90 99999.90 99999.90 99999.90 99999.90 99999.90 99999.90 99999.90 99999.90
7.32 6.78 7.16 7.40 7.40 7.40 7.40 7.64 7.64 8.16 8.16 8.13 8.13 8.46 8.46 8.46 8.46 8.46 8.19 8.19 6.81 6.81 99999.90 99999.90 99999.90 99999.90 99999.90 99999.90 99999.90 99999.90 99999.90 99999.90 99999.90 99999.90 99999.90 99999.90 99999.90 99999.90 99999.90 99999.90 99999.90 99999.90 99999.90 99999.90 99999.90 99999.90 99999.90 99999.90 99999.90 99999.90 99999.90 99999.90 99999.90 99999.90 99999.90 99999.90 99999.90 99999.90 99999.90 99999.90 99999.90 99999.90 99999.90 99999.90 99999.90 99999.90 99999.90 99999.90 99999.90 99999.90 99999.90 99999.90 99999.90 99999.90 99999.90 99999.90 99999.90
7.32 6.78 7.16 7.40 7.40 7.40 7.40 7.40 7.64 7.64 8.16 8.16 8.13 8.46 8.46 8.46 8.46 8.46 8.46 8.19 8.19 99999.90 99999.90 99999.90 99999.90 99999.90 99999.90 99999.90 99999.90 99999.90 99999.90 99999.90 99999.90 99999.90 99999.90 99999.90 99999.90 99999.90 99999.90 99999.90 99999.90 99999.90 99999.90 99999.90 99999.90 99999.90 99999.90 99999.90 99999.90 99999.90 99999.90 99999.90 99999.90 99999.90 99999.90 99999.90 99999.90 99999.90 99999.90 99999.90 99999.90 99999.90 99999.90 99999.90 99999.90 99999.90 99999.90 99999.90 99999.90 99999.90 99999.90 99999.90 99999.90 99999.90 99999.90 99999.90 99999.90
7.32 6.78 7.16 7.40 7.40 7.40 7.40 7.40 7.40 7.64 7.64 8.16 8.16 8.13 8.46 8.46 8.46 8.46 8.46 8.46 99999.90 99999.90 99999.90 99999.90 99999.90 99999.90 99999.90 99999.90 99999.90 99999.90 99999.90 99999.90 99999.90 99999.90 99999.90 99999.90 99999.90 99999.90 99999.90 99999.90 99999.90 99999.90 99999.90 99999.90 99999.90 99999.90 99999.90 99999.90 99999.90 99999.90 99999.90 99999.90 99999.90 99999.90 99999.90 99999.90 99999.90 99999.90 99999.90 99999.90 99999.90 99999.90 99999.90 99999.90 99999.90 99999.90 99999.90 99999.90 99999.90 99999.90 99999.90 99999.90 99999.90 99999.90 99999.90 99999.90 99999.90
