BOM_solar_grid_data_201906/2019062220190622.grid
ncols 839
nrows 679
xllcenter 112.0500
yllcenter -43.9500
cellsize 0.0500
nodata_value 99999.90
[rows 170 to 203 of 679, columns 385 to 461 of 839]
17.79 17.75 17.83 17.84 17.82 17.81 17.80 17.80 17.80 17.80 17.82 17.81 17.83 17.79 17.76 17.80 17.81 17.79 17.79 17.83 17.82 17.82 17.81 17.79 17.79 17.77 17.79 17.80 17.82 17.81 17.81 17.80 17.79 17.76 17.76 17.71 17.77 17.79 17.78 17.78 17.78 17.81 17.82 17.82 17.81 17.80 17.74 17.82 17.81 17.80 17.79 17.79 17.79 17.78 17.81 17.75 17.76 17.75 17.68 17.72 17.80 17.77 17.70 17.73 17.79 17.77 17.84 17.80 17.76 17.74 17.72 17.77 17.76 17.75 17.80 17.77 17.68
17.76 17.80 17.81 17.78 17.76 17.77 17.77 17.78 17.79 17.78 17.79 17.82 17.81 17.76 17.77 17.78 17.81 17.81 17.79 17.78 17.82 17.81 17.80 17.78 17.78 17.79 17.77 17.80 17.77 17.79 17.78 17.81 17.79 17.77 17.76 17.74 17.75 17.77 17.77 17.76 17.75 17.75 17.76 17.78 17.81 17.81 17.77 17.73 17.74 17.74 17.76 17.77 17.78 17.78 17.76 17.75 17.78 17.72 17.65 17.71 17.70 17.66 17.68 17.70 17.77 17.73 17.70 17.64 17.74 17.71 17.73 17.82 17.72 17.75 17.80 17.77 17.75
17.79 17.77 17.78 17.74 17.75 17.77 17.77 17.74 17.73 17.73 17.74 17.74 17.78 17.78 17.77 17.77 17.77 17.78 17.80 17.77 17.78 17.77 17.77 17.75 17.74 17.77 17.78 17.79 17.80 17.78 17.77 17.75 17.77 17.76 17.74 17.72 17.69 17.72 17.71 17.74 17.73 17.74 17.75 17.74 17.75 17.79 17.77 17.75 17.74 17.74 17.74 17.81 17.77 17.73 17.74 17.75 17.74 17.72 17.67 17.68 17.70 17.70 17.63 17.66 17.69 17.73 17.68 17.79 17.74 17.72 17.80 17.84 17.79 17.73 17.74 17.75 17.68
17.76 17.77 17.72 17.75 17.76 17.76 17.74 17.75 17.74 17.75 17.75 17.76 17.74 17.77 17.78 17.76 17.72 17.75 17.78 17.78 17.78 17.77 17.74 17.73 17.74 17.74 17.73 17.75 17.78 17.75 17.73 17.76 17.75 17.71 17.68 17.69 17.67 17.65 17.65 17.69 17.72 17.72 17.72 17.73 17.72 17.72 17.76 17.73 17.71 17.73 17.72 17.69 17.71 17.72 17.67 17.75 17.75 17.72 17.71 17.66 17.68 17.70 17.66 17.59 17.57 17.80 17.76 17.65 17.72 17.67 17.76 17.83 17.77 17.78 17.75 17.80 17.81
17.73 17.76 17.76 17.75 17.73 17.75 17.74 17.74 17.74 17.71 17.73 17.72 17.73 17.74 17.74 17.75 17.76 17.73 17.73 17.72 17.74 17.75 17.72 17.73 17.73 17.73 17.68 17.73 17.76 17.75 17.73 17.71 17.68 17.68 17.68 17.68 17.69 17.67 17.67 17.66 17.64 17.64 17.65 17.67 17.67 17.69 17.66 17.68 17.69 17.71 17.72 17.68 17.62 17.62 17.73 17.68 17.68 17.68 17.66 17.64 17.62 17.63 17.70 17.61 17.56 17.81 17.78 17.70 17.72 17.77 17.77 17.82 17.80 17.80 17.80 17.76 17.77
17.69 17.71 17.71 17.73 17.70 17.71 17.72 17.72 17.72 17.71 17.70 17.71 17.69 17.69 17.73 17.74 17.75 17.75 17.74 17.70 17.74 17.74 17.70 17.72 17.73 17.72 17.70 17.71 17.72 17.72 17.74 17.71 17.68 17.68 17.65 17.63 17.66 17.67 17.66 17.66 17.63 17.64 17.65 17.66 17.67 17.66 17.69 17.66 17.66 17.67 17.69 17.66 17.66 17.62 17.61 17.64 17.66 17.64 17.62 17.64 17.63 17.58 17.60 17.63 17.56 17.71 17.76 17.78 17.61 17.63 17.68 17.80 17.76 17.76 17.76 17.76 17.70
17.70 17.68 17.68 17.69 17.69 17.71 17.70 17.68 17.68 17.68 17.68 17.71 17.68 17.61 17.70 17.74 17.73 17.72 17.74 17.71 17.66 17.67 17.70 17.65 17.66 17.65 17.67 17.68 17.68 17.72 17.68 17.70 17.67 17.66 17.67 17.67 17.63 17.66 17.64 17.64 17.64 17.66 17.64 17.64 17.67 17.69 17.70 17.65 17.69 17.66 17.62 17.62 17.63 17.64 17.64 17.60 17.63 17.64 17.62 17.57 17.52 17.55 17.59 17.59 17.63 17.69 17.63 17.77 17.51 17.56 17.62 17.75 17.74 17.64 17.70 17.68 17.68
17.64 17.60 17.65 17.68 17.68 17.69 17.70 17.68 17.68 17.68 17.66 17.66 17.68 17.67 17.69 17.71 17.71 17.71 17.72 17.73 17.67 17.66 17.64 17.60 17.62 17.65 17.63 17.64 17.63 17.63 17.61 17.66 17.65 17.66 17.66 17.66 17.67 17.67 17.64 17.62 17.63 17.66 17.68 17.70 17.68 17.57 17.58 17.59 17.71 17.70 17.63 17.63 17.67 17.67 17.64 17.62 17.59 17.59 17.59 17.61 17.60 17.60 17.60 17.61 17.63 17.62 17.60 17.62 17.58 17.56 17.59 17.38 17.48 17.64 17.68 17.72 17.74
17.59 17.62 17.63 17.66 17.67 17.68 17.68 17.65 17.64 17.65 17.64 17.66 17.65 17.64 17.67 17.67 17.65 17.68 17.68 17.67 17.64 17.66 17.61 17.62 17.61 17.63 17.60 17.52 17.58 17.59 17.50 17.49 17.64 17.65 17.65 17.61 17.63 17.66 17.64 17.62 17.60 17.63 17.64 17.63 17.57 17.56 17.57 17.61 17.64 17.64 17.60 17.61 17.62 17.56 17.64 17.64 17.62 17.56 17.56 17.55 17.57 17.54 17.57 17.57 17.58 17.57 17.56 17.57 17.68 17.56 17.71 17.65 17.68 17.64 17.60 17.71 17.62
17.58 17.59 17.59 17.63 17.63 17.65 17.66 17.63 17.62 17.59 17.61 17.62 17.63 17.65 17.63 17.64 17.64 17.63 17.63 17.62 17.61 17.59 17.59 17.58 17.60 17.62 17.60 17.55 17.50 17.60 17.62 17.54 17.61 17.59 17.62 17.63 17.62 17.62 17.60 17.61 17.62 17.58 17.61 17.63 17.56 17.55 17.55 17.56 17.58 17.60 17.63 17.60 17.58 17.57 17.56 17.57 17.59 17.52 17.51 17.53 17.53 17.56 17.56 17.55 17.55 17.56 17.58 17.56 17.50 17.40 17.57 17.62 17.54 17.66 17.63 17.63 17.50
17.57 17.55 17.53 17.53 17.54 17.55 17.61 17.63 17.58 17.58 17.57 17.56 17.55 17.60 17.58 17.60 17.63 17.62 17.60 17.57 17.57 17.58 17.58 17.60 17.61 17.60 17.63 17.62 17.63 17.62 17.63 17.64 17.55 17.57 17.62 17.59 17.59 17.59 17.59 17.59 17.59 17.58 17.60 17.64 17.57 17.53 17.54 17.55 17.54 17.54 17.55 17.57 17.58 17.57 17.57 17.57 17.57 17.52 17.50 17.48 17.47 17.52 17.54 17.54 17.54 17.55 17.52 17.49 17.43 17.43 17.48 17.54 17.55 17.56 17.66 17.60 17.56
17.55 17.56 17.54 17.52 17.53 17.50 17.53 17.62 17.59 17.60 17.57 17.58 17.58 17.58 17.57 17.56 17.57 17.59 17.58 17.54 17.52 17.52 17.53 17.53 17.56 17.60 17.58 17.60 17.61 17.60 17.60 17.59 17.61 17.59 17.60 17.57 17.58 17.59 17.60 17.57 17.56 17.58 17.58 17.56 17.55 17.56 17.54 17.56 17.59 17.59 17.54 17.53 17.52 17.56 17.55 17.58 17.57 17.56 17.52 17.49 17.47 17.47 17.50 17.52 17.51 17.51 17.50 17.50 17.49 17.40 17.43 17.52 17.52 17.54 17.52 17.52 17.53
17.54 17.51 17.50 17.51 17.52 17.56 17.50 17.56 17.61 17.56 17.60 17.55 17.60 17.57 17.55 17.53 17.53 17.53 17.56 17.53 17.56 17.53 17.53 17.52 17.54 17.54 17.57 17.61 17.57 17.53 17.59 17.58 17.57 17.56 17.55 17.55 17.52 17.48 17.55 17.57 17.55 17.59 17.55 17.54 17.56 17.58 17.57 17.57 17.57 17.59 17.54 17.53 17.51 17.51 17.50 17.53 17.54 17.53 17.49 17.47 17.48 17.47 17.46 17.49 17.50 17.50 17.51 17.51 17.51 17.48 17.43 17.49 17.49 17.50 17.53 17.54 17.52
17.52 17.52 17.51 17.51 17.54 17.50 17.52 17.54 17.56 17.55 17.57 17.55 17.58 17.56 17.53 17.53 17.58 17.57 17.55 17.57 17.55 17.51 17.52 17.50 17.53 17.50 17.48 17.49 17.55 17.54 17.53 17.49 17.54 17.55 17.53 17.53 17.54 17.54 17.49 17.53 17.53 17.56 17.54 17.57 17.58 17.59 17.54 17.49 17.46 17.47 17.49 17.50 17.50 17.47 17.49 17.50 17.53 17.52 17.49 17.46 17.45 17.45 17.46 17.48 17.48 17.47 17.47 17.48 17.46 17.48 17.47 17.48 17.47 17.47 17.47 17.48 17.50
17.50 17.50 17.50 17.49 17.52 17.50 17.50 17.47 17.44 17.52 17.55 17.54 17.54 17.56 17.58 17.59 17.62 17.62 17.61 17.58 17.58 17.55 17.54 17.50 17.47 17.48 17.46 17.51 17.53 17.56 17.54 17.53 17.50 17.51 17.51 17.47 17.44 17.50 17.49 17.47 17.47 17.54 17.55 17.54 17.56 17.53 17.52 17.49 17.48 17.48 17.46 17.45 17.41 17.44 17.42 17.47 17.47 17.49 17.49 17.46 17.43 17.44 17.42 17.46 17.45 17.47 17.47 17.48 17.48 17.48 17.43 17.47 17.47 17.45 17.45 17.47 17.48
17.49 17.46 17.48 17.50 17.49 17.48 17.46 17.48 17.49 17.52 17.52 17.53 17.52 17.57 17.60 17.60 17.61 17.62 17.62 17.62 17.61 17.56 17.49 17.48 17.46 17.45 17.47 17.49 17.50 17.51 17.53 17.53 17.51 17.47 17.45 17.43 17.45 17.46 17.46 17.51 17.52 17.53 17.54 17.56 17.52 17.51 17.50 17.49 17.47 17.46 17.47 17.48 17.46 17.45 17.43 17.45 17.42 17.44 17.47 17.45 17.42 17.43 17.45 17.46 17.45 17.45 17.45 17.42 17.42 17.43 17.44 17.43 17.41 17.39 17.42 17.45 17.40
17.45 17.46 17.47 17.46 17.46 17.44 17.45 17.47 17.49 17.47 17.49 17.49 17.53 17.57 17.59 17.58 17.60 17.54 17.57 17.56 17.53 17.50 17.46 17.45 17.46 17.41 17.41 17.47 17.46 17.51 17.48 17.50 17.49 17.47 17.44 17.41 17.41 17.46 17.48 17.48 17.48 17.48 17.50 17.51 17.50 17.47 17.46 17.48 17.46 17.47 17.46 17.47 17.45 17.45 17.45 17.43 17.40 17.45 17.44 17.43 17.44 17.43 17.43 17.43 17.40 17.40 17.40 17.39 17.41 17.39 17.46 17.44 17.46 17.40 17.39 17.41 17.44
17.42 17.42 17.45 17.45 17.45 17.47 17.43 17.42 17.46 17.47 17.44 17.45 17.48 17.50 17.52 17.50 17.51 17.44 17.51 17.56 17.52 17.52 17.48 17.44 17.44 17.44 17.45 17.39 17.41 17.42 17.43 17.44 17.47 17.46 17.44 17.44 17.46 17.44 17.46 17.44 17.46 17.46 17.47 17.47 17.47 17.46 17.46 17.46 17.45 17.46 17.45 17.42 17.44 17.44 17.41 17.40 17.39 17.43 17.41 17.40 17.40 17.39 17.37 17.37 17.34 17.36 17.37 17.35 17.39 17.36 17.37 17.42 17.40 17.37 17.39 17.38 17.41
17.44 17.44 17.44 17.45 17.41 17.41 17.41 17.41 17.39 17.42 17.45 17.48 17.46 17.46 17.49 17.52 17.46 17.51 17.54 17.53 17.49 17.48 17.51 17.48 17.45 17.43 17.44 17.44 17.41 17.42 17.44 17.40 17.39 17.42 17.43 17.43 17.41 17.46 17.45 17.44 17.45 17.42 17.42 17.44 17.45 17.44 17.44 17.43 17.43 17.41 17.39 17.40 17.40 17.40 17.42 17.40 17.38 17.41 17.39 17.34 17.35 17.37 17.37 17.39 17.36 17.39 17.34 17.35 17.32 17.31 17.35 17.34 17.37 17.34 17.30 17.34 17.37
17.36 17.41 17.40 17.39 17.38 17.38 17.39 17.36 17.38 17.37 17.44 17.45 17.40 17.40 17.50 17.48 17.52 17.52 17.48 17.39 17.40 17.42 17.42 17.37 17.43 17.43 17.40 17.41 17.43 17.41 17.39 17.38 17.40 17.40 17.40 17.40 17.42 17.43 17.42 17.43 17.43 17.41 17.40 17.42 17.38 17.40 17.42 17.40 17.40 17.39 17.39 17.38 17.39 17.40 17.39 17.40 17.39 17.38 17.35 17.33 17.32 17.37 17.39 17.38 17.39 17.37 17.35 17.34 17.33 17.33 17.35 17.33 17.34 17.32 17.34 17.30 17.34
17.34 17.34 17.37 17.37 17.38 17.36 17.39 17.37 17.38 17.37 17.42 17.44 17.38 17.39 17.47 17.49 17.50 17.36 17.42 17.38 17.40 17.40 17.41 17.42 17.41 17.46 17.42 17.36 17.36 17.36 17.36 17.36 17.36 17.38 17.38 17.36 17.41 17.38 17.41 17.39 17.40 17.40 17.40 17.40 17.38 17.37 17.37 17.37 17.31 17.38 17.35 17.35 17.38 17.37 17.33 17.36 17.37 17.36 17.35 17.30 17.27 17.30 17.32 17.34 17.34 17.36 17.32 17.33 17.34 17.32 17.33 17.31 17.34 17.29 17.28 17.28 17.32
17.32 17.33 17.32 17.34 17.35 17.34 17.35 17.40 17.34 17.33 17.28 17.32 17.33 17.33 17.36 17.47 17.37 17.31 17.33 17.38 17.38 17.33 17.32 17.38 17.41 17.45 17.44 17.42 17.38 17.39 17.37 17.34 17.35 17.34 17.36 17.36 17.36 17.37 17.38 17.38 17.37 17.37 17.38 17.38 17.37 17.36 17.37 17.35 17.33 17.34 17.34 17.35 17.35 17.32 17.31 17.34 17.34 17.34 17.37 17.33 17.33 17.28 17.30 17.30 17.29 17.30 17.20 17.26 17.32 17.30 17.31 17.27 17.28 17.27 17.27 17.29 17.30
17.30 17.33 17.34 17.33 17.30 17.34 17.33 17.35 17.34 17.34 17.34 17.29 17.27 17.34 17.34 17.42 17.36 17.35 17.35 17.36 17.38 17.35 17.32 17.34 17.39 17.41 17.36 17.40 17.41 17.40 17.39 17.33 17.32 17.37 17.35 17.33 17.34 17.33 17.35 17.34 17.35 17.34 17.35 17.34 17.35 17.35 17.34 17.34 17.33 17.33 17.34 17.34 17.34 17.33 17.31 17.32 17.32 17.32 17.32 17.31 17.31 17.32 17.32 17.30 17.29 17.29 17.25 17.27 17.27 17.29 17.27 17.27 17.27 17.26 17.26 17.27 17.29
17.31 17.31 17.29 17.32 17.27 17.34 17.37 17.31 17.31 17.32 17.30 17.28 17.32 17.26 17.37 17.37 17.34 17.38 17.38 17.39 17.34 17.33 17.31 17.27 17.33 17.37 17.38 17.37 17.39 17.38 17.37 17.35 17.37 17.29 17.30 17.33 17.33 17.35 17.34 17.35 17.33 17.33 17.33 17.32 17.30 17.34 17.33 17.33 17.31 17.31 17.29 17.31 17.30 17.29 17.31 17.30 17.30 17.30 17.29 17.30 17.29 17.29 17.31 17.28 17.28 17.26 17.27 17.24 17.26 17.27 17.25 17.24 17.24 17.25 17.24 17.25 17.27
17.31 17.31 17.30 17.29 17.28 17.27 17.31 17.30 17.31 17.28 17.33 17.35 17.27 17.26 17.25 17.27 17.28 17.32 17.36 17.37 17.36 17.35 17.33 17.29 17.35 17.33 17.26 17.30 17.32 17.33 17.30 17.35 17.33 17.31 17.23 17.24 17.30 17.33 17.34 17.33 17.30 17.29 17.32 17.30 17.28 17.30 17.31 17.32 17.31 17.31 17.28 17.29 17.29 17.29 17.28 17.27 17.27 17.29 17.28 17.29 17.26 17.28 17.30 17.27 17.27 17.26 17.24 17.25 17.20 17.24 17.24 17.22 17.19 17.20 17.19 17.21 17.21
17.27 17.26 17.28 17.30 17.28 17.27 17.26 17.26 17.23 17.23 17.25 17.31 17.24 17.23 17.25 17.23 17.24 17.29 17.35 17.34 17.34 17.35 17.33 17.32 17.31 17.30 17.34 17.35 17.30 17.29 17.32 17.24 17.26 17.30 17.28 17.20 17.27 17.31 17.29 17.27 17.29 17.26 17.27 17.28 17.29 17.27 17.27 17.28 17.27 17.27 17.25 17.24 17.24 17.28 17.27 17.25 17.27 17.28 17.31 17.30 17.26 17.24 17.29 17.28 17.23 17.23 17.22 17.23 17.24 17.18 17.21 17.17 17.17 17.16 17.18 17.20 17.17
17.26 17.25 17.22 17.25 17.24 17.25 17.23 17.24 17.26 17.25 17.22 17.27 17.24 17.24 17.19 17.23 17.26 17.29 17.29 17.32 17.31 17.32 17.30 17.18 17.30 17.28 17.28 17.31 17.32 17.30 17.28 17.25 17.20 17.21 17.25 17.24 17.22 17.28 17.30 17.27 17.25 17.24 17.24 17.24 17.25 17.24 17.24 17.24 17.25 17.24 17.24 17.23 17.23 17.23 17.25 17.27 17.24 17.26 17.29 17.30 17.30 17.29 17.28 17.29 17.28 17.25 17.23 17.21 17.20 17.19 17.17 17.17 17.13 17.15 17.14 17.18 17.17
17.21 17.19 17.21 17.20 17.22 17.21 17.21 17.19 17.17 17.17 17.17 17.27 17.23 17.26 17.25 17.21 17.23 17.26 17.28 17.32 17.31 17.24 17.24 17.20 17.19 17.24 17.19 17.22 17.25 17.27 17.28 17.25 17.19 17.16 17.21 17.20 17.19 17.23 17.23 17.26 17.25 17.24 17.23 17.24 17.24 17.25 17.22 17.22 17.22 17.20 17.21 17.21 17.17 17.18 17.21 17.22 17.25 17.22 17.26 17.27 17.28 17.26 17.26 17.26 17.26 17.25 17.24 17.18 17.16 17.15 17.14 17.16 17.13 17.11 17.14 17.21 17.18
17.19 17.18 17.17 17.24 17.22 17.20 17.18 17.19 17.18 17.15 17.17 17.21 17.25 17.23 17.21 17.16 17.14 17.20 17.31 17.29 17.23 17.20 17.18 17.18 17.17 17.18 17.16 17.19 17.19 17.21 17.24 17.18 17.21 17.17 17.14 17.19 17.19 17.20 17.19 17.20 17.25 17.22 17.22 17.22 17.21 17.19 17.21 17.22 17.19 17.18 17.19 17.20 17.19 17.18 17.17 17.18 17.19 17.22 17.22 17.23 17.23 17.21 17.24 17.17 17.19 17.20 17.23 17.17 17.18 17.14 17.14 17.10 17.12 17.09 17.12 17.17 17.18
17.20 17.21 17.19 17.17 17.20 17.19 17.17 17.16 17.17 17.14 17.21 17.16 17.15 17.14 17.18 17.19 17.15 17.17 17.18 17.25 17.22 17.21 17.17 17.16 17.14 17.15 17.18 17.20 17.17 17.18 17.20 17.18 17.16 17.19 17.18 17.16 17.12 17.14 17.14 17.17 17.18 17.23 17.18 17.18 17.21 17.19 17.17 17.19 17.18 17.19 17.16 17.14 17.14 17.17 17.16 17.18 17.15 17.16 17.16 17.19 17.19 17.17 17.14 17.16 17.16 17.14 17.11 17.14 17.16 17.14 17.15 17.11 17.08 17.09 17.07 17.13 17.17
17.15 17.19 17.23 17.18 17.17 17.18 17.15 17.15 17.14 17.12 17.14 17.12 17.13 17.16 17.13 17.17 17.21 17.21 17.19 17.19 17.19 17.17 17.15 17.11 17.11 17.13 17.20 17.25 17.19 17.19 17.15 17.15 17.16 17.17 17.19 17.14 17.11 17.14 17.15 17.12 17.15 17.19 17.19 17.17 17.16 17.18 17.18 17.19 17.17 17.17 17.15 17.16 17.14 17.14 17.13 17.13 17.15 17.15 17.16 17.17 17.19 17.18 17.17 17.15 17.12 17.13 17.10 17.07 17.08 17.07 17.07 17.08 17.05 17.04 17.05 17.05 17.09
17.11 17.11 17.14 17.16 17.20 17.19 17.14 17.14 17.10 17.11 17.12 17.13 17.14 17.14 17.14 17.15 17.19 17.21 17.18 17.18 17.18 17.14 17.14 17.13 17.18 17.17 17.10 17.20 17.24 17.20 17.12 17.12 17.20 17.19 17.15 17.14 17.11 17.10 17.13 17.13 17.13 17.14 17.17 17.17 17.14 17.12 17.13 17.15 17.14 17.14 17.12 17.10 17.13 17.12 17.13 17.10 17.12 17.08 17.12 17.13 17.15 17.15 17.16 17.14 17.14 17.10 17.08 17.03 17.04 17.03 17.02 17.03 17.05 17.04 17.03 17.04 17.02
17.08 17.04 17.07 17.11 17.14 17.17 17.15 17.10 17.12 17.13 17.12 17.11 17.08 17.11 17.14 17.13 17.19 17.15 17.20 17.18 17.10 17.12 17.10 17.12 17.15 17.22 17.17 17.18 17.21 17.20 17.11 17.09 17.14 17.17 17.12 17.12 17.10 17.09 17.10 17.08 17.07 17.11 17.16 17.15 17.11 17.10 17.09 17.12 17.12 17.15 17.12 17.12 17.14 17.13 17.14 17.12 17.12 17.12 17.09 17.10 17.10 17.13 17.11 17.10 17.11 17.07 17.05 17.04 17.04 17.03 17.01 16.99 17.00 17.06 17.05 17.05 17.01
17.08 17.07 17.11 17.12 17.13 17.17 17.09 17.03 17.03 17.06 17.11 17.13 17.15 17.11 17.11 17.12 17.14 17.15 17.15 17.19 17.19 17.15 17.17 17.11 17.17 17.19 17.21 17.21 17.13 17.11 17.13 17.10 17.14 17.14 17.14 17.11 17.11 17.10 17.11 17.09 17.07 17.12 17.12 17.14 17.11 17.08 17.07 17.09 17.11 17.12 17.11 17.08 17.10 17.12 17.11 17.08 17.10 17.12 17.07 17.07 17.08 17.11 17.11 17.02 17.08 17.01 16.98 17.01 17.01 17.01 16.98 16.96 16.98 16.97 16.97 17.02 17.01
