BOM_solar_grid_data_201906/2019061420190614.grid
ncols 839
nrows 679
xllcenter 112.0500
yllcenter -43.9500
cellsize 0.0500
nodata_value 99999.90
[rows 204 to 237 of 679, columns 77 to 153 of 839]
16.85 99999.90 99999.90 99999.90 99999.90 16.82 16.82 16.82 16.78 16.78 16.78 16.78 16.78 16.78 16.78 16.78 16.78 16.78 16.78 16.78 16.78 16.65 16.65 16.65 16.65 16.65 16.65 16.65 16.65 16.83 16.73 16.73 16.73 16.73 16.59 16.71 16.55 16.55 16.66 16.66 16.66 16.66 16.66 16.68 16.68 16.68 16.77 16.73 16.70 16.75 16.58 16.86 16.86 16.86 16.83 15.85 16.23 16.74 16.91 17.00 17.00 16.82 16.74 16.63 16.81 16.85 16.54 16.49 16.60 16.75 16.88 17.00 17.02 17.01 17.10 17.07 17.12
16.85 99999.90 99999.90 16.70 16.70 16.70 16.70 16.70 16.70 16.78 16.78 16.78 16.78 16.78 16.78 16.78 16.78 16.78 16.78 16.78 16.78 16.65 16.65 16.65 16.65 16.65 16.65 16.65 16.83 16.83 16.73 16.73 16.73 16.73 16.73 16.59 16.71 16.55 16.55 16.66 16.66 16.66 16.66 16.68 16.68 16.68 16.77 16.73 16.70 16.75 16.58 16.69 16.86 16.86 16.83 15.85 16.23 16.74 16.91 16.91 17.02 16.77 16.68 16.77 16.82 16.86 16.73 16.47 16.49 16.60 16.76 16.98 17.08 17.07 17.08 17.12 17.12
16.85 16.74 16.74 16.74 16.74 16.74 16.74 16.74 16.74 16.70 16.78 16.78 16.78 16.78 16.78 16.78 16.78 16.78 16.78 16.78 16.78 16.65 16.65 16.65 16.65 16.65 16.65 16.65 16.83 16.83 16.73 16.73 16.73 16.73 16.73 16.59 16.59 16.71 16.55 16.55 16.66 16.66 16.66 16.66 16.68 16.68 16.77 16.73 16.70 16.75 16.58 16.69 16.86 16.86 16.83 15.85 16.23 16.74 16.76 16.81 16.76 16.82 16.81 16.86 16.85 16.85 16.83 16.71 16.67 16.61 16.79 16.82 16.92 17.01 17.04 17.06 17.03
16.64 16.64 16.64 16.64 16.64 16.64 16.74 16.74 16.74 16.70 16.82 16.78 16.78 16.78 16.78 16.78 16.78 16.78 16.78 16.78 16.78 16.65 16.65 16.65 16.65 16.65 16.65 16.83 16.83 16.77 16.73 16.73 16.73 16.73 16.73 16.59 16.59 16.71 16.71 16.55 16.55 16.66 16.66 16.66 16.68 16.68 16.77 16.73 16.70 16.75 16.58 16.69 16.85 16.89 16.94 16.82 16.87 16.90 16.86 16.89 16.89 16.84 16.80 16.88 16.89 16.79 16.78 16.69 16.64 16.71 16.75 16.63 16.55 16.71 16.83 16.92 16.89
16.64 16.64 16.64 16.64 16.64 16.64 16.74 16.74 16.74 16.70 16.70 16.82 16.78 16.78 16.78 16.78 16.78 16.78 16.78 16.78 16.78 16.65 16.65 16.65 16.65 16.65 16.65 16.83 16.83 16.77 16.73 16.73 16.73 16.73 16.73 16.59 16.59 16.59 16.71 16.71 16.55 16.55 16.66 16.66 16.52 16.55 16.55 16.73 16.72 16.71 16.61 16.68 16.92 16.90 16.89 16.84 16.85 16.93 16.88 16.89 16.89 16.85 16.84 16.88 16.93 16.83 16.81 16.74 16.65 16.82 16.77 16.59 16.32 16.34 16.68 16.82 16.81
16.64 16.64 16.64 16.64 16.64 16.64 16.64 16.74 16.74 16.74 16.70 16.70 16.82 16.78 16.78 16.78 16.78 16.78 16.78 16.78 16.62 16.65 16.65 16.65 16.65 16.65 16.83 16.83 16.83 16.77 16.73 16.73 16.73 16.73 16.73 16.68 16.59 16.59 16.58 16.71 16.71 16.55 16.55 16.62 16.59 16.58 16.65 16.67 16.73 16.78 16.75 16.78 16.94 16.95 16.88 16.83 16.82 16.90 16.86 16.91 16.81 16.72 16.76 16.85 16.89 16.83 16.80 16.78 16.72 16.78 16.90 16.72 16.40 16.45 16.60 16.69 16.73
16.64 16.64 16.64 16.64 16.64 16.64 16.64 16.74 16.74 16.74 16.70 16.70 16.82 16.82 16.78 16.78 16.78 16.78 16.78 16.78 16.62 16.65 16.65 16.65 16.65 16.65 16.83 16.83 16.77 16.77 16.73 16.72 16.73 16.73 16.73 16.68 16.59 16.59 16.59 16.58 16.71 16.71 16.59 16.77 16.69 16.67 16.69 16.68 16.67 16.75 16.85 16.79 16.93 16.96 16.90 16.85 16.81 16.83 16.86 16.96 16.79 16.84 16.80 16.85 16.90 16.74 16.76 16.77 16.69 16.77 16.83 16.80 16.46 16.47 16.50 16.65 16.68
16.64 16.64 16.64 16.64 16.64 16.64 16.64 16.74 16.74 16.74 16.70 16.70 16.70 16.82 16.82 16.78 16.78 16.78 16.78 16.78 16.62 16.62 16.65 16.65 16.65 16.83 16.83 16.83 16.77 16.77 16.73 16.72 16.73 16.73 16.73 16.68 16.59 16.59 16.59 16.58 16.58 16.43 16.79 16.86 16.92 16.76 16.83 16.74 16.73 16.82 16.84 16.81 16.86 16.89 16.85 16.81 16.77 16.79 16.86 16.84 16.83 16.81 16.74 16.89 16.91 16.70 16.68 16.76 16.67 16.79 16.81 16.74 16.41 16.53 16.53 16.75 16.80
16.64 16.64 16.64 16.64 16.64 16.64 16.64 16.74 16.74 16.74 16.74 16.70 16.70 16.82 16.82 16.82 16.78 16.78 16.78 16.78 16.62 16.62 16.65 16.65 16.65 16.83 16.83 16.89 16.77 16.77 16.73 16.72 16.56 16.73 16.73 16.68 16.59 16.59 16.59 16.45 16.71 16.76 16.87 16.91 16.91 16.91 16.80 16.63 16.74 16.84 16.85 16.83 16.81 16.83 16.79 16.76 16.75 16.77 16.76 16.78 16.84 16.86 16.77 16.79 16.83 16.85 16.71 16.73 16.64 16.80 16.88 16.80 16.57 16.59 16.53 16.69 16.75
16.64 16.64 16.64 16.64 16.64 16.64 16.64 16.78 16.74 16.74 16.74 16.70 16.70 16.70 16.82 16.82 16.82 16.87 16.87 16.72 16.62 16.62 16.70 16.66 16.77 16.83 16.83 16.89 16.77 16.77 16.73 16.72 16.56 16.73 16.73 16.68 16.59 16.63 16.57 16.70 16.78 16.82 16.83 16.90 16.87 16.84 16.87 16.70 16.75 16.80 16.85 16.85 16.86 16.78 16.87 16.84 16.77 16.79 16.80 16.82 16.84 16.84 16.82 16.75 16.93 16.97 16.91 16.68 16.70 16.72 16.81 16.76 16.78 16.71 16.60 16.58 16.65
16.64 16.64 16.64 16.64 16.64 16.64 16.64 16.78 16.74 16.74 16.74 16.72 16.70 16.70 16.82 16.82 16.53 16.81 16.83 16.72 16.74 16.72 16.59 16.61 16.70 16.72 16.69 16.89 16.77 16.77 16.73 16.72 16.56 16.73 16.70 16.44 16.58 16.34 16.62 16.71 16.79 16.80 16.76 16.78 16.83 16.79 16.83 16.77 16.74 16.77 16.81 16.83 16.84 16.83 16.78 16.81 16.80 16.76 16.76 16.66 16.86 16.82 16.80 16.73 16.79 16.86 16.79 16.69 16.80 16.79 16.81 16.73 16.76 16.77 16.81 16.59 16.65
16.73 16.64 16.64 16.64 16.64 16.64 16.64 16.78 16.70 16.74 16.74 16.72 16.70 16.70 16.80 16.80 16.86 16.73 16.67 16.66 16.51 16.46 16.55 16.47 16.45 16.54 16.69 16.39 16.64 16.68 16.64 16.75 16.38 16.48 16.66 16.50 16.43 16.22 16.47 16.76 16.78 16.75 16.73 16.72 16.79 16.80 16.85 16.83 16.74 16.79 16.80 16.84 16.82 16.83 16.80 16.76 16.73 16.81 16.77 16.78 16.78 16.75 16.72 16.77 16.79 16.85 16.76 16.72 16.80 16.83 16.77 16.70 16.80 16.64 16.71 16.60 16.71
16.73 16.73 16.64 16.64 16.64 16.64 16.64 16.78 16.70 16.74 16.74 16.72 16.78 16.72 16.76 16.78 16.80 16.77 16.71 16.66 16.54 16.53 16.51 16.47 16.60 16.61 16.56 16.33 16.16 16.56 16.51 16.35 16.16 16.04 16.43 16.16 16.53 16.60 16.68 16.81 16.72 16.67 16.76 16.71 16.72 16.80 16.81 16.83 16.76 16.84 16.80 16.79 16.78 16.80 16.76 16.71 16.62 16.83 16.74 16.79 16.75 16.77 16.81 16.79 16.80 16.77 16.75 16.73 16.82 16.81 16.79 16.82 16.81 16.68 16.68 16.65 16.74
16.67 16.73 16.73 16.66 16.64 16.64 16.64 16.78 16.70 16.77 16.83 16.77 16.80 16.84 16.82 16.78 16.86 16.87 16.76 16.61 16.50 16.57 16.54 16.54 16.54 16.49 16.62 16.44 16.43 16.49 16.19 16.35 16.30 16.23 16.53 16.31 16.34 16.69 16.72 16.80 16.66 16.70 16.73 16.70 16.76 16.79 16.81 16.76 16.76 16.82 16.79 16.73 16.72 16.71 16.63 16.71 16.63 16.80 16.76 16.72 16.76 16.80 16.73 16.75 16.71 16.66 16.73 16.68 16.76 16.72 16.80 16.78 16.73 16.67 16.70 16.67 16.71
16.67 16.73 16.73 16.73 16.66 16.69 16.69 16.76 16.81 16.80 16.72 16.75 16.74 16.78 16.77 16.78 16.77 16.80 16.79 16.61 16.54 16.56 16.50 16.49 16.53 16.59 16.54 16.54 16.56 16.55 16.46 16.50 16.64 16.74 16.63 16.54 16.68 16.77 16.74 16.74 16.76 16.75 16.75 16.71 16.78 16.73 16.77 16.76 16.74 16.76 16.74 16.74 16.75 16.70 16.64 16.63 16.67 16.71 16.67 16.65 16.71 16.72 16.72 16.70 16.66 16.68 16.60 16.59 16.67 16.73 16.73 16.68 16.68 16.66 16.65 16.62 16.65
16.67 16.67 16.73 16.73 16.66 16.66 16.76 16.74 16.81 16.69 16.64 16.69 16.67 16.69 16.72 16.68 16.71 16.71 16.72 16.67 16.55 16.56 16.51 16.53 16.60 16.51 16.38 16.34 16.50 16.54 16.52 16.57 16.60 16.62 16.72 16.69 16.67 16.74 16.80 16.76 16.75 16.75 16.81 16.78 16.79 16.75 16.78 16.76 16.77 16.79 16.75 16.69 16.67 16.66 16.65 16.62 16.63 16.60 16.59 16.62 16.72 16.72 16.74 16.64 16.61 16.68 16.59 16.56 16.66 16.74 16.67 16.67 16.67 16.64 16.64 16.62 16.65
16.67 16.67 16.73 16.73 16.73 16.76 16.77 16.72 16.76 16.62 16.55 16.64 16.65 16.68 16.68 16.73 16.70 16.64 16.59 16.55 16.60 16.59 16.54 16.51 16.52 16.27 16.07 16.40 16.49 16.54 16.53 16.43 16.54 16.68 16.67 16.66 16.63 16.66 16.73 16.72 16.76 16.73 16.79 16.76 16.75 16.73 16.74 16.69 16.70 16.71 16.71 16.73 16.70 16.68 16.68 16.64 16.64 16.66 16.63 16.66 16.70 16.68 16.78 16.64 16.71 16.67 16.53 16.65 16.72 16.66 16.66 16.64 16.67 16.63 16.64 16.63 16.68
16.67 16.67 16.75 16.75 16.73 16.75 16.72 16.72 16.71 16.55 16.49 16.60 16.61 16.66 16.68 16.67 16.68 16.59 16.58 16.57 16.60 16.66 16.52 16.56 16.55 16.43 16.40 16.65 16.61 16.59 16.50 16.54 16.66 16.68 16.68 16.70 16.66 16.56 16.70 16.69 16.72 16.70 16.74 16.68 16.71 16.68 16.74 16.72 16.73 16.71 16.75 16.75 16.74 16.73 16.68 16.60 16.59 16.63 16.65 16.65 16.67 16.63 16.61 16.64 16.69 16.70 16.64 16.68 16.66 16.64 16.67 16.69 16.60 16.62 16.68 16.69 16.71
16.60 16.71 16.71 16.73 16.71 16.74 16.66 16.66 16.57 16.44 16.43 16.55 16.56 16.66 16.65 16.66 16.60 16.54 16.58 16.60 16.65 16.64 16.56 16.49 16.45 16.46 16.49 16.58 16.53 16.56 16.48 16.43 16.62 16.66 16.65 16.65 16.65 16.61 16.61 16.64 16.66 16.65 16.62 16.74 16.72 16.66 16.68 16.68 16.68 16.71 16.70 16.61 16.60 16.69 16.66 16.63 16.58 16.57 16.64 16.67 16.68 16.67 16.63 16.68 16.69 16.65 16.64 16.63 16.68 16.66 16.68 16.68 16.56 16.65 16.67 16.69 16.69
16.71 16.70 16.71 16.71 16.70 16.72 16.66 16.62 16.47 16.39 16.44 16.44 16.57 16.65 16.63 16.61 16.52 16.56 16.55 16.61 16.64 16.63 16.64 16.52 16.43 16.48 16.41 16.44 16.49 16.49 16.49 16.38 16.50 16.59 16.61 16.61 16.60 16.58 16.58 16.61 16.70 16.67 16.64 16.60 16.68 16.66 16.69 16.67 16.66 16.67 16.59 16.54 16.55 16.65 16.70 16.68 16.62 16.61 16.62 16.64 16.66 16.64 16.62 16.67 16.65 16.65 16.65 16.65 16.62 16.67 16.68 16.58 16.53 16.56 16.64 16.63 16.58
16.73 16.69 16.70 16.71 16.69 16.66 16.62 16.61 16.52 16.51 16.46 16.47 16.51 16.61 16.61 16.60 16.54 16.54 16.57 16.58 16.58 16.52 16.50 16.45 16.45 16.39 16.44 16.41 16.42 16.50 16.54 16.41 16.46 16.54 16.52 16.57 16.57 16.52 16.57 16.56 16.61 16.75 16.69 16.67 16.64 16.67 16.69 16.65 16.66 16.63 16.56 16.57 16.53 16.63 16.73 16.62 16.52 16.56 16.52 16.58 16.63 16.62 16.60 16.62 16.60 16.64 16.62 16.62 16.61 16.64 16.63 16.61 16.56 16.58 16.61 16.57 16.61
16.68 16.67 16.67 16.66 16.65 16.63 16.57 16.59 16.52 16.50 16.42 16.54 16.61 16.62 16.60 16.57 16.51 16.50 16.54 16.55 16.47 16.44 16.36 16.40 16.38 16.33 16.38 16.43 16.48 16.43 16.42 16.45 16.45 16.41 16.41 16.45 16.50 16.51 16.54 16.52 16.58 16.69 16.66 16.63 16.65 16.64 16.64 16.65 16.56 16.60 16.54 16.64 16.51 16.57 16.62 16.53 16.52 16.56 16.56 16.54 16.55 16.66 16.63 16.62 16.60 16.58 16.60 16.59 16.59 16.62 16.61 16.59 16.56 16.51 16.53 16.52 16.48
16.65 16.64 16.63 16.62 16.61 16.63 16.58 16.58 16.57 16.46 16.45 16.56 16.59 16.58 16.56 16.50 16.46 16.47 16.48 16.47 16.35 16.35 16.36 16.37 16.31 16.28 16.48 16.41 16.35 16.45 16.40 16.35 16.39 16.41 16.41 16.47 16.45 16.47 16.52 16.53 16.60 16.60 16.59 16.62 16.62 16.63 16.62 16.59 16.55 16.58 16.55 16.61 16.53 16.55 16.49 16.50 16.53 16.52 16.55 16.52 16.59 16.65 16.60 16.62 16.58 16.59 16.59 16.61 16.55 16.58 16.55 16.58 16.53 16.51 16.47 16.46 16.48
16.63 16.62 16.60 16.59 16.58 16.59 16.56 16.54 16.50 16.46 16.53 16.56 16.56 16.54 16.52 16.54 16.53 16.53 16.42 16.34 16.37 16.45 16.44 16.39 16.25 16.25 16.37 16.32 16.38 16.36 16.37 16.28 16.28 16.32 16.42 16.40 16.37 16.43 16.49 16.51 16.54 16.53 16.59 16.59 16.57 16.60 16.60 16.58 16.52 16.52 16.56 16.52 16.47 16.53 16.52 16.50 16.50 16.55 16.55 16.50 16.54 16.53 16.59 16.62 16.59 16.60 16.57 16.59 16.58 16.48 16.50 16.60 16.53 16.46 16.40 16.48 16.44
16.61 16.60 16.58 16.58 16.57 16.57 16.54 16.51 16.48 16.41 16.48 16.51 16.49 16.51 16.53 16.51 16.54 16.53 16.50 16.36 16.37 16.44 16.45 16.42 16.17 16.30 16.33 16.26 16.28 16.26 16.33 16.26 16.29 16.26 16.30 16.30 16.36 16.43 16.42 16.50 16.47 16.51 16.56 16.58 16.55 16.58 16.56 16.58 16.59 16.58 16.54 16.57 16.50 16.53 16.51 16.51 16.53 16.56 16.57 16.52 16.52 16.58 16.57 16.60 16.57 16.55 16.48 16.55 16.59 16.50 16.48 16.53 16.58 16.45 16.44 16.46 16.50
16.56 16.56 16.56 16.57 16.57 16.54 16.52 16.50 16.50 16.44 16.51 16.50 16.50 16.50 16.51 16.42 16.48 16.51 16.52 16.46 16.46 16.45 16.49 16.41 16.34 16.41 16.45 16.37 16.34 16.32 16.35 16.22 16.16 16.30 16.37 16.26 16.31 16.31 16.35 16.40 16.43 16.51 16.49 16.53 16.54 16.54 16.54 16.55 16.58 16.56 16.53 16.54 16.50 16.52 16.56 16.51 16.59 16.57 16.53 16.46 16.54 16.52 16.56 16.55 16.52 16.47 16.51 16.52 16.51 16.48 16.49 16.46 16.46 16.49 16.47 16.48 16.44
16.54 16.53 16.53 16.53 16.53 16.51 16.51 16.51 16.50 16.44 16.48 16.44 16.47 16.49 16.45 16.44 16.43 16.39 16.48 16.47 16.49 16.51 16.50 16.48 16.51 16.52 16.50 16.45 16.44 16.44 16.46 16.31 16.21 16.22 16.31 16.23 16.23 16.22 16.27 16.32 16.39 16.44 16.45 16.46 16.48 16.52 16.51 16.53 16.54 16.55 16.55 16.53 16.45 16.47 16.50 16.55 16.55 16.55 16.46 16.44 16.45 16.51 16.46 16.52 16.48 16.50 16.48 16.55 16.53 16.46 16.51 16.49 16.49 16.48 16.48 16.50 16.41
16.52 16.53 16.51 16.52 16.52 16.48 16.50 16.48 16.44 16.40 16.34 16.33 16.42 16.46 16.47 16.47 16.47 16.44 16.45 16.44 16.46 16.49 16.49 16.49 16.48 16.51 16.50 16.47 16.42 16.44 16.40 16.39 16.39 16.27 16.20 16.14 16.10 16.16 16.22 16.23 16.23 16.27 16.40 16.49 16.50 16.48 16.49 16.46 16.46 16.51 16.49 16.49 16.37 16.36 16.42 16.42 16.45 16.52 16.51 16.47 16.38 16.47 16.39 16.47 16.51 16.47 16.50 16.52 16.52 16.44 16.42 16.45 16.44 16.45 16.46 16.43 16.46
16.49 16.48 16.50 16.51 16.49 16.48 16.48 16.47 16.40 16.43 16.33 16.29 16.35 16.42 16.44 16.46 16.44 16.37 16.36 16.43 16.51 16.53 16.47 16.45 16.48 16.48 16.49 16.47 16.42 16.43 16.43 16.39 16.36 16.34 16.24 16.10 16.03 16.02 16.25 16.23 16.24 16.31 16.40 16.48 16.47 16.47 16.46 16.44 16.41 16.42 16.36 16.43 16.36 16.35 16.42 16.37 16.37 16.36 16.39 16.41 16.37 16.35 16.42 16.40 16.44 16.43 16.45 16.39 16.43 16.44 16.35 16.43 16.37 16.31 16.39 16.40 16.48
16.48 16.46 16.46 16.47 16.47 16.47 16.47 16.45 16.44 16.40 16.35 16.38 16.39 16.44 16.44 16.43 16.41 16.38 16.40 16.41 16.44 16.44 16.41 16.41 16.41 16.37 16.44 16.45 16.44 16.40 16.40 16.41 16.38 16.32 16.28 16.22 16.12 16.11 16.19 16.16 16.24 16.33 16.30 16.36 16.45 16.46 16.45 16.44 16.39 16.41 16.42 16.42 16.42 16.43 16.42 16.34 16.32 16.33 16.34 16.40 16.39 16.48 16.44 16.45 16.39 16.42 16.43 16.37 16.39 16.41 16.40 16.33 16.30 16.17 16.26 16.39 16.37
16.47 16.45 16.44 16.44 16.43 16.44 16.43 16.44 16.43 16.40 16.33 16.38 16.39 16.40 16.41 16.40 16.39 16.39 16.37 16.36 16.27 16.30 16.29 16.35 16.34 16.32 16.29 16.41 16.40 16.43 16.41 16.38 16.39 16.35 16.34 16.30 16.26 16.31 16.22 16.17 16.21 16.32 16.30 16.30 16.35 16.43 16.43 16.42 16.36 16.41 16.41 16.41 16.40 16.37 16.39 16.38 16.32 16.32 16.32 16.39 16.38 16.42 16.49 16.42 16.45 16.43 16.41 16.33 16.33 16.30 16.32 16.28 16.13 16.31 16.31 16.41 16.31
16.47 16.43 16.41 16.42 16.43 16.42 16.39 16.42 16.41 16.39 16.35 16.37 16.37 16.35 16.34 16.38 16.37 16.39 16.38 16.36 16.36 16.33 16.28 16.26 16.32 16.33 16.32 16.35 16.37 16.36 16.34 16.38 16.38 16.36 16.34 16.32 16.30 16.28 16.20 16.30 16.23 16.25 16.25 16.17 16.01 16.19 16.30 16.39 16.41 16.39 16.39 16.42 16.40 16.37 16.27 16.38 16.32 16.27 16.32 16.38 16.37 16.40 16.42 16.44 16.41 16.41 16.36 16.33 16.33 16.30 16.32 16.21 16.25 16.28 16.29 16.36 16.37
16.42 16.43 16.41 16.41 16.40 16.39 16.37 16.38 16.38 16.39 16.40 16.39 16.37 16.35 16.37 16.36 16.38 16.36 16.37 16.37 16.36 16.36 16.36 16.35 16.33 16.32 16.31 16.33 16.33 16.30 16.28 16.33 16.33 16.33 16.32 16.30 16.23 16.02 16.24 16.35 16.28 16.33 16.27 16.24 16.15 16.11 16.24 16.35 16.37 16.37 16.33 16.32 16.38 16.40 16.35 16.38 16.30 16.27 16.29 16.33 16.38 16.38 16.36 16.37 16.38 16.40 16.35 16.27 16.32 16.30 16.25 16.13 16.14 16.17 16.20 16.28 16.28
16.38 16.38 16.39 16.37 16.38 16.36 16.36 16.37 16.37 16.36 16.37 16.34 16.32 16.31 16.35 16.34 16.34 16.35 16.35 16.34 16.29 16.32 16.34 16.35 16.33 16.32 16.29 16.27 16.30 16.26 16.22 16.27 16.30 16.30 16.30 16.31 16.30 16.25 16.28 16.27 16.28 16.32 16.31 16.31 16.30 16.26 16.27 16.27 16.30 16.32 16.16 16.25 16.33 16.37 16.30 16.33 16.38 16.31 16.21 16.27 16.34 16.39 16.32 16.31 16.33 16.36 16.29 16.28 16.29 16.33 16.13 16.07 16.08 16.13 16.18 16.31 16.27
