BOM_solar_grid_data_201906/2019062420190624.grid
ncols 839
nrows 679
xllcenter 112.0500
yllcenter -43.9500
cellsize 0.0500
nodata_value 99999.90
[rows 340 to 373 of 679, columns 462 to 538 of 839]
11.23 11.66 11.79 12.10 12.88 12.80 12.36 11.93 11.35 10.63 11.32 11.19 11.88 12.07 11.39 11.68 12.64 12.13 11.57 11.25 11.62 12.72 13.15 13.00 12.47 12.33 12.08 12.05 11.48 10.56 10.37 9.80 10.28 11.05 10.88 11.97 11.71 12.36 12.45 12.61 12.62 12.75 12.27 12.59 12.34 12.78 13.01 12.72 13.09 12.71 12.57 13.38 12.86 12.53 13.17 13.08 13.36 13.04 13.25 13.10 13.71 13.82 13.73 13.27 12.89 12.50 13.54 13.32 13.42 13.28 12.64 12.92 13.23 13.80 13.95 13.85 13.51
10.90 11.58 12.35 12.28 12.12 12.18 11.46 11.77 11.83 11.68 11.12 10.38 11.33 10.76 11.07 11.77 11.74 11.97 11.02 11.19 11.59 12.55 12.35 12.48 11.97 11.92 11.91 11.82 11.15 10.15 9.75 9.62 10.47 11.58 11.87 11.72 12.28 12.06 12.33 12.59 12.35 12.39 12.16 12.31 12.92 13.65 13.31 13.05 13.31 13.21 12.78 13.04 12.96 13.26 13.05 12.67 12.60 12.64 13.11 13.27 13.32 13.50 13.47 13.35 13.55 12.70 13.48 12.80 13.16 13.08 12.59 13.33 13.79 13.77 13.73 13.19 13.37
11.24 12.42 12.20 11.33 11.76 11.66 11.64 11.53 11.43 11.44 10.04 9.76 9.93 10.64 10.59 11.03 11.26 11.52 11.07 11.45 11.45 12.15 12.24 12.42 12.41 12.32 11.95 11.17 10.96 10.11 10.15 10.39 11.17 11.65 11.26 12.38 12.32 11.82 13.00 12.98 12.53 12.18 12.50 13.30 13.45 13.28 12.75 12.32 12.53 12.51 12.74 12.90 12.91 12.53 11.88 12.04 12.59 12.94 13.39 13.48 13.31 13.32 13.62 13.60 13.56 13.54 13.90 13.90 13.71 12.98 13.22 13.82 13.69 13.45 13.21 13.00 13.65
11.70 11.59 11.59 11.39 11.57 11.49 10.89 10.33 10.57 10.87 9.29 9.05 9.95 10.45 10.42 10.14 10.40 10.59 10.33 11.43 11.82 12.47 11.86 11.86 12.83 12.37 11.57 11.40 11.21 11.37 10.54 10.46 10.32 10.21 11.17 11.91 11.80 11.88 12.39 12.88 12.19 13.20 13.53 13.16 12.63 12.41 12.39 12.24 12.49 13.11 12.28 11.96 12.00 12.11 11.12 12.23 12.84 12.60 13.40 13.95 13.68 13.51 13.43 13.46 13.92 13.89 13.97 13.83 13.24 13.34 13.47 13.35 13.41 13.46 13.33 13.73 13.95
11.37 11.06 11.26 10.86 10.80 10.90 9.59 9.90 10.79 9.91 9.70 9.92 10.30 9.77 9.99 9.36 10.24 10.10 10.92 11.18 11.81 12.20 11.82 11.38 12.23 11.25 10.99 11.64 11.69 10.55 9.88 10.24 10.46 11.17 11.89 11.79 11.47 11.62 12.45 12.77 12.96 13.46 13.50 13.34 12.62 12.78 12.59 12.18 12.74 12.60 11.35 11.06 11.40 12.13 12.67 12.61 12.76 12.89 13.81 13.64 13.63 13.17 13.04 13.52 13.71 13.88 13.46 12.88 12.37 13.10 13.33 13.37 13.33 13.63 13.71 13.62 13.67
10.56 10.24 11.42 11.08 9.89 10.01 9.21 10.36 10.93 9.96 9.89 10.26 10.35 9.75 8.81 9.11 9.90 10.13 10.37 10.36 11.49 12.25 11.73 11.97 12.11 11.13 10.37 10.63 10.85 9.87 10.20 10.06 10.61 11.36 11.00 10.76 11.62 11.81 12.66 12.73 12.83 13.21 12.94 12.68 12.70 12.95 12.00 11.39 11.51 11.72 12.01 12.04 11.55 12.96 13.24 13.09 12.73 12.60 12.88 12.84 12.82 12.74 12.78 13.51 13.90 13.45 13.63 12.85 12.36 13.52 13.85 13.48 13.49 13.60 13.83 13.62 13.67
10.20 10.37 11.08 10.76 10.50 10.00 9.79 9.89 10.37 9.46 9.14 10.11 9.99 8.96 8.74 9.24 9.76 9.86 10.72 11.24 11.45 11.97 11.93 12.10 11.98 11.12 9.88 9.94 10.85 10.09 10.72 10.32 10.36 11.21 11.12 10.92 11.62 11.36 12.63 13.02 13.03 12.61 12.46 12.79 12.91 12.01 11.65 11.33 11.57 12.44 13.12 12.89 13.09 13.16 13.09 13.04 12.63 12.49 12.76 12.72 12.73 13.17 13.40 14.00 13.96 13.44 13.20 13.00 12.84 13.96 13.68 13.78 13.65 13.91 13.78 13.64 13.76
10.15 10.37 9.83 10.16 10.55 9.93 9.94 9.27 9.27 9.51 9.42 9.26 9.54 9.47 9.66 9.90 10.80 11.15 11.07 10.92 10.78 11.33 11.34 11.52 11.23 11.21 10.57 10.34 11.28 10.69 10.88 10.43 10.45 10.35 10.96 11.35 11.65 12.68 13.46 12.95 12.72 12.59 12.29 12.24 12.23 11.77 11.04 11.03 11.30 12.57 12.69 12.19 13.32 13.22 13.12 13.05 12.90 12.95 12.97 12.64 13.06 13.20 13.50 13.73 13.64 13.37 13.29 13.50 13.62 13.92 13.83 13.70 13.71 13.82 13.71 13.65 13.75
9.70 10.13 9.63 9.22 9.38 9.49 8.88 8.49 8.58 9.94 10.05 9.26 10.06 9.93 9.95 9.93 11.03 10.47 10.69 10.90 10.00 9.90 11.00 11.32 11.51 11.03 11.20 10.59 10.24 10.84 11.38 10.94 10.82 10.07 10.74 12.24 13.01 12.99 12.88 12.74 12.48 12.52 12.67 12.64 11.50 11.31 11.22 11.44 11.03 11.75 12.21 12.23 12.21 12.63 12.72 12.28 11.87 12.48 13.10 13.07 12.91 13.19 13.44 13.50 13.17 13.15 13.17 13.61 13.55 13.59 13.25 13.45 13.51 13.38 13.28 13.19 13.22
9.24 9.46 8.93 8.37 8.79 8.59 8.69 9.37 8.75 8.84 9.08 9.22 9.48 9.78 10.22 10.46 10.62 10.25 9.88 10.47 9.78 10.83 11.27 11.10 10.95 10.50 11.30 10.05 9.13 10.44 11.01 11.34 10.67 11.26 12.07 12.51 12.95 12.71 12.20 11.45 11.76 12.44 12.22 11.78 11.20 11.45 11.44 11.64 10.89 12.16 11.95 11.99 12.06 11.94 12.81 12.98 12.64 12.35 12.87 12.98 13.05 13.01 13.24 13.22 13.17 13.28 13.79 13.85 13.50 13.25 12.46 12.89 13.07 13.02 13.18 12.72 12.62
9.73 9.19 8.83 8.61 8.98 9.02 8.90 9.12 9.40 8.71 8.79 9.44 9.45 9.48 10.44 10.76 10.93 10.87 10.71 10.54 10.43 10.78 10.67 9.70 10.41 10.26 10.35 9.05 8.93 10.04 9.88 9.66 10.13 11.84 11.81 11.95 11.58 11.07 11.08 10.58 10.89 11.28 11.27 11.37 11.51 12.05 12.46 11.78 10.96 11.27 11.07 11.18 12.16 12.46 12.49 12.79 12.21 12.29 12.98 13.00 12.75 12.80 12.78 13.11 13.55 13.60 13.83 13.82 13.69 13.52 13.31 13.04 13.54 13.13 12.62 13.01 13.05
9.04 9.19 9.06 8.99 9.01 8.97 9.34 9.39 8.69 8.57 9.13 9.57 9.42 9.80 9.98 10.30 10.64 10.15 10.44 9.59 9.80 9.67 9.00 8.62 9.74 10.15 9.51 9.08 9.48 10.71 11.51 10.54 10.88 11.27 10.73 10.91 10.84 10.83 10.15 10.32 10.51 10.33 10.85 11.88 11.63 11.35 11.26 11.31 11.59 11.32 11.00 11.82 11.82 11.82 12.45 12.27 12.44 12.46 12.62 12.11 12.43 12.42 12.39 12.93 13.06 13.35 13.44 13.30 13.43 13.24 13.39 13.25 13.00 12.79 12.76 12.98 12.97
8.47 9.08 8.58 8.01 8.25 8.72 9.68 9.24 8.90 8.97 9.12 9.68 9.99 10.77 9.84 8.63 8.94 8.99 8.90 8.91 8.66 9.13 9.78 9.74 10.27 9.78 9.39 9.83 10.14 10.84 10.78 10.80 10.92 10.68 10.49 10.79 10.32 9.71 9.93 10.26 10.19 10.10 10.88 11.36 11.52 11.05 11.69 11.74 11.54 11.65 11.54 11.31 12.02 12.99 12.89 13.12 12.25 12.28 11.88 12.08 12.18 12.41 12.41 12.51 13.12 13.63 13.25 13.18 13.08 13.12 12.81 12.74 12.81 12.55 12.39 12.60 12.56
8.70 8.43 8.15 7.49 7.89 9.04 9.59 9.11 8.85 9.33 10.25 10.09 10.05 9.00 8.69 8.55 8.41 8.18 8.37 8.60 8.65 9.34 9.37 9.49 9.85 9.57 9.32 9.47 10.24 9.83 10.45 10.34 9.94 9.76 9.90 10.54 9.69 9.23 9.46 9.92 10.33 10.53 10.79 11.91 11.93 12.12 11.93 12.09 11.90 12.58 12.43 12.32 12.84 13.28 12.79 12.10 11.74 11.18 11.60 12.04 12.12 12.32 12.60 12.50 12.71 13.16 13.11 13.32 13.23 13.32 13.13 12.96 12.44 12.19 12.45 13.03 12.69
8.39 9.04 8.33 8.19 7.72 7.90 8.11 9.41 9.73 9.22 9.13 9.37 8.69 8.56 8.67 8.55 7.87 7.61 7.99 8.08 8.46 8.99 9.04 9.26 9.84 9.95 9.46 9.80 10.39 10.32 9.64 9.54 9.31 10.16 10.59 10.04 9.91 9.75 9.98 10.02 10.46 10.65 11.65 11.76 11.65 12.46 12.48 12.14 11.60 12.02 12.21 12.01 12.08 12.32 12.38 11.63 11.07 10.95 11.83 11.87 11.91 12.29 12.24 12.25 12.62 12.79 12.91 13.11 13.31 13.50 13.41 13.43 13.48 13.47 13.36 13.13 12.83
8.03 8.04 7.82 8.33 8.82 8.28 8.72 9.11 8.84 8.66 8.57 8.25 7.77 8.03 8.32 8.15 8.41 8.26 8.25 8.30 8.41 9.21 9.53 9.65 10.13 10.28 10.36 10.73 9.98 9.78 9.96 9.48 9.84 10.49 10.52 10.00 10.47 9.61 8.87 9.42 10.80 11.11 10.70 11.12 11.37 11.52 11.31 11.12 11.28 11.65 11.94 11.72 11.70 11.93 11.82 11.19 11.56 11.65 11.92 11.41 11.65 11.79 12.25 12.19 12.30 12.90 13.02 12.93 13.05 12.90 12.73 12.82 12.98 13.29 13.24 13.25 12.90
8.13 8.42 8.24 9.27 10.03 9.72 9.59 9.39 8.84 8.69 8.75 8.40 8.15 8.45 8.38 8.45 8.15 8.22 8.51 8.45 8.99 9.74 10.32 9.69 9.64 10.01 9.94 10.01 9.92 9.75 9.43 9.55 9.98 10.24 10.32 10.32 10.29 9.62 9.13 9.65 10.57 10.70 10.00 10.34 10.48 10.66 10.91 11.12 10.92 10.92 11.08 11.77 12.12 12.36 11.70 11.45 11.84 11.92 11.91 12.06 12.29 12.53 12.54 12.18 12.74 13.00 12.87 12.48 12.72 12.67 12.93 13.02 13.07 12.92 13.25 12.88 12.70
8.17 8.36 8.58 8.95 9.59 9.91 9.77 9.33 9.26 9.24 9.17 9.14 9.40 9.06 8.59 8.37 8.25 8.49 8.50 8.81 8.98 9.46 9.06 9.00 8.96 9.43 9.92 10.00 10.22 10.27 9.54 9.23 9.78 10.36 10.83 10.53 10.16 10.38 9.21 9.20 9.97 9.98 9.96 9.77 10.40 12.07 12.21 11.47 11.34 11.59 11.75 11.95 12.03 12.31 12.50 11.86 11.97 12.17 12.14 12.72 12.96 13.04 12.78 12.51 12.68 13.07 12.85 12.43 12.82 12.93 13.01 13.23 12.99 13.23 13.38 13.37 12.76
7.38 7.90 8.01 7.95 8.21 8.53 8.43 8.62 8.78 8.97 8.76 8.17 8.61 8.16 8.33 8.40 8.03 8.67 7.78 7.73 8.47 8.76 8.85 8.22 8.53 9.48 9.79 9.89 10.16 9.67 9.22 9.58 9.54 10.11 10.79 10.84 10.21 10.16 8.73 8.92 9.69 10.55 10.59 11.23 12.22 12.66 12.23 12.14 12.19 12.30 12.40 12.14 11.75 12.31 13.03 13.10 13.18 13.09 12.33 12.38 12.75 12.90 12.89 12.35 12.51 13.07 12.79 12.62 12.82 12.87 12.93 13.58 13.43 13.24 13.20 12.98 13.09
7.66 8.06 7.63 7.56 7.42 7.60 8.16 8.74 8.64 8.88 8.31 8.34 8.47 8.30 7.69 8.23 8.86 8.70 8.34 8.29 8.27 8.37 8.71 8.80 8.92 8.59 8.72 9.00 9.03 8.83 8.88 9.74 9.64 9.55 10.16 9.15 9.08 8.84 8.43 9.42 10.64 10.84 11.29 11.80 12.07 11.84 10.90 11.99 12.52 12.47 11.91 11.68 12.20 12.51 12.30 12.36 13.27 12.36 12.42 11.93 12.59 12.99 13.34 13.35 13.01 12.96 13.29 13.20 13.20 12.75 12.72 13.10 13.02 12.93 13.10 12.94 12.83
8.31 8.16 8.23 8.03 7.65 7.61 7.77 7.40 7.80 8.38 8.35 8.64 8.42 8.16 8.25 8.65 7.78 7.56 7.74 8.18 8.26 8.59 9.14 9.09 8.99 9.13 9.09 8.74 8.50 8.13 8.54 9.31 9.36 9.36 9.27 8.72 8.89 10.01 9.01 9.42 9.90 9.77 11.01 11.32 11.07 11.26 11.70 12.53 12.63 12.05 11.57 11.50 12.32 12.71 13.03 12.85 12.19 12.58 11.74 11.36 12.20 12.43 11.90 11.91 12.55 12.66 12.56 12.50 12.60 12.33 12.17 13.09 13.20 12.95 12.77 12.67 12.59
8.06 8.02 7.81 7.23 7.16 7.52 6.73 6.65 7.28 7.27 7.53 8.46 8.49 7.89 7.85 8.00 8.66 8.47 7.41 7.85 8.33 8.61 8.92 9.04 8.40 8.47 8.26 7.95 8.25 8.68 9.21 9.40 9.63 9.40 9.64 10.02 10.34 10.25 10.12 10.17 10.28 10.25 10.73 10.80 10.93 11.05 11.47 12.03 11.58 10.79 10.64 11.65 12.06 12.41 12.49 12.56 12.64 12.72 12.44 12.58 11.78 11.55 11.43 11.99 12.52 12.10 12.02 11.67 11.26 11.82 12.14 12.79 12.94 12.83 12.83 12.72 12.72
7.80 8.42 7.34 6.23 6.40 6.96 6.69 7.27 6.57 6.65 7.10 7.43 7.30 7.20 7.44 8.03 8.16 8.51 8.41 8.82 8.49 8.76 8.76 8.91 8.49 8.49 8.60 8.61 8.69 8.85 9.09 8.94 8.48 8.95 9.96 10.52 10.72 10.70 10.96 10.70 11.27 11.19 10.78 10.57 10.94 10.90 11.31 11.30 11.00 11.57 10.91 10.96 11.73 12.18 12.48 12.12 12.68 12.89 12.89 12.63 12.17 12.10 12.59 12.40 12.40 12.28 12.11 12.02 11.87 11.89 12.07 12.38 12.45 12.39 12.34 12.31 12.57
7.68 7.56 6.49 6.97 7.07 6.62 6.94 6.96 6.39 6.04 6.30 6.97 6.91 7.36 7.62 7.78 8.07 7.70 8.36 8.34 8.21 7.88 8.06 7.99 7.96 8.83 8.95 8.62 8.92 8.72 8.25 8.20 8.46 9.60 10.85 10.90 11.00 11.40 10.66 9.70 9.51 9.84 9.31 9.87 10.21 10.03 10.00 11.00 11.20 11.52 11.87 11.92 11.94 12.33 12.24 11.81 11.95 11.88 12.21 12.21 12.27 11.77 12.26 12.05 11.88 12.20 12.05 12.24 12.08 11.67 11.67 12.30 12.58 12.44 12.53 12.69 12.61
7.52 6.57 6.50 6.68 6.42 6.29 6.08 6.33 7.13 6.89 7.03 6.97 7.23 8.12 8.49 7.85 7.87 8.40 8.40 7.64 7.18 7.74 7.90 7.99 8.29 8.75 8.71 8.48 8.40 8.37 8.59 9.26 9.66 9.86 10.22 10.14 10.35 10.70 10.06 9.09 9.50 9.55 9.59 9.44 9.82 9.94 9.75 10.65 11.72 12.01 11.87 12.02 12.48 11.85 11.64 11.24 11.20 10.97 11.50 11.80 11.54 11.56 11.60 11.38 11.64 12.13 12.25 12.19 11.67 11.77 12.51 12.74 12.46 12.29 12.43 12.60 12.59
7.80 7.55 7.07 7.49 6.59 6.82 6.28 6.85 7.55 7.77 6.96 7.15 7.18 7.73 8.63 8.13 7.99 7.80 7.67 7.35 7.53 8.56 8.34 8.39 8.68 8.57 8.24 8.23 7.93 8.46 8.81 9.76 9.68 9.11 9.40 9.81 10.41 10.36 10.11 8.91 9.38 9.93 9.80 9.03 9.39 10.08 9.94 9.96 11.29 11.18 10.98 11.11 11.75 11.86 11.92 11.49 10.98 11.58 12.09 11.94 11.64 11.82 11.76 11.83 12.24 12.82 12.52 11.83 12.08 12.41 12.71 12.56 12.18 12.48 12.63 12.80 12.88
7.92 7.88 7.21 7.48 6.94 7.25 7.29 8.14 8.75 8.69 7.58 7.05 6.69 7.86 8.33 8.22 7.92 7.42 7.08 7.40 8.06 8.64 9.19 9.68 9.58 9.00 8.64 8.72 9.02 8.87 9.38 9.39 8.83 8.31 8.80 9.29 9.43 9.99 10.03 9.08 10.00 10.12 9.95 9.57 9.07 9.84 9.75 9.77 10.27 10.21 10.43 10.86 10.71 11.37 11.26 10.82 11.16 11.36 11.52 11.63 12.09 12.21 12.25 12.42 12.90 13.08 12.75 12.31 12.54 12.76 12.73 12.55 12.27 12.29 12.68 13.08 13.17
7.61 7.46 7.20 6.75 6.63 7.55 7.25 7.09 7.35 7.65 7.94 7.86 8.52 8.27 8.24 8.65 8.29 7.08 7.31 8.27 8.64 8.57 8.37 8.31 8.62 8.91 9.36 9.47 8.86 8.79 9.13 9.09 8.70 8.83 9.39 9.43 9.14 9.32 9.69 9.15 10.10 9.78 10.01 9.79 9.14 9.40 9.14 9.65 10.36 10.24 10.64 11.22 11.36 10.92 11.13 10.76 11.37 11.84 12.01 12.02 12.00 11.96 12.81 12.97 13.18 13.26 13.11 12.86 12.98 13.07 12.76 12.62 12.82 12.83 13.05 13.09 13.00
7.04 6.96 6.50 6.69 6.47 6.76 6.46 6.12 6.16 7.14 7.45 7.87 7.52 7.63 7.86 7.77 7.56 7.25 7.46 8.28 8.26 7.62 6.74 7.31 7.82 8.09 9.13 9.01 8.71 8.83 8.85 8.84 8.41 8.68 9.25 9.51 9.65 9.92 9.49 8.80 9.44 10.09 10.28 9.19 8.84 9.35 9.50 9.66 10.62 11.19 11.35 11.24 11.58 11.56 11.52 11.40 11.37 11.51 11.60 11.68 11.77 11.65 12.20 13.10 13.19 13.25 13.09 12.43 12.67 12.87 12.71 12.26 12.40 12.61 12.81 12.27 12.27
7.13 7.00 6.98 6.94 6.88 6.41 6.21 6.68 6.91 6.95 7.09 7.41 7.39 7.56 7.26 7.29 7.52 7.98 7.71 7.79 7.09 7.08 6.95 7.21 7.59 8.71 9.01 8.47 7.85 8.06 8.36 8.46 8.30 8.61 8.75 9.33 9.48 9.55 8.70 8.64 9.46 10.11 10.17 9.25 9.43 9.84 9.70 10.17 11.63 11.50 11.78 11.87 11.80 12.49 12.47 12.09 11.88 12.09 11.69 11.52 11.77 12.13 12.35 12.96 12.84 12.73 12.07 12.19 12.21 12.26 12.15 11.74 12.16 11.86 12.12 11.46 12.16
7.35 7.30 7.18 7.33 7.59 7.35 6.58 6.98 7.85 7.75 7.85 8.13 7.76 7.38 7.20 7.51 7.75 7.89 8.20 7.66 7.43 8.04 7.71 8.25 9.23 8.68 8.33 8.23 7.97 8.02 8.15 8.68 9.16 9.24 9.72 9.81 9.64 10.36 8.99 9.18 9.75 9.98 9.61 9.24 9.45 9.52 9.75 11.04 11.92 11.80 12.11 11.99 11.60 12.20 12.41 12.22 12.02 11.95 11.94 11.61 11.83 12.36 12.54 12.68 12.52 12.42 12.20 12.24 12.05 12.30 11.88 11.92 11.95 11.93 11.29 11.18 12.09
7.47 6.37 6.77 6.91 6.93 6.59 7.35 8.36 8.28 8.23 8.23 7.94 7.58 7.38 7.67 7.55 7.50 7.03 6.48 6.84 7.49 7.52 7.88 8.42 8.19 7.84 7.85 8.41 7.80 8.07 8.92 9.40 9.74 9.27 9.41 9.59 9.02 10.23 8.11 8.55 9.50 9.38 9.34 9.60 9.60 10.09 10.88 11.74 11.76 11.49 11.24 11.68 11.40 11.28 11.07 11.07 11.68 11.56 11.44 11.31 11.75 11.99 11.85 12.03 12.21 12.29 12.37 12.20 11.91 12.14 11.95 11.67 11.51 11.67 11.39 11.42 11.82
7.92 7.63 6.58 6.38 6.75 7.74 8.21 8.53 8.18 8.15 7.94 8.26 7.79 7.26 7.73 7.44 7.23 6.63 6.14 6.26 7.20 7.88 7.60 7.68 8.07 8.03 8.04 7.90 7.76 8.07 8.86 9.27 9.66 8.75 8.73 9.03 8.88 9.67 8.18 8.29 9.06 9.31 10.08 10.27 10.76 11.27 11.44 11.21 11.59 11.81 11.27 11.52 10.44 10.36 10.81 11.25 11.71 11.92 11.96 11.71 11.77 11.68 11.75 12.17 11.83 11.70 11.91 11.73 11.91 11.92 11.61 11.35 11.49 11.69 11.80 11.72 12.18
7.75 7.73 7.89 7.30 7.63 7.92 8.16 7.91 8.16 7.68 8.42 9.04 8.48 7.77 8.42 7.79 7.64 7.05 7.73 8.36 8.05 8.12 7.74 8.62 8.76 8.26 8.05 8.68 8.65 8.90 8.79 9.04 9.32 9.47 9.55 9.13 9.52 10.30 9.17 9.46 9.53 10.02 10.37 10.59 10.80 10.41 11.26 11.87 11.46 10.97 10.70 11.23 10.14 9.98 11.08 11.51 11.62 11.25 11.23 11.36 11.44 11.73 11.67 11.28 11.10 11.88 11.50 11.49 11.53 11.48 11.28 11.59 11.41 11.70 11.79 12.02 12.75
