BOM_solar_grid_data_201906/2019061520190615.grid
ncols 839
nrows 679
xllcenter 112.0500
yllcenter -43.9500
cellsize 0.0500
nodata_value 99999.90
[rows 68 to 101 of 679, columns 231 to 307 of 839]
99999.90 99999.90 99999.90 99999.90 99999.90 99999.90 99999.90 99999.90 99999.90 99999.90 99999.90 99999.90 99999.90 99999.90 99999.90 99999.90 99999.90 99999.90 99999.90 99999.90 99999.90 99999.90 99999.90 99999.90 99999.90 99999.90 99999.90 99999.90 99999.90 99999.90 99999.90 99999.90 99999.90 99999.90 99999.90 99999.90 99999.90 99999.90 99999.90 99999.90 18.78 18.78 18.78 18.78 18.78 18.78 18.78 18.78 18.78 18.78 18.78 18.78 18.78 18.78 18.78 18.78 19.21 19.21 19.21 19.21 19.21 19.21 19.21 19.21 19.21 19.21 18.99 19.19 19.19 19.19 19.19 19.19 19.19 19.19 19.19 19.68 19.68
99999.90 99999.90 99999.90 99999.90 99999.90 99999.90 99999.90 99999.90 99999.90 99999.90 99999.90 99999.90 99999.90 99999.90 99999.90 99999.90 99999.90 99999.90 99999.90 99999.90 99999.90 99999.90 99999.90 99999.90 99999.90 99999.90 99999.90 99999.90 99999.90 99999.90 99999.90 99999.90 99999.90 99999.90 99999.90 99999.90 99999.90 99999.90 99999.90 99999.90 18.78 18.78 18.78 18.78 18.78 18.78 18.78 18.78 18.78 18.78 18.78 18.78 18.78 18.78 18.78 18.78 19.21 19.21 19.21 19.21 19.21 19.21 19.21 19.21 19.21 19.21 18.99 19.19 19.19 19.19 19.19 19.19 19.19 19.19 19.66 19.68 19.68
99999.90 99999.90 99999.90 99999.90 99999.90 99999.90 99999.90 99999.90 99999.90 99999.90 99999.90 99999.90 99999.90 99999.90 99999.90 99999.90 99999.90 99999.90 99999.90 99999.90 99999.90 99999.90 99999.90 99999.90 99999.90 99999.90 99999.90 99999.90 99999.90 99999.90 99999.90 99999.90 99999.90 99999.90 99999.90 99999.90 99999.90 99999.90 19.28 19.28 18.78 18.78 18.78 18.78 18.78 18.78 18.78 18.78 18.78 18.78 18.78 18.78 18.78 18.78 18.78 18.78 19.21 19.21 19.21 19.21 19.21 19.21 19.21 19.21 19.21 19.21 18.99 19.19 19.19 19.19 19.19 19.19 19.19 19.19 19.66 19.68 19.68
99999.90 99999.90 99999.90 99999.90 99999.90 99999.90 99999.90 99999.90 99999.90 99999.90 99999.90 99999.90 99999.90 99999.90 99999.90 99999.90 99999.90 99999.90 99999.90 99999.90 99999.90 99999.90 99999.90 99999.90 99999.90 99999.90 99999.90 99999.90 99999.90 99999.90 99999.90 99999.90 99999.90 99999.90 99999.90 99999.90 99999.90 99999.90 19.28 19.28 19.28 18.78 18.78 18.78 18.78 18.78 18.78 18.78 18.78 18.78 18.78 18.78 18.78 18.78 18.78 18.78 19.21 19.21 19.21 19.21 19.21 19.21 19.21 19.21 19.21 19.21 18.99 19.19 19.19 19.19 19.19 19.19 19.19 19.66 19.66 19.68 19.68
99999.90 99999.90 99999.90 99999.90 99999.90 99999.90 99999.90 99999.90 99999.90 99999.90 99999.90 99999.90 99999.90 99999.90 99999.90 99999.90 99999.90 99999.90 99999.90 99999.90 99999.90 99999.90 99999.90 99999.90 99999.90 99999.90 99999.90 99999.90 99999.90 99999.90 99999.90 99999.90 99999.90 99999.90 99999.90 99999.90 99999.90 99999.90 19.28 19.28 19.28 19.28 18.78 18.78 18.78 18.78 18.78 18.78 18.78 18.78 18.78 18.78 18.78 18.78 18.78 18.78 19.40 19.21 19.21 19.21 19.21 19.21 19.21 19.21 19.21 19.21 18.99 19.19 19.19 19.19 19.19 19.19 19.31 19.66 19.66 19.68 19.68
99999.90 99999.90 99999.90 99999.90 99999.90 99999.90 99999.90 99999.90 99999.90 99999.90 99999.90 99999.90 99999.90 99999.90 99999.90 99999.90 99999.90 99999.90 99999.90 99999.90 99999.90 99999.90 99999.90 99999.90 99999.90 99999.90 99999.90 99999.90 99999.90 99999.90 99999.90 99999.90 99999.90 99999.90 99999.90 99999.90 99999.90 99999.90 19.28 19.28 19.28 19.28 19.28 18.78 18.78 18.78 18.78 18.78 18.78 18.78 18.78 18.78 18.78 18.78 18.78 18.78 19.40 18.84 19.21 19.21 19.21 19.21 19.21 19.21 19.21 19.21 18.99 19.19 19.19 19.19 19.19 19.31 19.31 19.66 19.66 19.68 19.68
99999.90 99999.90 99999.90 99999.90 99999.90 99999.90 99999.90 99999.90 99999.90 99999.90 99999.90 99999.90 99999.90 99999.90 99999.90 99999.90 99999.90 99999.90 99999.90 99999.90 99999.90 99999.90 99999.90 99999.90 99999.90 99999.90 99999.90 99999.90 99999.90 99999.90 99999.90 99999.90 99999.90 99999.90 99999.90 99999.90 99999.90 99999.90 19.28 19.28 19.28 19.28 19.28 19.28 18.78 18.78 18.78 18.78 18.78 18.78 18.78 18.78 18.78 18.78 18.78 19.40 19.40 18.84 19.21 19.21 19.21 19.21 19.21 19.21 19.21 19.21 18.99 19.19 19.19 19.19 19.31 19.31 19.66 19.66 19.66 19.68 19.68
99999.90 99999.90 99999.90 99999.90 99999.90 99999.90 99999.90 99999.90 99999.90 99999.90 99999.90 99999.90 99999.90 99999.90 99999.90 99999.90 99999.90 99999.90 99999.90 99999.90 99999.90 99999.90 99999.90 99999.90 99999.90 99999.90 99999.90 99999.90 99999.90 99999.90 19.32 19.32 19.32 19.32 19.32 19.32 19.32 19.32 19.32 19.32 19.28 19.28 19.28 19.28 19.28 18.78 18.78 18.78 18.78 18.78 18.78 18.78 18.78 18.78 18.78 19.40 19.40 18.84 18.84 19.21 19.21 19.21 19.21 19.21 19.21 19.21 18.99 19.19 19.19 19.31 19.31 19.64 19.66 19.66 19.66 19.68 19.68
99999.90 99999.90 99999.90 99999.90 99999.90 99999.90 99999.90 99999.90 99999.90 99999.90 99999.90 99999.90 99999.90 99999.90 99999.90 99999.90 99999.90 99999.90 99999.90 99999.90 99999.90 99999.90 99999.90 99999.90 99999.90 99999.90 99999.90 99999.90 99999.90 99999.90 19.32 19.32 19.32 19.32 19.32 19.32 19.32 19.32 19.32 19.32 19.28 19.28 19.28 19.28 19.28 19.28 18.78 18.78 18.78 18.78 18.78 18.78 18.78 18.78 18.78 19.40 19.40 18.84 18.84 18.84 18.71 18.71 18.71 18.71 18.71 17.93 18.15 18.70 19.31 19.31 19.64 19.64 19.66 19.66 19.66 19.68 19.68
99999.90 99999.90 99999.90 99999.90 99999.90 99999.90 99999.90 99999.90 99999.90 99999.90 99999.90 99999.90 99999.90 99999.90 99999.90 99999.90 99999.90 99999.90 99999.90 99999.90 99999.90 99999.90 99999.90 99999.90 99999.90 99999.90 99999.90 99999.90 99999.90 99999.90 19.32 19.32 19.32 19.32 19.32 19.32 19.32 19.32 19.32 19.32 19.32 19.28 19.28 19.28 19.28 19.28 19.28 18.78 18.78 18.78 18.78 18.78 18.78 18.78 19.40 19.40 19.40 18.84 18.84 18.84 18.71 18.71 18.71 18.71 18.71 19.10 18.41 18.42 19.19 19.64 19.64 19.64 19.66 19.66 19.66 19.68 19.68
99999.90 99999.90 99999.90 99999.90 99999.90 99999.90 99999.90 99999.90 99999.90 99999.90 99999.90 99999.90 99999.90 99999.90 99999.90 99999.90 99999.90 99999.90 99999.90 99999.90 99999.90 99999.90 99999.90 99999.90 99999.90 99999.90 99999.90 99999.90 99999.90 99999.90 19.32 19.32 19.32 19.32 19.32 19.32 19.32 19.32 19.32 19.32 19.32 18.68 19.28 19.28 19.28 19.28 19.28 19.28 18.78 18.78 18.78 18.78 18.78 17.37 19.40 19.40 19.40 18.84 18.84 18.84 18.84 19.55 19.60 19.60 19.62 19.62 19.37 18.78 19.24 19.62 19.62 19.67 19.66 19.66 19.66 19.68 19.68
99999.90 99999.90 99999.90 99999.90 99999.90 99999.90 99999.90 99999.90 99999.90 99999.90 99999.90 99999.90 99999.90 99999.90 99999.90 99999.90 99999.90 99999.90 99999.90 99999.90 99999.90 18.67 18.67 18.67 18.67 18.67 18.67 18.67 18.67 18.67 18.67 18.67 19.32 19.32 19.32 19.32 19.32 19.32 19.32 19.32 19.32 18.68 19.28 19.28 19.28 19.28 19.28 19.28 19.28 18.25 18.78 17.37 17.37 17.37 19.40 19.40 19.40 18.84 18.84 18.84 18.84 19.55 19.55 19.60 19.60 19.63 19.67 19.21 19.17 19.49 19.65 19.67 19.66 19.61 19.63 19.68 19.63
99999.90 99999.90 99999.90 99999.90 99999.90 99999.90 99999.90 99999.90 99999.90 99999.90 99999.90 99999.90 99999.90 99999.90 99999.90 99999.90 99999.90 99999.90 99999.90 99999.90 99999.90 18.67 18.67 18.67 18.67 18.67 18.67 18.67 18.67 18.67 18.67 18.67 18.67 19.32 19.32 19.32 19.32 19.32 19.32 19.32 19.32 18.68 18.68 19.28 19.28 19.28 19.28 19.28 19.28 18.25 17.74 17.37 17.37 17.37 19.39 19.40 19.40 18.84 18.84 18.84 19.48 19.55 19.55 19.55 19.42 19.19 19.45 18.88 19.20 19.42 19.52 19.52 19.47 19.59 19.56 19.59 19.54
99999.90 99999.90 99999.90 99999.90 99999.90 99999.90 99999.90 99999.90 99999.90 99999.90 99999.90 99999.90 99999.90 99999.90 99999.90 99999.90 99999.90 99999.90 99999.90 99999.90 19.13 18.67 18.67 18.67 18.67 18.67 18.67 18.67 18.67 18.67 18.67 18.67 18.67 19.32 19.32 19.32 19.32 19.32 19.32 19.32 19.32 18.68 18.68 18.68 19.28 19.28 19.28 19.28 19.28 18.25 17.74 19.20 19.20 19.20 19.39 19.39 18.99 19.23 19.23 19.23 19.48 19.48 19.51 19.51 18.61 18.37 18.45 18.57 18.70 18.86 19.16 19.15 19.38 19.56 19.44 19.30 19.47
99999.90 99999.90 99999.90 99999.90 99999.90 99999.90 99999.90 99999.90 99999.90 99999.90 99999.90 99999.90 99999.90 99999.90 99999.90 99999.90 99999.90 99999.90 99999.90 99999.90 19.13 18.67 18.67 18.67 18.67 18.67 18.67 18.67 18.67 18.67 18.67 18.67 18.67 18.67 19.32 19.32 19.32 19.32 19.32 19.32 19.32 18.68 18.68 18.68 18.68 19.28 19.28 19.28 19.28 18.25 19.20 19.20 19.18 19.18 19.00 19.00 18.60 19.04 19.04 19.41 19.43 19.48 19.48 19.44 19.27 18.19 18.14 18.32 18.30 18.36 18.70 19.17 19.43 19.38 19.26 19.23 19.30
99999.90 99999.90 99999.90 99999.90 99999.90 99999.90 99999.90 99999.90 99999.90 99999.90 99999.90 99999.90 99999.90 99999.90 99999.90 99999.90 99999.90 99999.90 99999.90 99999.90 19.13 18.67 18.67 18.67 18.67 18.67 18.67 18.67 18.67 18.67 18.67 18.67 18.67 18.67 19.32 19.32 19.32 19.32 19.32 19.32 19.32 18.68 18.68 18.68 18.68 19.28 19.28 19.28 19.46 19.46 19.50 19.50 19.18 19.18 19.04 19.04 18.49 19.21 19.41 19.41 19.43 19.43 19.08 19.19 18.85 18.63 18.44 17.73 17.57 18.18 18.90 19.24 19.35 19.43 19.36 19.32 19.28
99999.90 99999.90 99999.90 99999.90 99999.90 99999.90 99999.90 99999.90 99999.90 99999.90 99999.90 99999.90 99999.90 99999.90 99999.90 99999.90 99999.90 99999.90 99999.90 99999.90 19.13 18.67 18.67 18.67 18.67 18.67 18.67 18.67 18.67 18.67 18.67 18.67 18.67 18.67 18.67 19.32 19.32 19.32 19.32 19.32 19.32 18.68 18.68 18.68 18.68 18.68 19.19 19.46 19.46 19.46 19.46 19.38 19.12 19.36 19.33 19.20 19.15 18.72 19.08 19.41 19.38 19.13 18.63 18.63 18.33 18.40 18.28 18.44 18.16 18.62 19.16 19.34 19.44 19.50 19.45 19.41 19.29
99999.90 99999.90 99999.90 99999.90 99999.90 99999.90 99999.90 99999.90 99999.90 99999.90 99999.90 99999.90 99999.90 99999.90 99999.90 99999.90 99999.90 99999.90 99999.90 99999.90 19.13 18.67 18.67 18.67 18.67 18.67 18.67 18.67 18.67 18.67 18.67 18.67 18.67 18.67 18.67 19.32 19.32 19.32 19.32 19.32 19.32 18.68 18.68 18.68 18.68 19.19 19.19 19.19 19.31 19.31 19.31 18.28 17.96 18.44 19.01 18.89 17.91 18.20 18.96 19.22 19.30 19.02 18.56 18.66 18.46 18.63 18.37 17.75 18.70 18.82 19.08 19.33 19.29 19.37 19.42 19.44 19.47
99999.90 99999.90 99999.90 99999.90 99999.90 99999.90 99999.90 99999.90 99999.90 99999.90 99999.90 99999.90 99999.90 99999.90 99999.90 99999.90 99999.90 99999.90 99999.90 99999.90 19.13 19.13 19.13 18.67 18.67 18.67 18.67 18.67 18.67 18.67 18.67 18.67 18.67 18.67 18.67 19.35 19.35 19.35 19.35 19.35 19.35 18.68 18.68 18.68 19.05 19.19 19.19 19.19 19.19 19.23 19.23 18.62 17.27 17.68 17.91 17.39 17.58 18.00 18.11 18.50 19.15 18.53 18.31 18.78 18.85 18.51 18.65 18.48 18.63 18.61 18.97 19.06 19.11 19.28 19.33 19.16 19.47
99999.90 99999.90 99999.90 99999.90 99999.90 99999.90 99999.90 99999.90 99999.90 99999.90 99999.90 99999.90 99999.90 99999.90 99999.90 99999.90 99999.90 99999.90 99999.90 99999.90 19.13 19.13 19.13 19.13 19.13 18.67 18.67 18.67 18.67 18.67 18.67 18.67 18.67 18.67 18.67 18.54 19.33 19.35 19.35 19.35 19.35 19.23 19.23 19.31 19.05 19.05 19.19 19.19 19.19 18.99 18.91 18.17 17.35 17.48 18.39 17.39 17.90 18.34 18.36 18.52 18.49 18.35 18.56 18.68 18.88 18.95 18.59 18.60 18.37 18.86 18.95 18.72 19.15 19.05 19.20 19.17 19.38
99999.90 99999.90 99999.90 99999.90 99999.90 99999.90 99999.90 99999.90 99999.90 99999.90 99999.90 99999.90 99999.90 99999.90 99999.90 99999.90 99999.90 99999.90 99999.90 99999.90 19.13 19.13 19.13 19.13 19.13 19.13 19.13 18.67 18.67 18.67 18.67 18.67 18.67 18.67 18.62 18.54 19.33 19.33 19.33 19.23 19.23 19.23 19.23 19.31 19.05 19.05 19.19 19.19 19.19 18.81 18.34 17.72 17.42 17.48 18.07 18.08 17.63 18.24 18.58 18.63 18.42 18.33 18.62 18.94 18.71 18.58 18.43 18.50 18.94 18.85 18.43 18.66 18.99 19.06 19.07 19.06 19.35
99999.90 99999.90 99999.90 99999.90 99999.90 99999.90 99999.90 99999.90 99999.90 99999.90 99999.90 99999.90 99999.90 99999.90 99999.90 99999.90 99999.90 99999.90 99999.90 99999.90 19.13 19.13 19.13 19.13 19.13 19.13 19.13 19.13 19.13 18.67 18.67 18.67 18.67 18.67 18.62 18.54 19.33 19.33 19.33 19.33 19.14 19.14 19.14 19.31 19.05 19.05 19.32 19.32 18.90 18.90 18.46 17.69 17.88 17.73 18.12 17.95 18.22 18.85 18.83 18.47 18.56 18.61 18.91 18.53 18.39 18.41 18.36 18.54 18.93 18.76 18.21 18.51 18.59 19.00 18.96 19.01 19.28
99999.90 99999.90 99999.90 99999.90 99999.90 99999.90 99999.90 99999.90 99999.90 99999.90 99999.90 99999.90 99999.90 99999.90 99999.90 99999.90 99999.90 99999.90 99999.90 18.91 19.13 19.13 19.13 19.13 19.13 19.13 19.13 19.13 19.13 19.13 19.11 19.11 19.11 18.62 18.62 18.54 18.54 19.33 19.33 19.33 19.17 18.76 19.10 18.55 18.58 18.58 19.32 19.32 19.32 19.11 18.73 17.82 18.03 18.26 18.58 18.81 18.93 18.89 18.16 18.47 18.26 18.70 18.70 18.48 18.29 18.31 18.18 18.43 18.55 18.09 18.14 18.13 18.55 18.77 19.14 19.11 19.25
99999.90 99999.90 99999.90 99999.90 99999.90 99999.90 99999.90 99999.90 99999.90 99999.90 99999.90 99999.90 99999.90 99999.90 99999.90 99999.90 99999.90 99999.90 99999.90 18.91 19.13 19.13 19.13 19.13 19.13 19.13 19.13 19.13 19.13 19.13 19.13 17.64 17.64 18.62 18.62 18.54 18.54 19.03 19.03 18.82 18.82 18.76 18.28 18.04 18.89 18.89 19.11 19.11 19.25 19.14 18.95 17.62 18.08 18.25 18.75 18.68 18.94 18.89 18.06 18.33 18.33 18.53 18.58 18.53 18.50 17.96 18.01 18.31 18.22 18.05 18.20 18.37 18.57 19.07 18.83 19.10 19.22
99999.90 99999.90 99999.90 99999.90 99999.90 99999.90 99999.90 99999.90 99999.90 99999.90 99999.90 99999.90 99999.90 99999.90 99999.90 99999.90 18.94 18.94 18.94 18.94 19.13 19.13 19.13 19.13 19.13 19.13 19.13 19.13 19.13 19.13 19.13 17.64 17.64 18.95 18.95 18.46 18.58 18.90 18.47 18.14 18.21 18.82 17.94 18.18 18.76 18.98 18.98 18.47 18.66 18.32 18.47 18.78 18.74 18.75 18.83 18.41 18.59 18.56 18.01 18.14 18.15 18.47 18.38 18.45 17.93 18.03 18.30 18.45 17.86 18.09 18.14 18.30 18.48 18.66 19.13 19.28 19.29
99999.90 99999.90 99999.90 99999.90 99999.90 99999.90 99999.90 99999.90 99999.90 99999.90 99999.90 99999.90 99999.90 99999.90 99999.90 99999.90 18.94 18.94 18.94 18.94 19.13 19.13 19.13 19.13 19.13 19.13 19.13 19.13 19.13 19.13 19.12 19.12 18.93 18.93 18.12 17.03 17.50 18.62 18.58 18.59 18.63 18.66 18.36 18.44 18.86 19.08 19.11 19.18 18.96 18.94 18.70 18.76 18.83 19.08 18.83 18.38 18.32 17.97 17.94 18.07 18.38 18.13 18.40 18.08 18.05 18.23 18.37 18.01 17.91 18.24 18.38 18.37 18.80 19.00 19.18 19.15 19.16
99999.90 99999.90 99999.90 99999.90 99999.90 99999.90 99999.90 99999.90 99999.90 99999.90 99999.90 99999.90 99999.90 99999.90 99999.90 99999.90 18.94 18.94 18.94 18.94 18.94 18.94 19.13 19.13 19.13 19.13 19.13 19.12 19.12 19.12 19.12 19.12 18.85 18.10 17.18 16.73 17.39 17.69 18.20 18.63 18.63 18.63 18.43 18.40 18.79 18.84 18.79 19.10 18.87 18.41 18.60 18.70 18.44 18.48 18.78 18.09 18.14 18.30 17.79 18.45 18.53 18.31 17.97 17.92 18.03 18.29 18.30 17.92 17.55 18.38 18.57 18.82 18.95 18.93 18.83 18.80 18.88
99999.90 99999.90 99999.90 99999.90 99999.90 99999.90 99999.90 99999.90 99999.90 99999.90 99999.90 99999.90 19.07 19.07 19.07 19.07 19.07 19.07 18.94 18.94 18.94 18.94 18.94 18.94 19.12 19.12 19.12 19.12 19.12 19.12 19.12 19.12 19.01 17.87 17.02 16.50 16.56 17.00 17.77 18.47 18.32 18.35 18.64 17.87 18.13 18.47 18.91 19.01 19.02 18.18 17.97 18.28 18.24 18.42 18.17 17.82 18.60 18.52 18.70 18.72 18.49 18.37 18.12 18.02 17.41 17.89 18.04 17.42 18.14 18.49 18.69 18.56 18.62 18.73 18.72 18.62 18.72
99999.90 99999.90 99999.90 99999.90 99999.90 99999.90 99999.90 99999.90 19.05 19.05 19.05 19.05 19.05 19.05 19.05 19.05 19.05 19.05 19.07 18.94 18.94 18.94 18.94 18.94 18.94 18.91 18.91 19.12 19.12 19.12 19.12 19.01 19.01 17.87 18.38 17.98 16.95 17.17 16.79 17.82 18.26 18.25 18.60 17.19 18.08 18.28 18.75 18.76 18.27 17.86 17.67 18.29 17.94 18.02 18.11 18.52 18.68 18.93 19.00 18.91 18.81 18.54 18.03 17.97 17.62 17.51 17.79 17.75 17.69 17.85 18.02 18.50 18.65 18.52 18.61 18.78 18.93
99999.90 99999.90 99999.90 99999.90 99999.90 99999.90 99999.90 99999.90 19.05 19.05 19.05 19.05 19.05 19.05 19.05 19.05 19.05 19.05 19.07 19.07 18.94 18.94 18.94 18.94 18.94 18.91 18.91 18.91 18.91 18.91 19.01 19.01 18.75 18.75 18.38 18.12 17.28 17.35 16.39 16.94 17.93 18.06 18.51 17.76 17.60 17.92 18.23 18.87 18.11 18.08 17.51 18.04 17.54 17.99 18.21 18.49 18.83 18.93 18.98 18.68 18.63 18.55 18.19 18.07 18.14 17.52 17.40 17.34 17.37 17.88 18.33 18.58 18.58 18.76 18.89 18.82 18.71
99999.90 99999.90 99999.90 99999.90 99999.90 99999.90 99999.90 99999.90 19.05 19.05 19.05 19.05 19.05 19.05 19.05 19.05 19.05 19.05 19.05 19.07 18.94 18.94 18.94 18.94 18.94 18.94 18.91 18.91 18.91 18.91 18.91 18.75 18.75 18.75 18.48 17.52 17.43 17.05 17.89 17.57 17.78 18.01 18.30 17.77 17.14 17.72 18.24 18.13 17.50 18.10 18.44 18.22 17.97 18.67 18.48 18.92 18.92 19.07 18.92 18.85 18.55 18.52 18.39 17.96 18.09 17.57 18.17 17.44 17.73 18.03 18.23 18.67 18.93 18.78 18.79 18.74 18.50
99999.90 99999.90 99999.90 99999.90 99999.90 99999.90 99999.90 99999.90 19.05 19.05 19.05 19.05 19.05 19.05 19.05 19.05 19.05 19.05 19.05 19.07 19.07 18.94 18.94 18.94 18.94 18.94 18.94 18.91 18.91 18.91 18.91 18.75 18.75 18.75 18.48 17.52 18.89 18.79 18.32 17.66 16.89 17.02 17.35 17.78 17.17 17.41 17.52 17.62 17.80 17.88 18.29 18.19 18.50 18.84 18.89 18.78 18.96 18.92 18.96 18.80 18.66 18.44 18.13 18.08 17.24 17.05 17.70 17.77 18.10 18.35 18.55 18.81 18.75 18.78 18.70 18.48 18.68
99999.90 99999.90 99999.90 99999.90 99999.90 99999.90 99999.90 19.00 19.05 19.05 19.05 19.05 19.05 19.05 19.05 19.05 19.05 19.05 19.05 19.07 19.07 19.07 18.94 18.94 18.94 18.94 18.94 18.91 18.91 18.91 18.91 18.96 18.98 18.98 18.48 18.89 18.89 18.73 17.99 17.07 16.73 17.47 17.62 17.76 17.61 17.61 17.33 18.00 18.02 18.16 17.92 18.25 18.68 18.84 18.65 18.95 18.86 18.84 18.88 18.75 18.53 18.25 18.08 17.91 17.65 17.67 18.18 17.65 18.01 18.42 18.44 18.77 18.75 18.85 18.59 18.84 18.76
99999.90 99999.90 99999.90 99999.90 99999.90 99999.90 99999.90 19.00 19.05 19.05 19.05 19.05 19.05 19.05 19.05 19.05 19.05 19.05 19.05 19.07 19.07 19.07 19.07 18.94 18.94 18.94 18.94 18.81 18.99 18.99 18.96 18.96 18.98 18.98 18.99 19.04 19.04 18.81 18.14 17.23 16.87 17.53 17.23 17.39 17.29 17.45 17.35 17.78 17.97 18.14 18.06 18.49 18.58 18.47 18.51 18.44 18.49 18.66 18.80 18.68 18.64 18.38 18.00 17.74 17.65 18.23 18.08 17.79 18.18 18.67 18.86 18.94 18.98 18.50 18.48 18.32 18.19
