BOM_solar_grid_data_201906/2019062120190621.grid
ncols 839
nrows 679
xllcenter 112.0500
yllcenter -43.9500
cellsize 0.0500
nodata_value 99999.90
[rows 306 to 339 of 679, columns 231 to 307 of 839]
10.50 10.34 11.22 11.56 11.93 12.04 12.18 11.61 11.55 12.19 12.81 12.88 13.51 13.51 13.42 13.30 12.44 12.48 12.46 12.07 12.42 12.90 13.13 13.32 13.55 13.11 12.77 13.03 13.08 13.46 13.68 14.04 13.93 13.93 13.83 14.26 14.09 13.90 13.72 13.82 13.72 14.28 14.46 14.69 14.75 14.68 14.66 14.70 14.47 14.65 14.76 14.73 14.82 14.79 14.67 14.71 14.83 14.71 14.57 14.34 14.42 14.74 14.67 14.61 14.53 14.56 14.76 14.82 14.88 14.88 14.88 14.87 14.88 14.88 14.89 14.87 14.86
11.09 10.97 11.27 11.94 12.59 12.39 11.71 10.91 10.89 11.72 12.30 12.58 13.42 13.71 13.74 13.51 13.03 12.93 13.06 12.88 12.84 13.05 12.47 12.64 12.86 13.11 13.45 13.47 13.88 14.05 14.02 13.91 13.89 13.68 13.52 13.43 13.75 13.75 13.69 13.78 13.87 14.11 14.31 14.30 14.50 14.59 14.55 14.60 14.80 14.76 14.75 14.70 14.74 14.76 14.68 14.75 14.79 14.61 14.38 14.18 14.50 14.78 14.74 14.81 14.82 14.81 14.81 14.82 14.83 14.86 14.84 14.84 14.84 14.85 14.85 14.83 14.82
12.16 12.54 12.47 12.87 12.90 12.46 12.71 12.27 11.85 12.40 12.15 12.63 13.01 13.07 12.97 13.17 13.19 13.25 13.16 12.62 12.36 11.72 12.32 13.13 13.10 13.43 13.48 13.58 14.03 13.94 14.01 13.96 13.54 13.38 13.53 13.37 13.28 13.70 13.92 14.03 14.28 14.24 14.20 14.33 14.36 14.61 14.66 14.72 14.72 14.70 14.73 14.72 14.68 14.66 14.67 14.60 14.53 14.55 14.45 14.26 14.20 14.68 14.71 14.76 14.80 14.81 14.82 14.84 14.84 14.84 14.83 14.81 14.81 14.81 14.82 14.82 14.79
11.28 12.34 12.95 12.85 12.79 12.27 13.22 13.38 13.30 13.26 13.37 13.61 13.94 13.55 14.02 14.15 13.76 13.81 13.30 12.76 11.99 11.98 12.78 13.06 12.86 12.59 12.86 13.24 13.98 13.94 14.07 13.99 13.87 13.80 13.36 12.87 13.16 13.65 13.62 13.70 13.91 14.09 14.34 14.58 14.62 14.70 14.58 14.54 14.61 14.69 14.64 14.70 14.68 14.63 14.50 14.38 14.32 14.50 14.44 14.34 14.52 14.75 14.71 14.68 14.62 14.79 14.80 14.81 14.81 14.82 14.82 14.81 14.78 14.78 14.77 14.79 14.78
11.96 12.49 12.79 12.41 13.03 13.57 13.16 12.89 12.80 13.51 13.63 14.09 14.26 14.21 14.34 14.43 14.37 14.05 13.43 13.52 13.73 13.50 13.39 13.58 13.26 13.06 13.53 13.77 13.84 13.54 13.37 13.66 13.44 13.37 13.21 12.57 13.09 13.56 13.63 13.89 13.95 14.13 14.11 14.28 14.59 14.57 14.38 14.37 14.42 14.47 14.52 14.62 14.63 14.56 14.41 14.26 14.39 14.54 14.50 14.40 14.58 14.64 14.54 14.46 14.65 14.77 14.79 14.79 14.77 14.76 14.78 14.77 14.76 14.75 14.75 14.75 14.75
11.62 11.81 12.50 12.91 13.63 14.03 13.25 13.22 13.35 13.60 14.06 13.97 13.95 14.19 14.44 14.19 14.06 13.91 13.39 13.46 13.65 13.88 14.11 13.97 13.97 13.75 13.80 13.81 13.24 13.02 13.41 13.33 12.84 13.12 12.84 12.69 13.09 13.32 13.42 13.60 14.03 14.06 14.11 14.43 14.55 14.43 14.36 13.96 14.04 14.36 14.51 14.65 14.56 14.53 14.41 14.26 14.38 14.55 14.47 14.55 14.58 14.53 14.47 14.57 14.69 14.73 14.74 14.73 14.74 14.75 14.76 14.76 14.75 14.75 14.74 14.75 14.74
11.44 11.72 12.92 13.25 13.48 13.78 13.67 13.61 13.03 13.25 13.61 13.90 14.17 14.30 14.34 14.06 14.08 14.21 14.14 14.02 13.89 14.09 14.02 14.22 13.91 13.71 13.54 13.22 13.08 13.34 13.61 13.30 13.04 12.89 12.51 12.74 13.25 13.15 13.15 13.41 13.58 13.67 14.03 14.47 14.55 14.42 14.36 13.99 14.35 14.54 14.61 14.64 14.62 14.63 14.48 14.24 14.25 14.59 14.53 14.62 14.53 14.42 14.42 14.59 14.68 14.71 14.72 14.73 14.74 14.72 14.73 14.75 14.75 14.75 14.74 14.74 14.73
12.13 12.70 13.48 12.85 13.28 13.58 13.80 14.25 14.06 13.91 14.14 14.16 14.21 14.35 14.23 14.38 14.09 14.21 14.01 14.08 14.15 14.19 14.31 14.11 13.78 13.47 13.37 13.08 13.11 13.43 13.10 12.71 12.69 12.69 12.74 12.61 12.53 12.83 13.08 13.55 13.63 13.96 14.22 14.34 14.36 14.36 14.12 14.16 14.55 14.56 14.52 14.52 14.50 14.61 14.54 14.41 14.50 14.63 14.57 14.56 14.42 14.47 14.47 14.53 14.58 14.66 14.67 14.64 14.68 14.66 14.68 14.70 14.72 14.72 14.71 14.72 14.69
13.12 13.23 13.26 13.45 13.71 13.76 14.14 14.30 14.23 14.32 14.38 14.35 14.44 14.42 14.24 14.35 14.33 13.99 13.90 14.05 14.27 14.18 14.22 14.03 13.58 13.59 13.49 13.22 13.17 12.94 12.79 12.82 12.91 12.91 12.54 12.49 12.81 13.11 13.46 13.73 13.82 13.98 13.98 14.07 13.94 13.88 14.04 14.27 14.46 14.45 14.20 14.12 14.54 14.60 14.57 14.57 14.61 14.55 14.49 14.41 14.44 14.46 14.53 14.50 14.43 14.53 14.61 14.59 14.61 14.64 14.65 14.68 14.71 14.68 14.67 14.68 14.67
12.08 12.73 12.99 13.62 13.39 13.72 13.92 14.01 14.10 14.34 14.41 14.32 14.36 14.32 14.34 14.17 14.24 14.35 14.38 14.39 14.20 13.87 13.83 13.54 13.79 13.90 13.72 13.54 13.21 13.07 13.32 13.40 13.35 12.91 12.61 13.03 13.08 13.11 13.39 13.41 13.73 13.88 14.05 13.74 13.72 13.91 14.24 14.42 14.34 14.25 14.37 14.46 14.43 14.48 14.47 14.51 14.57 14.55 14.52 14.34 14.51 14.42 14.50 14.45 14.48 14.40 14.52 14.60 14.62 14.64 14.65 14.65 14.67 14.66 14.65 14.64 14.65
12.81 13.56 13.44 13.09 13.66 13.88 13.51 13.92 14.07 14.37 14.47 14.54 14.48 14.52 14.43 14.39 14.48 14.45 14.31 14.16 13.78 13.56 13.89 13.95 14.19 14.07 13.81 13.73 13.67 13.72 13.71 13.67 13.55 13.43 13.21 13.01 13.00 12.94 13.11 13.29 13.63 14.05 13.90 13.63 13.80 14.17 14.39 14.45 14.42 14.50 14.44 14.29 14.29 14.19 14.30 14.55 14.38 14.54 14.47 14.41 14.34 14.26 14.50 14.50 14.40 14.46 14.51 14.52 14.56 14.60 14.61 14.62 14.63 14.63 14.63 14.62 14.62
12.26 12.20 12.90 13.69 14.07 13.69 13.54 13.90 14.39 14.42 14.41 14.52 14.49 14.54 14.56 14.57 14.50 13.98 13.81 13.88 13.77 14.00 14.26 14.46 14.43 14.38 14.20 14.25 14.21 14.45 14.04 13.67 13.73 13.39 13.05 13.19 13.54 13.61 13.66 13.44 13.57 13.76 13.34 13.49 13.80 14.04 14.22 14.35 14.40 14.44 14.44 14.32 14.19 14.28 14.33 14.47 14.56 14.53 14.43 14.08 14.01 14.45 14.44 14.38 14.43 14.50 14.50 14.51 14.53 14.57 14.60 14.60 14.60 14.59 14.61 14.60 14.60
12.75 13.11 13.49 14.10 14.04 13.58 13.72 13.67 14.14 14.40 14.51 14.52 14.46 14.51 14.54 14.51 14.32 13.90 13.77 13.98 14.11 14.20 14.31 14.46 14.49 14.43 14.52 14.59 14.51 14.18 13.76 13.76 13.65 13.36 13.13 13.68 13.93 13.88 13.91 13.96 13.67 13.73 13.77 13.49 14.03 14.16 14.26 14.33 14.27 14.19 14.32 14.22 13.93 14.27 14.43 14.48 14.49 14.44 14.23 14.11 14.33 14.48 14.47 14.46 14.52 14.53 14.58 14.56 14.56 14.57 14.58 14.58 14.58 14.58 14.59 14.59 14.58
13.14 13.31 13.10 13.98 13.45 13.64 13.65 13.88 14.23 14.31 14.44 14.50 14.37 14.48 14.52 14.38 14.06 13.77 13.98 14.15 14.35 14.43 14.37 14.47 14.54 14.47 14.53 14.48 14.23 14.02 13.81 14.02 13.59 13.43 13.29 13.53 13.55 13.76 13.69 13.24 13.37 13.73 14.11 13.83 14.21 14.34 14.26 13.94 13.83 13.91 14.17 13.94 13.96 14.33 14.27 14.26 14.41 14.27 14.35 14.43 14.55 14.55 14.53 14.51 14.51 14.51 14.56 14.55 14.55 14.53 14.54 14.54 14.55 14.54 14.55 14.56 14.56
12.93 13.53 13.54 13.96 13.98 13.29 13.19 13.77 14.32 14.41 14.34 14.37 14.35 14.43 14.45 14.31 14.30 14.36 14.10 14.16 14.10 14.25 14.27 14.39 14.45 14.50 14.42 14.41 14.33 14.04 14.13 13.92 13.42 13.44 13.34 13.46 13.58 13.67 13.57 13.80 13.98 13.94 13.88 14.17 14.27 14.23 14.07 14.00 14.02 13.91 13.79 13.92 14.26 13.98 13.85 14.26 14.40 14.44 14.39 14.41 14.43 14.53 14.54 14.51 14.45 14.41 14.52 14.50 14.49 14.49 14.47 14.54 14.54 14.52 14.53 14.54 14.55
12.85 13.70 13.70 13.32 13.50 13.15 13.38 13.87 14.37 14.39 14.39 14.41 14.37 14.40 14.38 14.45 14.47 14.31 14.27 14.08 14.09 14.38 14.30 14.34 14.46 14.47 14.48 14.48 14.38 14.42 14.18 13.62 13.48 13.65 13.77 13.64 13.69 13.84 13.76 13.89 13.90 14.13 14.29 14.42 14.38 14.29 14.18 14.20 14.10 13.83 13.79 14.07 13.89 13.92 14.05 14.32 14.19 14.27 14.31 14.35 14.39 14.39 14.38 14.39 14.25 14.39 14.51 14.49 14.49 14.52 14.48 14.51 14.52 14.50 14.51 14.52 14.53
13.17 13.41 13.05 12.93 13.19 13.40 13.51 13.80 13.87 14.11 14.18 14.05 14.20 14.11 14.24 14.36 14.22 14.07 13.98 14.07 14.24 14.38 14.42 14.27 14.32 14.40 14.40 14.31 14.20 14.02 13.81 13.68 13.86 14.21 14.25 13.74 13.73 14.02 14.04 13.83 13.82 14.22 14.41 14.35 14.25 14.30 14.31 14.29 14.18 13.97 13.75 13.82 13.73 14.11 14.33 14.14 14.06 14.35 14.37 14.39 14.39 14.33 14.27 14.19 14.29 14.48 14.49 14.49 14.49 14.49 14.45 14.47 14.48 14.47 14.48 14.49 14.48
12.60 12.73 12.64 12.72 12.55 13.46 13.46 13.42 13.70 13.75 13.93 13.87 13.96 14.10 14.09 14.21 14.06 13.87 14.12 14.18 14.34 14.34 14.25 14.28 14.40 14.42 14.32 14.42 14.41 14.22 14.13 14.25 14.22 14.26 14.30 14.05 14.05 13.99 13.86 13.90 14.03 14.17 14.22 14.19 14.11 14.22 14.37 14.30 13.94 13.83 13.94 13.88 13.83 13.92 13.93 14.04 14.06 14.33 14.37 14.38 14.31 14.27 14.31 14.34 14.38 14.44 14.46 14.44 14.47 14.46 14.45 14.46 14.46 14.46 14.47 14.47 14.47
12.63 12.14 12.80 12.36 12.52 12.91 13.37 13.34 13.56 13.73 13.90 14.04 13.92 13.84 13.92 14.04 13.86 13.71 13.96 14.19 14.21 14.26 14.40 14.31 14.28 14.26 14.26 14.16 14.17 14.13 14.16 14.10 14.10 14.38 14.29 14.11 14.03 13.71 14.01 13.99 14.28 14.13 13.94 13.79 13.86 13.93 14.11 13.92 13.80 13.90 13.71 13.49 13.56 13.52 13.91 14.23 14.19 14.31 14.32 14.31 14.30 14.33 14.32 14.33 14.40 14.42 14.43 14.43 14.44 14.43 14.43 14.41 14.43 14.45 14.44 14.45 14.46
12.09 11.87 12.90 12.08 12.47 13.47 13.85 14.06 13.89 13.87 13.91 14.11 14.10 14.22 14.01 13.84 13.90 14.08 14.26 14.24 14.26 14.09 14.11 13.94 13.93 13.98 14.07 14.05 14.05 14.10 14.04 14.04 14.05 14.19 14.05 13.66 13.88 13.65 13.76 13.89 14.13 13.71 13.11 13.28 13.47 13.73 13.69 13.64 13.94 13.88 13.52 13.41 13.47 13.41 13.53 13.95 14.32 14.33 14.33 14.24 14.37 14.34 14.32 14.36 14.40 14.40 14.39 14.36 14.36 14.38 14.39 14.39 14.41 14.42 14.41 14.42 14.44
11.90 12.20 11.91 11.75 11.73 12.31 12.93 13.30 13.34 13.44 13.58 13.62 13.67 13.52 13.74 13.62 13.91 14.13 14.01 14.07 14.19 14.01 13.84 13.82 13.87 13.97 14.16 14.21 14.17 14.14 14.11 14.07 14.17 14.16 14.11 14.14 13.97 13.88 13.84 13.96 13.93 13.69 13.67 13.70 13.63 13.55 13.47 13.43 13.65 13.57 13.54 13.52 13.70 13.95 13.89 14.23 14.30 14.34 14.26 14.23 14.38 14.20 14.28 14.39 14.38 14.31 14.25 14.21 14.26 14.40 14.41 14.40 14.40 14.40 14.40 14.42 14.41
11.81 12.00 11.75 11.67 12.10 12.41 12.87 12.82 13.13 13.49 13.27 13.26 13.67 13.48 13.60 13.64 13.84 13.91 13.98 14.11 14.08 14.02 14.13 13.96 13.91 14.07 14.00 13.99 14.10 14.22 14.21 14.29 14.13 14.22 14.17 14.30 14.17 13.99 14.10 14.03 14.11 14.14 13.93 13.86 13.90 13.78 13.63 13.39 13.46 13.96 14.00 13.85 13.96 14.00 14.08 14.14 14.17 14.07 14.02 14.09 14.19 14.02 14.17 14.26 14.29 14.27 14.24 14.18 14.31 14.37 14.38 14.37 14.36 14.28 14.33 14.40 14.41
11.46 11.36 11.99 12.17 12.19 12.24 12.64 12.93 12.86 13.52 13.37 13.59 13.39 13.50 13.47 13.69 13.55 13.66 13.70 13.64 13.82 13.90 13.79 13.92 13.97 14.00 14.02 14.12 14.23 14.30 14.09 14.13 14.03 14.07 14.19 14.18 13.99 13.95 14.04 14.13 14.08 14.01 13.96 13.95 13.91 13.73 13.59 13.59 13.88 13.99 13.81 13.96 13.79 14.15 14.13 14.12 14.13 14.20 14.07 14.07 13.87 13.89 14.10 14.30 14.27 14.25 14.22 14.22 14.33 14.38 14.36 14.35 14.34 14.26 14.35 14.37 14.40
11.58 12.02 12.39 12.34 12.44 12.41 12.59 12.70 12.68 12.92 13.14 13.53 13.52 13.62 13.45 13.65 13.65 13.69 13.48 13.48 13.80 13.71 13.80 14.19 14.02 13.90 14.10 14.21 14.13 14.04 13.88 13.90 13.72 13.78 13.96 14.18 13.71 13.43 13.62 13.92 14.00 13.79 13.75 13.83 13.96 13.78 13.63 13.81 13.91 13.73 13.73 13.90 14.16 14.09 14.18 14.17 14.14 14.06 14.02 13.90 13.81 13.69 13.97 14.17 14.29 14.31 14.22 14.23 14.33 14.33 14.35 14.32 14.25 14.28 14.33 14.34 14.34
12.01 12.19 12.47 12.24 12.33 12.37 12.50 12.71 12.94 13.23 13.21 13.46 13.69 13.71 13.53 13.82 13.77 13.67 13.51 13.71 14.03 13.95 13.87 13.85 13.74 13.74 13.76 13.81 13.83 13.80 13.81 13.80 13.82 13.68 13.44 13.37 13.95 13.55 13.26 13.49 13.73 13.61 13.57 13.78 13.95 13.84 13.90 13.64 13.68 13.85 13.97 14.04 13.97 14.02 14.07 14.17 14.10 13.95 14.00 13.84 13.86 14.14 14.00 14.15 14.15 14.13 14.19 14.29 14.33 14.35 14.34 14.28 14.24 14.31 14.30 14.30 14.30
11.96 12.40 12.40 12.35 12.13 12.33 12.56 12.95 13.36 13.33 13.31 13.43 13.62 13.67 13.48 13.61 13.45 13.22 13.38 13.70 13.89 13.91 13.76 13.52 13.50 13.28 13.47 13.38 13.40 13.62 13.81 13.77 13.82 13.80 13.67 13.41 13.36 13.68 13.24 13.40 13.51 13.59 13.70 13.83 13.62 13.50 13.40 13.73 13.76 13.86 13.81 13.98 13.84 13.82 13.85 14.05 13.96 13.83 13.89 13.84 13.73 14.09 14.13 14.19 14.20 13.94 14.02 14.06 14.22 14.30 14.34 14.23 14.29 14.28 14.29 14.29 14.28
12.47 12.59 12.69 12.35 12.16 12.54 12.95 13.12 13.44 13.31 13.47 13.26 13.01 13.52 13.64 13.46 12.96 12.78 13.19 13.63 13.57 13.26 13.36 13.27 13.07 13.39 13.29 12.67 12.54 12.71 12.88 13.22 13.24 13.49 13.47 13.31 13.46 13.66 13.44 13.41 13.58 13.72 13.80 13.88 13.62 13.43 13.35 13.17 13.48 13.51 13.57 13.55 13.41 13.53 13.86 13.95 13.69 13.89 13.83 13.73 13.41 13.81 13.98 14.03 14.06 14.05 14.00 14.09 14.20 14.30 14.17 14.29 14.27 14.26 14.24 14.27 14.26
12.57 12.38 12.83 12.72 12.63 12.45 12.66 13.07 13.08 12.93 12.86 13.11 13.23 13.53 13.57 13.49 13.11 12.71 13.28 13.51 13.29 13.24 13.31 13.26 13.06 13.18 13.41 13.03 12.84 12.59 12.92 13.17 13.11 13.31 13.38 13.14 13.31 13.64 13.46 13.64 13.68 13.80 13.69 13.53 13.58 13.43 13.16 13.32 13.33 13.23 13.02 13.02 13.24 13.47 13.67 13.59 13.49 13.82 13.71 13.26 13.67 13.94 13.92 13.83 14.10 14.06 14.13 14.12 14.15 14.15 14.18 14.28 14.28 14.26 14.26 14.24 14.24
12.27 12.13 12.76 13.02 12.60 12.30 12.81 13.21 13.32 13.37 13.46 13.45 13.41 13.27 13.21 13.54 13.20 12.87 12.93 12.75 13.07 13.47 13.64 13.39 13.37 13.45 13.21 12.86 12.60 12.34 12.84 12.85 12.92 13.57 12.97 12.82 12.88 13.19 13.43 13.59 12.92 12.94 13.21 13.36 13.12 13.08 13.09 13.09 12.97 13.25 12.92 13.20 13.29 13.31 13.34 13.34 13.55 13.64 13.26 13.02 13.73 13.84 13.72 13.85 14.12 14.00 14.24 14.01 14.14 14.10 14.23 14.26 14.27 14.24 14.22 14.21 14.21
12.10 12.32 12.70 13.53 12.96 12.97 13.15 13.52 13.46 13.38 13.39 13.07 12.79 12.92 12.94 13.02 13.03 13.14 13.04 13.28 13.09 13.20 13.23 13.02 13.18 13.30 13.02 12.65 12.56 12.52 12.88 13.12 13.09 13.42 13.12 12.80 12.64 12.65 12.73 12.75 12.30 12.52 12.98 12.82 12.69 12.85 12.92 12.53 12.68 13.18 13.01 13.15 13.39 13.36 13.26 13.19 13.12 13.48 13.15 13.18 13.71 13.78 13.73 14.03 14.09 14.05 14.18 14.15 14.05 14.18 14.25 14.22 14.19 14.22 14.25 14.21 14.21
12.44 12.71 12.67 13.33 13.05 13.06 13.30 13.31 13.17 13.02 13.25 12.92 12.96 13.14 13.08 13.26 13.63 13.53 13.50 13.25 13.62 13.46 13.42 13.08 12.77 12.85 12.87 12.46 12.45 12.39 12.41 12.28 12.82 13.32 13.23 12.95 12.66 12.93 12.82 12.56 12.67 12.77 12.72 12.62 12.91 13.19 12.60 12.43 12.50 12.83 13.16 12.95 13.24 13.49 13.04 13.01 12.96 13.18 13.10 13.02 13.56 13.55 13.64 13.88 14.06 14.16 14.18 14.10 14.10 14.21 14.23 14.21 14.19 14.17 14.14 14.19 14.17
12.99 12.91 12.80 13.11 13.06 13.06 13.06 13.02 12.99 12.75 12.97 12.64 12.68 12.77 13.21 13.37 13.46 13.40 13.42 13.38 13.63 13.31 13.19 13.20 12.75 12.66 12.94 13.27 13.21 13.05 12.96 13.07 13.34 13.00 12.97 12.97 12.78 13.15 12.82 12.63 12.92 12.69 12.48 12.74 12.71 12.41 12.33 12.59 12.82 13.03 13.04 13.06 13.40 13.15 12.94 12.81 12.73 12.89 12.77 12.99 13.44 13.83 13.75 14.03 14.17 14.13 14.02 14.16 14.03 14.16 14.18 14.18 14.14 14.14 14.14 14.14 14.14
12.84 13.05 13.23 12.86 13.01 13.04 12.81 12.69 12.70 12.93 12.95 12.92 12.90 13.03 13.03 13.18 13.47 13.26 13.02 13.20 13.44 13.43 13.17 13.17 13.26 13.07 13.19 13.12 13.00 12.95 12.92 13.30 13.61 13.36 13.20 13.03 12.70 12.82 12.71 12.94 12.74 12.66 12.57 12.71 12.72 12.33 12.57 12.89 12.89 12.90 12.83 12.95 13.04 12.99 13.20 13.15 12.69 12.95 13.25 13.77 13.88 13.76 13.86 14.06 14.11 13.88 14.10 14.13 14.04 14.14 14.12 14.11 14.14 14.12 14.12 14.11 14.12
12.67 12.88 12.94 13.23 13.11 12.80 12.41 12.17 12.49 12.88 13.29 13.31 13.55 13.43 13.29 13.26 13.10 13.34 13.28 13.47 13.47 13.35 13.27 12.80 12.93 12.72 12.95 13.06 13.20 13.22 13.35 13.27 13.26 13.15 12.98 13.15 12.75 12.73 12.84 12.95 12.69 12.38 12.21 12.07 12.17 12.50 12.74 12.68 12.42 12.55 12.67 12.76 13.01 13.06 12.99 13.02 12.55 12.62 13.03 13.65 13.75 13.83 13.95 14.11 13.96 13.88 14.01 14.06 13.99 14.14 14.13 14.13 14.12 14.06 14.09 14.11 14.11
