BOM_solar_grid_data_201906/2019062620190626.grid
ncols 839
nrows 679
xllcenter 112.0500
yllcenter -43.9500
cellsize 0.0500
nodata_value 99999.90
[rows 385 to 419 of 679, columns 385 to 461 of 839]
13.11 13.11 13.11 13.12 13.12 13.12 13.12 13.12 13.12 13.12 13.12 13.13 13.14 13.14 13.13 13.14 13.14 13.13 13.12 13.11 13.12 13.13 13.13 13.13 13.13 13.13 13.12 13.12 13.12 13.13 13.12 13.12 13.15 13.15 13.15 13.15 13.15 13.16 13.17 13.16 13.16 13.16 13.16 13.17 13.17 13.17 13.17 13.18 13.17 13.16 13.15 13.15 13.15 13.15 13.16 13.15 13.15 13.15 13.15 13.15 13.16 13.14 13.15 13.16 13.16 13.16 13.18 13.17 13.16 13.16 13.17 13.16 13.16 13.17 13.18 13.17 13.19
13.09 13.08 13.09 13.09 13.10 13.10 13.11 13.10 13.10 13.10 13.10 13.10 13.11 13.11 13.11 13.11 13.11 13.11 13.11 13.10 13.10 13.10 13.11 13.11 13.10 13.10 13.10 13.10 13.10 13.10 13.10 13.10 13.12 13.13 13.12 13.12 13.13 13.14 13.14 13.13 13.13 13.12 13.12 13.12 13.13 13.13 13.13 13.14 13.14 13.14 13.14 13.14 13.14 13.13 13.13 13.13 13.14 13.13 13.13 13.14 13.14 13.16 13.14 13.14 13.13 13.14 13.14 13.14 13.13 13.14 13.14 13.14 13.13 13.12 13.14 13.15 13.16
13.07 13.06 13.08 13.08 13.07 13.07 13.07 13.08 13.08 13.08 13.07 13.07 13.08 13.08 13.09 13.09 13.09 13.10 13.10 13.09 13.09 13.09 13.08 13.08 13.08 13.08 13.08 13.08 13.08 13.09 13.09 13.13 13.12 13.10 13.10 13.10 13.10 13.10 13.10 13.11 13.10 13.10 13.10 13.10 13.10 13.10 13.11 13.12 13.13 13.13 13.14 13.13 13.13 13.13 13.13 13.13 13.15 13.15 13.14 13.12 13.12 13.14 13.15 13.13 13.11 13.10 13.11 13.11 13.12 13.12 13.12 13.12 13.11 13.09 13.10 13.12 13.12
13.05 13.04 13.05 13.06 13.04 13.05 13.04 13.05 13.05 13.05 13.05 13.05 13.06 13.06 13.06 13.05 13.06 13.07 13.08 13.07 13.07 13.07 13.07 13.07 13.07 13.07 13.05 13.05 13.05 13.05 13.11 13.09 13.10 13.08 13.08 13.08 13.09 13.09 13.08 13.08 13.08 13.08 13.09 13.08 13.09 13.09 13.09 13.10 13.10 13.10 13.12 13.12 13.12 13.11 13.12 13.11 13.11 13.13 13.11 13.11 13.11 13.11 13.13 13.13 13.10 13.08 13.08 13.07 13.07 13.09 13.07 13.08 13.09 13.09 13.08 13.13 13.12
13.03 13.04 13.04 13.04 13.03 13.02 13.01 13.01 13.02 13.02 13.01 13.03 13.03 13.02 13.03 13.03 13.03 13.05 13.05 13.04 13.04 13.05 13.05 13.05 13.04 13.05 13.03 13.03 13.04 13.07 13.08 13.07 13.07 13.06 13.07 13.07 13.08 13.08 13.07 13.06 13.06 13.06 13.06 13.06 13.06 13.06 13.07 13.07 13.07 13.08 13.09 13.03 13.12 13.08 13.07 13.07 13.07 13.07 13.07 13.09 13.08 13.10 13.10 13.12 13.07 13.05 13.05 13.06 13.06 13.06 13.05 13.05 13.07 13.07 13.07 13.10 13.09
13.00 13.01 13.02 13.02 13.01 13.02 13.01 13.00 12.99 13.00 13.00 13.00 13.01 12.99 12.99 13.00 13.00 13.01 13.01 13.02 13.02 13.02 13.02 13.02 13.02 13.02 13.03 13.02 13.04 13.06 13.05 13.05 13.06 13.05 13.05 13.06 13.07 13.06 13.06 13.05 13.05 13.05 13.05 13.06 13.05 13.04 13.05 13.06 13.06 12.93 13.09 13.07 13.09 13.05 13.04 13.05 13.06 13.06 13.09 13.09 13.07 13.08 13.07 13.07 13.06 13.04 13.04 13.05 13.04 13.04 13.03 13.04 13.05 13.04 13.04 13.06 13.07
12.98 12.98 13.00 12.98 12.99 12.99 12.98 12.96 12.96 12.96 12.96 12.97 12.98 12.97 12.97 12.97 12.97 12.98 12.98 12.99 13.00 13.00 13.00 12.99 13.00 13.01 13.01 13.00 13.00 13.03 13.05 13.04 13.03 13.03 13.03 13.04 13.04 13.03 13.04 13.04 13.04 13.04 13.03 13.03 13.03 13.03 13.03 13.04 13.05 13.04 13.04 13.03 13.05 13.03 13.03 13.04 13.05 13.06 13.06 13.05 13.03 13.06 13.04 13.04 13.03 13.02 13.06 13.04 13.03 13.04 13.03 13.02 13.01 13.01 13.00 13.03 13.05
12.97 12.96 12.95 12.94 12.95 12.95 12.95 12.94 12.95 12.95 12.94 12.94 12.96 12.95 12.95 12.95 12.95 12.96 12.97 12.97 12.97 12.96 12.97 12.98 13.00 12.99 12.99 13.02 13.00 13.00 13.01 13.00 12.99 12.99 12.99 13.01 13.01 13.03 13.04 13.04 13.02 13.01 13.03 13.03 13.02 13.03 13.02 13.02 13.02 13.01 13.01 13.01 13.02 13.05 13.05 13.04 13.03 13.04 13.03 13.02 13.02 13.02 13.01 13.01 13.01 13.01 12.99 12.99 12.99 12.99 13.00 12.99 12.99 12.98 12.99 12.99 12.99
12.93 12.93 12.92 12.92 12.92 12.93 12.92 12.93 12.92 12.93 12.92 12.93 12.92 12.92 12.93 12.93 12.93 12.94 12.94 12.94 12.94 12.94 12.95 12.95 12.98 12.98 12.99 12.99 12.99 12.97 12.97 12.99 12.98 12.97 12.97 12.97 12.99 13.00 13.01 13.00 12.98 12.97 12.98 12.99 13.01 13.00 13.00 13.03 12.99 12.99 12.98 12.98 12.99 13.01 13.01 13.00 12.98 12.98 12.98 12.99 13.00 12.98 12.98 12.98 12.97 12.98 12.98 12.96 12.96 12.96 12.96 12.96 12.96 12.96 12.97 12.96 12.95
12.91 12.91 12.91 12.91 12.90 12.91 12.90 12.90 12.90 12.90 12.90 12.90 12.90 12.90 12.91 12.92 12.91 12.90 12.90 12.90 12.91 12.91 12.91 12.92 12.92 12.96 12.97 12.96 12.96 12.96 12.96 12.96 12.96 12.95 12.94 12.96 12.96 12.97 12.97 12.96 12.96 12.96 12.96 12.97 12.98 12.97 12.97 12.97 12.95 12.95 12.96 12.96 12.96 12.96 12.98 12.96 12.95 12.95 12.94 12.95 12.96 12.95 12.95 12.96 12.96 12.96 12.97 12.93 12.93 12.94 12.94 12.94 12.94 12.93 12.94 12.94 12.93
12.89 12.90 12.89 12.90 12.89 12.89 12.89 12.90 12.90 12.88 12.87 12.87 12.88 12.88 12.88 12.88 12.88 12.88 12.88 12.88 12.89 12.89 12.89 12.89 12.89 12.93 12.94 12.94 12.95 12.95 12.95 12.94 12.95 12.94 12.93 12.94 12.94 12.94 12.95 12.94 12.94 12.94 12.94 12.94 12.93 12.92 12.92 12.93 12.92 12.93 12.94 12.93 12.92 12.93 12.94 12.94 12.93 12.93 12.93 12.93 12.93 12.93 12.95 12.95 12.94 12.95 12.95 12.93 12.91 12.91 12.91 12.92 12.92 12.92 12.93 12.92 12.92
12.87 12.88 12.87 12.87 12.86 12.86 12.86 12.86 12.86 12.85 12.85 12.86 12.86 12.86 12.86 12.86 12.86 12.87 12.87 12.87 12.87 12.86 12.86 12.87 12.90 12.91 12.92 12.93 12.93 12.93 12.92 12.92 12.94 12.92 12.91 12.92 12.92 12.91 12.92 12.91 12.92 12.92 12.91 12.90 12.91 12.90 12.90 12.91 12.91 12.92 12.92 12.91 12.91 12.90 12.91 12.91 12.91 12.92 12.91 12.92 12.92 12.92 12.94 12.93 12.93 12.93 12.92 12.91 12.92 12.89 12.88 12.89 12.90 12.89 12.89 12.89 12.88
12.85 12.84 12.83 12.82 12.82 12.83 12.85 12.85 12.83 12.83 12.83 12.84 12.85 12.84 12.85 12.85 12.85 12.85 12.85 12.84 12.85 12.84 12.84 12.87 12.88 12.89 12.89 12.89 12.89 12.89 12.89 12.89 12.89 12.89 12.89 12.90 12.90 12.90 12.89 12.89 12.90 12.89 12.89 12.88 12.89 12.91 12.90 12.89 12.90 12.90 12.90 12.89 12.89 12.89 12.90 12.89 12.88 12.90 12.89 12.90 12.90 12.89 12.90 12.90 12.91 12.90 12.90 12.88 12.90 12.90 12.87 12.87 12.87 12.87 12.87 12.87 12.87
12.81 12.81 12.81 12.81 12.80 12.80 12.81 12.83 12.83 12.83 12.81 12.81 12.81 12.82 12.82 12.81 12.82 12.83 12.83 12.83 12.82 12.81 12.82 12.83 12.84 12.84 12.85 12.85 12.86 12.86 12.87 12.87 12.86 12.87 12.87 12.86 12.87 12.87 12.85 12.86 12.84 12.82 12.85 12.86 12.85 12.87 12.85 12.85 12.86 12.86 12.85 12.86 12.86 12.85 12.86 12.85 12.85 12.87 12.86 12.86 12.87 12.86 12.86 12.86 12.88 12.87 12.86 12.87 12.87 12.87 12.85 12.85 12.85 12.84 12.86 12.85 12.83
12.78 12.79 12.80 12.79 12.78 12.78 12.77 12.79 12.81 12.81 12.81 12.80 12.81 12.80 12.79 12.78 12.79 12.80 12.78 12.82 12.81 12.79 12.80 12.80 12.81 12.82 12.82 12.83 12.82 12.84 12.84 12.84 12.84 12.84 12.84 12.85 12.84 12.83 12.84 12.86 12.84 12.79 12.86 12.83 12.83 12.84 12.83 12.83 12.82 12.82 12.82 12.81 12.84 12.83 12.83 12.83 12.84 12.86 12.86 12.86 12.85 12.85 12.85 12.86 12.85 12.85 12.85 12.84 12.85 12.84 12.86 12.83 12.83 12.84 12.84 12.82 12.81
12.77 12.77 12.77 12.77 12.76 12.75 12.75 12.75 12.76 12.77 12.78 12.78 12.78 12.77 12.77 12.77 12.78 12.79 12.78 12.78 12.78 12.80 12.79 12.79 12.79 12.79 12.80 12.80 12.79 12.81 12.81 12.81 12.81 12.82 12.82 12.82 12.83 12.84 12.83 12.81 12.81 12.82 12.83 12.82 12.80 12.81 12.81 12.80 12.80 12.81 12.81 12.80 12.81 12.82 12.82 12.82 12.82 12.82 12.84 12.85 12.84 12.84 12.84 12.83 12.83 12.83 12.83 12.82 12.82 12.82 12.83 12.83 12.81 12.81 12.81 12.80 12.78
12.76 12.76 12.75 12.73 12.74 12.74 12.74 12.74 12.75 12.75 12.76 12.75 12.75 12.75 12.75 12.76 12.77 12.76 12.75 12.75 12.77 12.78 12.77 12.77 12.76 12.76 12.77 12.78 12.78 12.78 12.79 12.79 12.78 12.78 12.78 12.79 12.81 12.79 12.78 12.78 12.77 12.78 12.79 12.79 12.79 12.78 12.79 12.78 12.78 12.78 12.78 12.78 12.79 12.80 12.80 12.79 12.80 12.79 12.80 12.80 12.80 12.79 12.79 12.79 12.82 12.80 12.80 12.80 12.79 12.80 12.80 12.80 12.77 12.75 12.77 12.77 12.74
12.73 12.73 12.73 12.72 12.71 12.71 12.71 12.72 12.72 12.72 12.72 12.72 12.73 12.73 12.73 12.73 12.74 12.74 12.76 12.78 12.79 12.75 12.75 12.77 12.76 12.76 12.76 12.76 12.75 12.75 12.75 12.75 12.75 12.75 12.75 12.76 12.77 12.75 12.75 12.76 12.76 12.76 12.76 12.77 12.77 12.76 12.77 12.77 12.77 12.78 12.76 12.75 12.75 12.77 12.76 12.77 12.78 12.77 12.76 12.76 12.76 12.76 12.76 12.76 12.77 12.78 12.78 12.78 12.76 12.75 12.75 12.76 12.75 12.73 12.75 12.75 12.72
12.72 12.72 12.71 12.71 12.70 12.70 12.69 12.69 12.70 12.70 12.70 12.70 12.71 12.71 12.71 12.71 12.72 12.72 12.72 12.74 12.73 12.72 12.72 12.73 12.73 12.75 12.75 12.73 12.72 12.72 12.72 12.72 12.72 12.72 12.73 12.73 12.74 12.73 12.74 12.75 12.75 12.76 12.73 12.74 12.74 12.74 12.73 12.73 12.75 12.77 12.78 12.76 12.76 12.76 12.76 12.76 12.76 12.77 12.75 12.75 12.75 12.76 12.75 12.75 12.76 12.75 12.77 12.75 12.73 12.72 12.72 12.73 12.75 12.75 12.72 12.73 12.72
12.73 12.73 12.71 12.70 12.68 12.68 12.68 12.67 12.67 12.68 12.68 12.69 12.69 12.68 12.68 12.68 12.68 12.68 12.71 12.70 12.71 12.70 12.70 12.70 12.70 12.71 12.72 12.69 12.69 12.70 12.70 12.70 12.70 12.70 12.57 12.71 12.71 12.71 12.71 12.70 12.71 12.73 12.71 12.74 12.71 12.71 12.72 12.70 12.70 12.73 12.73 12.74 12.73 12.74 12.74 12.74 12.76 12.75 12.75 12.74 12.74 12.73 12.72 12.72 12.72 12.73 12.74 12.72 12.72 12.70 12.71 12.71 12.71 12.72 12.69 12.70 12.70
12.71 12.71 12.71 12.70 12.57 12.67 12.67 12.66 12.65 12.64 12.65 12.64 12.65 12.65 12.66 12.66 12.66 12.68 12.69 12.69 12.69 12.69 12.68 12.68 12.68 12.68 12.67 12.67 12.67 12.67 12.68 12.68 12.69 12.69 12.68 12.69 12.69 12.69 12.69 12.68 12.69 12.70 12.69 12.69 12.68 12.69 12.70 12.70 12.70 12.71 12.72 12.70 12.70 12.71 12.71 12.72 12.73 12.72 12.74 12.73 12.74 12.72 12.70 12.70 12.70 12.72 12.72 12.72 12.72 12.72 12.71 12.70 12.70 12.69 12.70 12.67 12.64
12.69 12.68 12.69 12.68 12.68 12.66 12.63 12.63 12.63 12.63 12.63 12.62 12.62 12.63 12.62 12.62 12.65 12.66 12.66 12.66 12.66 12.66 12.66 12.66 12.66 12.65 12.65 12.65 12.65 12.65 12.64 12.65 12.65 12.65 12.65 12.66 12.66 12.66 12.66 12.65 12.65 12.66 12.66 12.65 12.65 12.67 12.69 12.68 12.69 12.69 12.70 12.67 12.66 12.69 12.68 12.68 12.68 12.69 12.69 12.69 12.69 12.68 12.69 12.67 12.68 12.69 12.70 12.69 12.68 12.67 12.67 12.66 12.66 12.66 12.65 12.65 12.62
12.65 12.64 12.65 12.65 12.66 12.67 12.66 12.63 12.62 12.61 12.62 12.62 12.61 12.61 12.60 12.60 12.63 12.63 12.64 12.64 12.64 12.64 12.64 12.64 12.64 12.63 12.62 12.62 12.63 12.63 12.62 12.63 12.64 12.63 12.63 12.64 12.64 12.64 12.64 12.64 12.64 12.63 12.63 12.63 12.63 12.63 12.65 12.66 12.66 12.66 12.66 12.65 12.65 12.66 12.66 12.64 12.64 12.65 12.66 12.66 12.65 12.66 12.67 12.66 12.65 12.66 12.67 12.66 12.66 12.65 12.64 12.65 12.66 12.64 12.64 12.64 12.63
12.63 12.63 12.62 12.63 12.63 12.63 12.64 12.64 12.64 12.63 12.61 12.60 12.61 12.60 12.59 12.61 12.60 12.61 12.61 12.62 12.61 12.61 12.61 12.61 12.61 12.61 12.61 12.61 12.61 12.61 12.63 12.64 12.62 12.61 12.62 12.61 12.61 12.61 12.61 12.61 12.61 12.61 12.61 12.61 12.61 12.62 12.62 12.62 12.62 12.62 12.63 12.63 12.62 12.64 12.63 12.62 12.62 12.62 12.63 12.63 12.63 12.64 12.65 12.65 12.65 12.66 12.66 12.65 12.65 12.65 12.64 12.63 12.64 12.63 12.64 12.63 12.61
12.62 12.61 12.61 12.63 12.62 12.63 12.62 12.61 12.59 12.60 12.60 12.60 12.59 12.58 12.60 12.60 12.59 12.57 12.58 12.58 12.58 12.58 12.58 12.59 12.59 12.59 12.59 12.58 12.58 12.58 12.59 12.59 12.58 12.58 12.59 12.60 12.59 12.58 12.59 12.59 12.59 12.59 12.59 12.59 12.59 12.60 12.59 12.59 12.59 12.58 12.58 12.59 12.60 12.61 12.60 12.61 12.61 12.61 12.61 12.61 12.62 12.61 12.61 12.62 12.62 12.63 12.63 12.63 12.63 12.63 12.62 12.61 12.62 12.62 12.62 12.61 12.60
12.59 12.59 12.59 12.59 12.58 12.58 12.59 12.58 12.57 12.56 12.57 12.58 12.58 12.61 12.59 12.57 12.57 12.58 12.59 12.58 12.57 12.57 12.57 12.57 12.57 12.57 12.57 12.57 12.57 12.57 12.56 12.57 12.56 12.57 12.57 12.57 12.57 12.57 12.57 12.56 12.57 12.56 12.56 12.56 12.56 12.57 12.57 12.57 12.59 12.58 12.57 12.57 12.57 12.57 12.57 12.58 12.58 12.58 12.59 12.61 12.60 12.62 12.61 12.61 12.60 12.60 12.59 12.61 12.63 12.61 12.60 12.60 12.61 12.61 12.60 12.60 12.59
12.56 12.57 12.56 12.57 12.56 12.56 12.56 12.56 12.56 12.55 12.55 12.55 12.55 12.59 12.59 12.57 12.55 12.56 12.56 12.58 12.56 12.56 12.56 12.55 12.55 12.54 12.55 12.55 12.55 12.55 12.54 12.55 12.55 12.54 12.54 12.54 12.54 12.54 12.54 12.55 12.55 12.55 12.54 12.54 12.55 12.54 12.56 12.55 12.56 12.56 12.55 12.55 12.55 12.55 12.55 12.56 12.55 12.54 12.56 12.59 12.59 12.59 12.59 12.58 12.59 12.60 12.58 12.59 12.59 12.59 12.58 12.59 12.58 12.57 12.58 12.57 12.57
12.55 12.55 12.54 12.55 12.55 12.55 12.55 12.54 12.55 12.53 12.54 12.53 12.56 12.56 12.56 12.56 12.53 12.53 12.54 12.56 12.55 12.55 12.55 12.55 12.54 12.54 12.53 12.52 12.53 12.52 12.53 12.55 12.55 12.54 12.54 12.53 12.52 12.52 12.52 12.52 12.52 12.52 12.52 12.52 12.53 12.52 12.53 12.54 12.53 12.52 12.52 12.52 12.53 12.54 12.54 12.55 12.54 12.54 12.53 12.55 12.55 12.55 12.55 12.54 12.54 12.56 12.56 12.55 12.55 12.56 12.58 12.58 12.57 12.56 12.56 12.55 12.41
12.53 12.53 12.53 12.54 12.54 12.53 12.52 12.52 12.52 12.51 12.52 12.54 12.54 12.54 12.54 12.54 12.52 12.50 12.50 12.50 12.51 12.52 12.51 12.51 12.51 12.51 12.50 12.50 12.49 12.49 12.49 12.50 12.49 12.49 12.50 12.50 12.50 12.49 12.49 12.50 12.50 12.50 12.50 12.50 12.50 12.50 12.50 12.50 12.50 12.50 12.50 12.50 12.50 12.51 12.50 12.50 12.50 12.51 12.53 12.53 12.52 12.52 12.51 12.52 12.53 12.54 12.53 12.53 12.52 12.52 12.54 12.57 12.56 12.55 12.39 12.37 12.44
12.51 12.51 12.52 12.52 12.51 12.51 12.50 12.50 12.50 12.50 12.53 12.53 12.52 12.52 12.53 12.51 12.49 12.49 12.47 12.46 12.46 12.48 12.50 12.50 12.49 12.49 12.50 12.50 12.50 12.49 12.47 12.48 12.47 12.47 12.48 12.48 12.48 12.48 12.49 12.50 12.50 12.50 12.50 12.50 12.50 12.49 12.49 12.50 12.49 12.48 12.48 12.48 12.48 12.48 12.48 12.48 12.48 12.48 12.49 12.50 12.50 12.50 12.52 12.51 12.51 12.51 12.50 12.50 12.52 12.52 12.53 12.55 12.54 12.54 12.53 12.53 12.52
12.50 12.50 12.50 12.50 12.49 12.49 12.48 12.49 12.49 12.48 12.51 12.50 12.50 12.49 12.49 12.48 12.47 12.46 12.46 12.44 12.44 12.45 12.48 12.49 12.48 12.47 12.48 12.48 12.49 12.48 12.47 12.48 12.47 12.48 12.48 12.48 12.47 12.46 12.46 12.47 12.47 12.46 12.47 12.47 12.47 12.47 12.48 12.48 12.48 12.48 12.47 12.46 12.45 12.45 12.45 12.45 12.45 12.46 12.46 12.47 12.47 12.48 12.50 12.51 12.50 12.50 12.48 12.48 12.50 12.51 12.53 12.53 12.54 12.53 12.53 12.51 12.50
12.49 12.48 12.47 12.48 12.47 12.47 12.45 12.45 12.45 12.48 12.49 12.48 12.48 12.48 12.47 12.46 12.46 12.46 12.45 12.43 12.42 12.43 12.45 12.46 12.46 12.46 12.47 12.47 12.46 12.44 12.44 12.45 12.46 12.46 12.47 12.46 12.45 12.44 12.44 12.44 12.44 12.45 12.45 12.44 12.44 12.45 12.46 12.46 12.47 12.47 12.47 12.45 12.45 12.45 12.45 12.45 12.45 12.46 12.46 12.45 12.45 12.45 12.46 12.45 12.45 12.46 12.45 12.46 12.47 12.48 12.50 12.49 12.48 12.48 12.49 12.47 12.46
12.47 12.46 12.44 12.44 12.43 12.43 12.43 12.43 12.46 12.46 12.45 12.46 12.46 12.47 12.47 12.45 12.44 12.43 12.45 12.41 12.40 12.40 12.42 12.44 12.44 12.44 12.45 12.46 12.44 12.42 12.41 12.41 12.42 12.43 12.44 12.42 12.41 12.41 12.41 12.42 12.42 12.42 12.41 12.42 12.42 12.42 12.43 12.43 12.44 12.44 12.44 12.44 12.43 12.44 12.44 12.45 12.45 12.47 12.45 12.43 12.42 12.43 12.44 12.44 12.43 12.42 12.43 12.42 12.42 12.42 12.44 12.44 12.44 12.45 12.46 12.47 12.45
12.43 12.43 12.41 12.41 12.41 12.41 12.42 12.44 12.42 12.43 12.43 12.43 12.42 12.42 12.43 12.43 12.44 12.42 12.39 12.38 12.37 12.38 12.38 12.40 12.41 12.40 12.41 12.41 12.42 12.40 12.39 12.38 12.38 12.38 12.38 12.39 12.39 12.40 12.40 12.39 12.39 12.39 12.39 12.39 12.40 12.40 12.40 12.40 12.40 12.40 12.40 12.41 12.41 12.41 12.41 12.41 12.42 12.41 12.40 12.39 12.38 12.39 12.40 12.39 12.38 12.39 12.41 12.40 12.39 12.39 12.40 12.40 12.41 12.42 12.44 12.42 12.42
12.39 12.39 12.40 12.38 12.38 12.38 12.38 12.42 12.43 12.43 12.41 12.40 12.40 12.40 12.41 12.40 12.40 12.41 12.39 12.36 12.35 12.35 12.35 12.35 12.36 12.36 12.38 12.39 12.39 12.38 12.37 12.36 12.36 12.36 12.36 12.37 12.36 12.36 12.38 12.38 12.38 12.38 12.37 12.38 12.38 12.38 12.38 12.37 12.38 12.38 12.39 12.38 12.39 12.38 12.37 12.38 12.38 12.38 12.37 12.36 12.37 12.38 12.38 12.37 12.36 12.36 12.39 12.38 12.38 12.38 12.37 12.38 12.38 12.39 12.41 12.42 12.41
