BOM_solar_grid_data_201906/2019061420190614.grid
ncols 839
nrows 679
xllcenter 112.0500
yllcenter -43.9500
cellsize 0.0500
nodata_value 99999.90
[rows 272 to 305 of 679, columns 693 to 769 of 839]
15.61 15.58 15.61 15.61 15.61 15.52 15.55 15.61 15.61 15.62 15.59 15.59 15.58 15.57 15.57 15.59 15.60 15.60 15.58 15.57 15.56 15.57 15.51 15.54 15.56 15.57 15.56 15.55 15.56 15.55 15.55 15.48 15.40 15.52 15.20 15.32 15.52 15.49 14.92 14.63 14.99 14.83 14.90 14.92 14.97 14.44 13.49 14.07 14.86 15.02 15.18 15.03 14.96 15.18 15.13 15.04 14.74 14.10 14.27 15.13 15.36 15.37 15.21 15.00 15.10 15.24 15.38 15.42 15.33 14.73 14.39 14.29 14.29 14.65 14.53 13.71 14.91
15.55 15.59 15.59 15.56 15.51 15.44 15.48 15.54 15.60 15.54 15.54 15.56 15.57 15.56 15.55 15.58 15.58 15.58 15.57 15.57 15.56 15.55 15.52 15.55 15.53 15.55 15.55 15.62 15.55 15.55 15.54 15.55 15.47 15.46 15.41 15.30 15.56 15.54 15.04 14.42 14.73 14.92 15.21 15.10 14.96 14.51 13.23 14.03 15.04 15.23 15.22 15.15 15.01 14.69 14.54 14.85 15.12 14.80 14.50 15.07 15.19 15.16 15.31 14.73 14.48 15.07 15.02 15.40 15.54 15.32 15.22 14.30 14.92 15.37 14.67 13.76 14.06
15.49 15.44 15.57 15.56 15.44 15.50 15.55 15.51 15.57 15.55 15.52 15.55 15.55 15.54 15.54 15.56 15.56 15.53 15.54 15.53 15.53 15.52 15.53 15.52 15.41 15.45 15.47 15.50 15.51 15.51 15.47 15.50 15.49 15.46 15.38 15.47 15.54 15.52 14.89 14.13 14.57 14.75 15.34 15.46 15.27 15.26 13.64 13.07 13.65 14.83 15.08 15.18 14.65 14.53 14.37 14.93 15.31 15.31 15.06 14.76 15.25 15.38 15.35 15.23 14.51 14.21 14.66 15.09 15.43 15.53 15.29 15.28 15.38 15.54 15.16 14.12 13.94
15.51 15.38 15.42 15.51 15.46 15.52 15.54 15.55 15.55 15.57 15.53 15.51 15.52 15.53 15.54 15.54 15.51 15.53 15.52 15.48 15.50 15.51 15.51 15.48 15.48 15.47 15.48 15.42 15.49 15.50 15.49 15.49 15.48 15.44 15.42 15.50 15.52 15.49 15.19 14.93 15.00 14.92 14.97 15.29 15.47 15.41 14.35 13.63 14.21 14.10 15.03 15.08 15.03 15.12 14.80 14.98 15.48 15.29 15.32 15.20 14.85 15.12 15.32 15.13 14.83 14.28 14.18 14.89 15.19 15.22 15.31 15.41 15.42 15.51 15.32 14.75 14.15
15.50 15.37 15.42 15.31 15.45 15.49 15.53 15.54 15.53 15.54 15.53 15.47 15.49 15.50 15.53 15.52 15.51 15.50 15.50 15.38 15.48 15.47 15.48 15.42 15.44 15.45 15.47 15.47 15.47 15.49 15.48 15.48 15.48 15.47 15.49 15.49 15.50 15.45 15.33 15.13 15.21 15.01 14.88 15.29 15.18 15.12 15.22 14.64 14.54 14.88 15.19 14.71 14.57 14.25 14.29 15.02 15.10 15.25 15.51 15.26 14.90 15.15 15.43 15.35 15.18 14.87 14.31 14.20 15.16 15.28 15.35 15.49 15.40 15.49 15.50 15.20 14.72
15.47 15.40 15.39 15.46 15.36 15.47 15.49 15.50 15.52 15.52 15.50 15.45 15.47 15.47 15.50 15.49 15.50 15.49 15.48 15.48 15.47 15.45 15.48 15.40 15.42 15.41 15.43 15.45 15.42 15.46 15.46 15.45 15.44 15.46 15.47 15.47 15.48 15.47 15.28 15.34 15.03 15.04 15.09 15.09 14.97 15.10 15.43 15.22 14.87 14.78 15.16 14.90 14.29 14.60 14.35 14.89 15.08 15.40 15.23 15.21 14.83 15.06 15.43 15.33 15.39 15.30 14.72 14.04 15.18 15.43 15.46 15.41 15.41 15.43 15.48 15.35 15.39
15.43 15.27 15.44 15.38 15.37 15.44 15.45 15.44 15.48 15.48 15.47 15.43 15.46 15.47 15.47 15.46 15.46 15.46 15.47 15.47 15.43 15.43 15.44 15.36 15.29 15.32 15.40 15.43 15.41 15.42 15.44 15.44 15.44 15.45 15.44 15.45 15.44 15.45 15.43 15.40 15.19 15.17 15.19 15.20 15.07 15.38 15.38 15.21 15.02 15.18 15.38 15.42 15.30 15.27 14.98 14.73 14.99 15.32 15.12 14.81 15.23 14.97 15.42 15.38 15.38 15.45 15.27 14.85 15.14 15.38 15.33 15.39 15.44 15.44 15.47 15.46 15.47
15.39 15.28 15.34 15.41 15.39 15.42 15.35 15.43 15.45 15.45 15.45 15.44 15.45 15.44 15.44 15.45 15.40 15.45 15.45 15.44 15.40 15.41 15.42 15.31 15.26 15.29 15.40 15.40 15.40 15.40 15.41 15.42 15.42 15.42 15.42 15.42 15.42 15.34 15.42 15.36 15.29 15.34 15.36 15.22 15.07 15.33 15.38 15.28 15.14 15.39 15.39 15.40 15.43 15.29 15.28 14.86 14.86 14.87 15.17 14.86 14.90 15.19 15.43 15.44 15.34 15.38 15.31 15.21 15.30 15.39 15.36 15.41 15.43 15.45 15.45 15.44 15.45
15.36 15.36 15.31 15.38 15.40 15.38 15.41 15.43 15.42 15.44 15.42 15.41 15.42 15.41 15.42 15.39 15.37 15.42 15.39 15.42 15.40 15.39 15.42 15.36 15.17 15.30 15.39 15.36 15.39 15.38 15.35 15.40 15.39 15.37 15.38 15.39 15.41 15.34 15.37 15.36 15.35 15.33 15.36 15.24 15.13 15.20 15.37 15.33 15.36 15.37 15.38 15.39 15.41 15.40 15.37 15.31 14.90 14.68 14.85 15.28 15.39 15.37 15.42 15.38 15.31 15.42 15.38 15.26 15.36 15.39 15.41 15.31 15.35 15.38 15.38 15.40 15.41
15.11 15.35 15.30 15.35 15.33 15.36 15.39 15.41 15.39 15.39 15.38 15.37 15.38 15.39 15.38 15.28 15.35 15.37 15.38 15.37 15.38 15.37 15.37 15.34 15.29 15.32 15.35 15.36 15.37 15.36 15.35 15.36 15.36 15.37 15.36 15.36 15.39 15.38 15.35 15.36 15.36 15.36 15.36 15.28 15.22 15.21 15.35 15.31 15.32 15.32 15.34 15.35 15.36 15.38 15.38 15.36 15.11 15.08 14.51 15.12 15.36 15.39 15.38 15.36 15.28 15.40 15.38 15.41 15.38 15.39 15.39 15.39 15.29 15.30 15.36 15.39 15.39
15.10 15.13 15.28 15.35 15.34 15.30 15.35 15.36 15.37 15.37 15.36 15.33 15.36 15.36 15.32 15.32 15.26 15.32 15.36 15.38 15.37 15.36 15.35 15.34 15.35 15.33 15.30 15.33 15.33 15.34 15.34 15.33 15.35 15.34 15.34 15.34 15.35 15.35 15.19 15.09 15.16 15.23 15.26 15.22 15.31 15.31 15.33 15.30 15.33 15.32 15.32 15.33 15.34 15.36 15.36 15.35 15.33 15.26 15.04 14.87 15.27 15.35 15.35 15.35 15.32 15.32 15.37 15.37 15.34 15.36 15.34 15.35 15.35 15.33 15.35 15.38 15.39
15.18 15.25 15.24 15.12 15.30 15.31 15.30 15.32 15.33 15.32 15.32 15.32 15.32 15.33 15.34 15.33 15.29 15.34 15.34 15.34 15.35 15.34 15.34 15.32 15.32 15.31 15.34 15.33 15.31 15.32 15.32 15.32 15.33 15.31 15.32 15.32 15.29 15.28 15.34 15.25 15.15 15.19 15.13 15.24 15.31 15.27 15.30 15.26 15.30 15.30 15.31 15.31 15.32 15.33 15.34 15.32 15.33 15.31 15.28 14.85 15.21 15.34 15.32 15.33 15.33 15.28 15.34 15.34 15.33 15.34 15.34 15.33 15.36 15.36 15.37 15.35 15.35
15.29 15.28 15.25 15.12 15.30 15.29 15.29 15.28 15.29 15.30 15.30 15.29 15.29 15.29 15.33 15.32 15.31 15.32 15.34 15.30 15.29 15.30 15.30 15.30 15.30 15.30 15.29 15.29 15.28 15.30 15.28 15.29 15.28 15.31 15.30 15.29 15.30 15.24 15.31 15.27 15.30 15.24 15.26 15.26 15.29 15.20 15.21 15.27 15.28 15.28 15.29 15.28 15.30 15.30 15.30 15.30 15.30 15.29 15.31 15.28 14.61 15.32 15.32 15.29 15.30 15.31 15.33 15.21 15.31 15.32 15.28 14.92 15.32 15.35 15.33 15.35 15.34
15.27 15.26 15.20 15.12 15.10 15.21 15.18 15.27 15.27 15.29 15.29 15.29 15.28 15.27 15.31 15.32 15.31 15.28 15.29 15.29 15.25 15.27 15.27 15.27 15.28 15.27 15.28 15.26 15.29 15.28 15.26 15.27 15.21 15.25 15.26 15.27 15.21 15.12 15.28 15.24 15.21 15.27 15.31 15.29 15.29 15.22 15.12 15.14 15.20 15.27 15.29 15.27 15.28 15.27 15.29 15.30 15.29 15.28 15.30 15.29 15.04 15.14 15.30 15.31 15.20 15.27 15.29 15.28 15.25 15.07 15.29 15.30 15.33 15.31 15.30 15.31 15.33
15.26 15.24 15.26 15.25 15.24 15.24 15.19 15.19 15.24 15.18 15.10 15.16 15.25 15.24 15.26 15.27 15.27 15.26 15.24 15.23 15.22 15.24 15.23 15.25 15.25 15.26 15.25 15.24 15.26 15.26 15.24 15.25 15.24 15.23 15.23 15.25 15.26 15.24 15.28 15.22 15.23 15.26 15.26 15.24 15.26 15.13 15.06 15.06 15.14 15.24 15.24 15.25 15.26 15.26 15.26 15.25 15.27 15.22 15.25 15.27 15.23 14.89 15.20 15.15 15.14 15.19 15.14 15.23 15.30 15.17 15.30 15.29 15.29 15.30 15.30 15.28 15.29
15.23 15.24 15.21 15.23 15.23 15.23 15.22 15.23 15.23 15.19 14.93 15.11 15.23 15.22 15.22 15.21 15.22 15.22 15.23 15.23 15.24 15.22 15.21 15.21 15.22 15.01 15.21 15.13 15.21 15.21 15.22 15.22 15.20 15.21 15.23 15.22 15.23 15.23 15.26 15.18 15.20 15.24 15.26 15.25 15.12 15.24 15.15 15.08 15.05 15.22 15.22 15.22 15.24 15.24 15.23 15.22 15.23 15.23 15.23 15.22 15.23 14.83 15.13 15.17 15.13 15.11 15.20 15.21 15.20 15.27 15.25 15.26 15.25 15.26 15.28 15.26 15.26
15.22 15.20 15.20 15.21 15.21 15.21 15.21 15.22 15.21 15.24 15.17 15.12 15.05 14.98 15.10 15.21 15.21 15.21 15.22 15.21 15.20 15.15 15.06 15.07 15.08 14.82 15.04 15.12 15.04 15.13 15.20 15.19 15.18 15.19 15.23 15.15 15.19 15.20 15.22 15.22 15.22 15.23 15.24 15.25 15.22 15.13 15.17 15.10 15.01 15.12 15.16 15.20 15.18 15.15 15.19 15.20 15.15 15.18 15.21 15.20 15.19 15.11 15.16 15.16 15.04 15.10 15.17 15.24 15.16 15.17 15.17 15.22 15.11 15.18 15.23 15.14 15.16
15.18 15.20 15.20 15.20 15.20 15.09 15.14 15.20 15.20 15.21 15.08 15.04 14.99 14.95 14.89 15.06 15.07 15.18 15.15 15.09 15.05 14.98 15.09 14.94 14.84 14.53 14.82 15.06 15.00 15.18 15.18 15.18 15.18 15.16 15.19 15.03 15.16 15.18 15.22 15.21 15.20 15.19 15.16 15.22 15.23 15.15 15.20 15.14 14.95 15.18 15.12 15.17 15.13 15.12 15.17 15.15 15.12 15.16 15.13 15.06 15.14 15.17 15.13 15.20 15.12 15.04 15.16 15.19 15.15 15.19 15.21 15.20 15.12 14.91 15.23 15.20 15.21
15.05 15.16 15.16 15.16 15.16 15.10 15.12 15.09 15.11 15.07 14.99 15.01 14.98 14.97 14.99 14.83 14.93 14.87 14.87 14.97 15.02 14.95 15.00 14.86 15.08 14.99 15.16 15.13 15.15 15.15 15.14 15.14 15.14 15.12 15.14 15.16 15.10 15.15 15.19 15.19 15.19 15.14 15.14 15.18 15.19 15.20 15.18 15.13 15.07 15.18 15.17 15.12 15.14 15.06 15.17 15.18 15.20 15.18 15.10 15.14 15.16 15.17 15.17 15.19 15.11 15.04 15.15 15.16 15.05 15.16 15.14 15.08 14.81 14.57 15.20 15.20 15.15
15.15 15.17 15.15 15.14 15.10 15.04 14.96 15.01 14.89 14.88 14.89 14.95 14.86 15.00 15.04 15.02 15.00 15.09 14.99 14.72 14.92 15.08 15.07 15.08 15.13 15.13 15.13 15.13 15.13 15.13 15.13 15.13 15.12 15.08 15.13 15.15 15.15 15.13 15.11 15.18 15.18 15.16 15.13 15.15 15.15 15.17 15.12 15.04 15.12 15.15 15.12 15.09 15.09 15.15 15.17 15.16 15.16 15.16 15.14 15.15 15.18 15.16 15.15 15.08 15.10 15.06 15.14 15.18 15.11 15.16 15.09 14.95 14.90 14.15 14.88 15.16 15.11
15.12 15.12 15.11 15.13 15.11 15.12 15.05 14.98 14.72 14.75 14.84 14.79 14.72 14.85 15.04 15.03 14.98 15.02 14.83 14.82 15.03 15.09 15.08 15.10 15.10 15.11 15.10 15.09 15.10 15.10 15.11 15.11 15.10 15.08 15.12 15.14 15.12 15.12 15.12 15.15 15.16 15.09 15.10 15.12 15.12 15.13 14.98 15.04 15.09 15.12 15.11 15.07 15.09 15.13 15.13 15.13 15.14 15.14 15.15 15.13 15.09 15.13 15.12 15.03 15.08 15.11 15.10 15.15 15.10 14.97 14.93 14.84 14.87 14.48 14.53 15.13 15.13
14.98 15.05 15.06 15.09 15.08 15.09 15.08 15.03 14.84 14.82 14.94 14.89 15.01 14.90 14.89 14.93 14.97 14.96 15.07 15.08 15.04 15.02 15.05 15.07 15.03 15.06 15.07 15.07 15.08 15.09 15.10 15.09 15.08 15.07 15.08 15.10 15.08 15.10 15.09 14.96 15.11 15.10 15.11 15.13 15.09 15.09 14.95 14.98 15.09 15.10 15.09 15.07 15.13 15.12 15.14 15.13 15.12 15.11 15.12 15.11 15.09 15.05 15.10 15.07 15.10 15.12 15.10 15.09 15.08 14.99 14.89 14.79 14.96 14.88 14.54 15.06 15.13
14.91 14.90 15.06 15.03 15.07 15.07 15.06 15.06 15.05 15.00 14.95 15.05 15.04 15.02 14.96 14.86 14.97 15.06 15.05 15.04 15.05 15.05 15.04 14.94 14.84 14.98 15.03 15.04 15.06 15.06 15.07 15.06 15.05 15.02 15.05 15.06 14.95 15.01 15.06 15.07 15.09 15.05 15.10 15.10 15.05 14.93 15.00 15.04 15.06 15.06 15.07 15.08 15.10 15.10 15.10 15.08 15.08 15.07 15.06 15.07 15.08 14.98 15.05 15.04 14.99 15.11 15.10 15.10 15.08 15.09 14.93 14.89 14.91 14.92 14.65 14.95 15.10
14.77 14.81 15.00 14.91 15.03 15.04 15.02 14.99 15.04 15.05 15.04 15.02 15.00 15.04 15.04 15.04 15.04 15.03 15.03 15.03 15.03 14.98 14.98 14.44 14.30 14.73 14.67 14.97 15.01 15.04 15.03 15.03 15.03 15.01 15.04 15.05 15.02 15.06 15.04 15.04 15.06 15.04 15.05 15.02 15.01 15.03 15.01 15.00 15.03 15.03 15.03 15.07 15.08 15.09 15.07 15.07 15.07 15.06 15.03 14.94 15.01 15.01 15.04 15.07 15.07 15.05 15.06 15.06 15.06 15.07 15.03 14.93 14.96 15.02 14.76 14.97 15.08
14.75 14.81 14.76 14.57 14.90 14.98 14.99 15.02 15.01 15.00 14.99 15.01 15.03 15.00 14.97 14.99 15.00 14.98 14.97 14.97 14.98 14.76 14.57 13.25 14.06 14.59 14.69 14.90 14.98 15.01 15.01 15.00 14.99 15.01 15.01 15.03 15.02 15.02 15.01 15.01 15.02 14.99 14.95 15.00 15.04 14.95 14.98 15.01 14.97 14.99 15.04 15.05 15.06 15.06 15.05 15.05 15.04 15.03 15.02 15.03 15.03 15.04 15.05 15.06 15.04 15.05 15.03 15.07 15.05 15.04 15.04 15.06 15.05 15.03 15.05 15.06 15.06
14.89 14.96 14.80 14.69 14.82 14.78 14.84 14.86 14.85 14.81 14.78 14.84 14.95 14.98 14.98 14.99 14.98 14.98 14.97 14.89 14.57 14.47 13.88 13.39 14.06 14.37 14.61 14.69 14.85 14.97 14.95 14.94 14.97 14.98 14.93 14.95 14.99 15.00 15.01 14.99 14.99 14.85 14.86 15.02 15.00 14.96 14.95 14.95 14.93 14.97 15.01 15.04 15.03 15.03 15.00 14.98 14.98 15.00 14.98 14.99 15.01 15.03 15.03 15.04 15.02 15.04 15.04 15.04 15.03 15.02 15.03 15.04 15.02 15.01 15.05 15.05 15.04
14.67 14.71 14.79 14.91 14.93 14.85 14.79 14.89 14.71 14.73 14.86 14.88 14.86 14.77 14.78 14.93 14.99 14.94 14.87 14.75 14.48 14.10 13.69 13.98 14.36 14.61 14.50 14.37 14.38 14.68 14.91 14.96 14.94 14.96 14.87 14.85 14.93 14.96 14.95 14.96 14.96 14.81 14.80 14.98 14.97 14.96 14.96 14.97 14.95 14.96 15.01 15.02 15.01 14.97 14.97 14.97 14.97 14.98 14.98 14.97 14.99 14.99 15.01 15.01 15.01 15.00 15.02 15.00 15.00 15.01 15.01 15.00 14.98 15.04 15.03 15.02 15.01
14.60 14.60 14.33 14.33 14.47 14.80 14.83 14.90 14.77 14.61 14.60 14.58 14.54 14.62 14.43 14.70 14.77 14.65 14.58 14.71 14.71 14.19 14.05 14.21 14.10 14.42 14.42 14.18 14.39 14.63 14.86 14.93 14.95 14.97 14.95 14.91 14.89 14.84 14.91 14.87 14.96 14.87 14.76 14.95 14.95 14.95 14.94 14.96 14.92 14.92 14.88 14.95 14.94 14.94 14.94 14.95 14.97 14.95 14.93 14.90 14.95 14.96 14.97 14.98 15.00 14.98 15.00 14.99 15.00 15.00 15.00 14.98 14.98 15.00 14.99 14.94 14.99
14.51 14.59 14.01 13.93 14.37 14.71 14.67 14.58 14.63 14.57 14.46 14.12 13.84 13.87 13.94 14.22 14.47 14.36 14.49 14.38 14.38 14.11 14.32 14.30 14.31 14.72 14.66 14.29 14.55 14.60 14.57 14.84 14.92 14.94 14.96 14.94 14.85 14.82 14.90 14.89 14.91 14.95 14.84 14.93 14.93 14.93 14.93 14.93 14.90 14.79 14.65 14.93 14.92 14.93 14.92 14.93 14.92 14.88 14.85 14.91 14.92 14.93 14.92 14.92 14.93 14.93 14.98 14.98 14.98 14.95 14.97 14.96 14.99 14.95 14.98 14.97 14.96
13.77 14.05 14.32 14.04 14.18 14.15 13.90 14.19 14.26 14.24 14.30 13.96 13.90 13.72 13.72 13.85 14.17 14.33 13.72 14.16 14.24 14.28 14.22 14.29 14.23 14.41 14.30 14.32 14.48 14.46 14.45 14.55 14.77 14.88 14.88 14.89 14.82 14.74 14.71 14.68 14.68 14.85 14.76 14.90 14.90 14.90 14.86 14.91 14.90 14.86 14.88 14.89 14.90 14.91 14.91 14.91 14.90 14.91 14.88 14.87 14.90 14.94 14.91 14.90 14.92 14.91 14.90 14.93 14.95 14.94 14.94 14.97 14.97 14.98 14.91 14.97 14.95
13.51 14.11 14.16 14.33 14.09 14.33 14.06 14.21 14.01 14.17 13.64 13.86 13.75 13.84 13.59 13.69 13.85 13.47 13.83 14.34 14.26 14.20 14.38 14.41 14.52 14.59 14.58 14.50 14.56 14.32 14.44 14.55 14.55 14.79 14.81 14.85 14.79 14.79 14.65 14.48 14.54 14.80 14.73 14.89 14.85 14.86 14.89 14.87 14.85 14.88 14.86 14.86 14.88 14.89 14.88 14.88 14.87 14.89 14.88 14.89 14.89 14.89 14.92 14.90 14.89 14.89 14.90 14.92 14.92 14.92 14.95 14.95 14.95 14.95 14.95 14.94 14.91
13.51 13.63 13.55 13.78 14.03 14.26 14.16 14.09 13.73 13.82 13.43 13.70 14.07 14.05 14.10 13.81 13.42 13.67 13.77 14.00 14.29 14.09 14.44 14.64 14.49 14.72 14.79 14.75 14.65 14.59 14.65 14.68 14.51 14.66 14.80 14.86 14.85 14.86 14.67 14.45 14.41 14.75 14.82 14.86 14.87 14.86 14.86 14.83 14.81 14.86 14.85 14.86 14.85 14.86 14.86 14.87 14.86 14.87 14.86 14.87 14.88 14.87 14.86 14.85 14.85 14.85 14.85 14.87 14.89 14.91 14.93 14.93 14.91 14.91 14.93 14.91 14.89
13.64 13.82 13.76 13.51 13.87 14.26 14.41 14.36 14.29 13.74 13.35 13.04 13.17 13.93 14.24 14.10 13.82 13.99 13.86 13.62 13.86 14.17 14.13 14.39 14.49 14.58 14.66 14.74 14.72 14.68 14.70 14.76 14.74 14.72 14.78 14.83 14.84 14.83 14.78 14.76 14.73 14.70 14.60 14.57 14.82 14.84 14.83 14.80 14.75 14.84 14.83 14.85 14.83 14.84 14.85 14.85 14.84 14.78 14.84 14.86 14.85 14.88 14.86 14.80 14.84 14.87 14.84 14.84 14.86 14.90 14.91 14.90 14.89 14.91 14.90 14.88 14.87
13.74 13.87 13.95 14.26 14.36 14.54 14.44 14.27 14.25 14.14 14.22 13.77 13.29 13.12 13.60 14.17 14.04 13.99 14.06 13.95 14.12 13.78 14.00 13.81 14.04 14.07 14.16 14.30 14.16 14.51 14.55 14.40 14.64 14.78 14.78 14.78 14.80 14.82 14.81 14.80 14.74 14.62 14.53 14.63 14.73 14.77 14.79 14.63 14.64 14.67 14.76 14.78 14.80 14.80 14.82 14.83 14.82 14.78 14.75 14.81 14.84 14.87 14.84 14.83 14.85 14.80 14.86 14.82 14.85 14.86 14.86 14.87 14.87 14.89 14.86 14.81 14.84
