BOM_solar_grid_data_201906/2019062120190621.grid
ncols 839
nrows 679
xllcenter 112.0500
yllcenter -43.9500
cellsize 0.0500
nodata_value 99999.90
[rows 204 to 237 of 679, columns 231 to 307 of 839]
16.85 16.90 16.76 16.71 16.77 16.57 16.55 16.54 16.52 16.60 16.64 16.85 16.95 16.99 16.94 16.75 16.63 16.46 16.43 16.64 16.38 16.49 16.72 16.73 16.39 16.72 16.72 16.75 16.67 16.19 16.40 16.67 16.61 16.45 16.21 16.23 16.19 16.13 16.14 16.11 15.72 15.93 15.69 15.39 15.70 16.10 15.77 16.09 15.24 16.81 16.76 16.69 16.51 16.78 16.45 16.62 16.64 16.78 16.84 16.73 16.53 16.90 16.90 16.44 16.97 16.99 16.98 17.00 16.78 16.68 16.57 16.52 16.51 16.67 16.59 16.73 16.73
16.67 16.76 16.70 16.68 16.51 16.45 16.56 16.54 16.59 16.57 16.84 16.86 16.57 16.51 16.59 16.57 16.54 16.51 16.55 16.32 16.27 16.32 16.57 16.81 16.68 16.79 16.58 16.75 16.94 16.47 16.50 16.40 16.30 16.26 15.65 15.89 16.24 16.07 16.16 16.20 15.54 15.62 15.62 16.00 16.08 15.86 15.81 15.75 16.04 16.63 16.64 16.34 15.63 16.37 16.09 15.73 15.95 15.99 16.47 16.66 16.57 16.59 16.60 16.42 16.71 16.52 16.85 16.93 16.91 16.72 16.57 16.54 16.66 16.87 16.96 16.93 17.03
16.77 16.84 16.86 16.75 16.73 16.57 16.49 16.57 16.66 16.75 16.63 16.62 16.37 16.30 16.67 16.43 16.28 15.97 16.08 16.18 16.05 16.18 16.24 16.57 16.51 16.68 16.69 16.73 16.71 16.41 16.14 16.12 15.58 15.94 15.83 15.70 15.83 15.94 15.65 15.52 15.43 15.41 15.54 15.80 16.04 16.59 15.81 14.96 15.36 16.25 16.47 16.04 16.11 15.72 15.30 15.57 15.93 16.37 15.96 16.18 16.41 16.82 16.86 16.57 16.89 16.96 16.89 17.04 16.98 16.89 16.75 16.61 16.82 16.95 16.92 16.98 17.01
17.03 16.95 16.94 16.86 16.74 16.78 16.82 16.77 16.84 16.86 16.91 16.82 16.52 16.34 16.37 16.16 16.13 16.11 16.12 16.04 16.11 16.18 16.26 16.41 16.38 16.31 16.31 16.29 16.19 16.22 16.24 16.48 16.35 16.74 16.04 15.85 15.76 15.55 14.82 14.81 15.21 15.35 15.69 16.06 16.34 15.91 15.76 15.41 15.54 16.14 16.17 15.74 16.08 15.94 15.35 15.40 15.92 15.96 14.89 16.23 16.94 16.89 16.86 16.79 17.01 16.99 16.97 17.04 17.01 17.03 16.79 16.80 16.86 16.88 16.94 16.99 17.04
17.01 16.89 16.88 16.73 16.85 16.73 16.76 16.74 16.80 16.72 16.78 16.77 16.76 16.58 16.43 16.40 16.00 16.17 15.86 16.07 16.09 16.20 16.24 16.25 16.17 16.56 16.32 16.12 15.93 15.76 15.91 16.00 15.92 15.86 16.37 16.26 16.06 15.54 14.54 14.22 13.87 14.83 15.78 15.98 15.80 15.47 15.90 14.87 15.59 15.92 15.45 14.56 15.54 16.41 16.05 15.91 15.44 16.09 16.50 16.99 16.99 16.80 16.78 16.87 16.98 17.04 17.02 17.01 17.03 17.02 16.91 16.87 16.87 16.87 16.96 16.95 17.02
16.93 16.88 16.66 16.63 16.73 16.73 16.77 16.84 16.84 16.75 16.54 16.50 16.51 16.43 16.35 16.27 16.28 16.14 16.20 16.08 16.04 15.53 15.83 15.89 16.02 16.19 16.23 16.05 16.04 16.06 16.21 15.66 15.63 15.84 15.65 15.45 15.59 14.98 14.85 14.83 14.80 15.20 15.46 15.39 15.47 16.29 16.21 15.16 15.00 15.16 15.53 15.68 16.43 16.53 16.75 16.58 16.67 16.69 16.93 17.01 17.00 17.01 16.96 17.02 17.02 17.00 17.01 16.97 16.94 16.95 16.93 16.95 16.87 16.90 17.01 17.01 16.99
16.80 16.63 16.76 16.70 16.79 16.78 16.79 16.70 16.79 16.66 16.46 16.48 16.33 16.12 16.02 16.04 16.08 16.37 16.26 16.29 16.01 16.36 16.16 16.24 16.15 16.00 15.72 15.74 16.03 15.88 16.34 15.84 15.54 15.66 15.58 15.92 15.72 15.34 15.36 14.67 15.37 15.78 15.48 15.11 15.31 15.79 15.97 15.60 15.72 15.21 15.74 15.87 16.11 16.46 16.87 16.81 16.46 16.75 17.01 16.85 16.93 16.90 17.00 17.01 16.95 16.98 16.98 16.98 17.00 16.99 16.96 16.95 16.93 17.01 16.99 17.00 16.97
16.66 16.79 16.74 16.75 16.58 16.66 16.74 16.78 16.76 16.62 16.56 16.42 16.28 16.07 16.15 16.02 16.09 16.24 16.50 16.37 16.28 16.55 15.93 16.06 16.25 16.21 15.90 15.69 15.93 15.66 15.74 16.07 16.18 16.36 16.31 15.76 16.01 16.17 15.94 15.37 15.42 15.53 15.84 15.55 15.37 16.00 15.79 15.84 15.54 15.90 15.49 16.30 16.17 16.25 16.73 16.76 16.92 16.91 16.66 16.92 16.85 16.81 16.91 16.89 16.70 16.98 16.99 17.01 17.02 16.98 16.95 16.99 16.96 17.01 17.03 17.00 16.97
16.73 16.68 16.81 16.75 16.66 16.73 16.69 16.71 16.67 16.56 16.41 16.35 16.19 16.21 16.15 16.30 16.65 16.66 16.70 16.75 16.40 16.49 16.49 15.91 15.78 15.85 15.71 15.95 16.07 16.02 15.98 15.79 15.81 16.40 16.25 15.96 16.50 16.39 15.73 15.42 15.22 15.76 16.18 16.04 15.88 15.80 15.88 15.76 15.94 15.65 15.46 16.07 16.01 16.10 16.61 16.75 16.75 16.75 16.77 16.91 16.88 16.85 16.87 16.91 16.69 17.00 16.98 17.03 16.96 16.90 16.76 16.93 16.93 16.92 16.94 16.93 16.95
16.77 16.75 16.80 16.78 16.72 16.70 16.72 16.55 16.63 16.65 16.55 16.39 16.28 16.23 16.40 16.27 16.40 16.49 16.48 16.46 16.39 16.66 16.60 16.76 16.15 15.83 15.82 15.64 16.40 15.89 15.61 15.97 15.90 15.93 15.93 16.04 16.27 15.84 15.92 16.28 15.98 15.94 15.80 16.06 16.37 15.89 16.16 16.27 16.19 15.88 15.98 15.88 16.00 15.83 16.32 16.25 16.55 16.57 16.93 16.81 16.71 16.53 16.75 16.41 16.48 16.88 16.89 16.88 16.81 16.82 16.74 16.90 16.86 16.87 16.82 16.89 16.90
16.77 16.77 16.70 16.71 16.67 16.56 16.56 16.43 16.57 16.53 16.44 16.38 16.26 16.27 16.26 16.16 16.44 16.58 16.52 16.23 16.03 15.99 16.21 16.42 16.04 16.00 15.93 15.83 16.18 16.04 16.13 16.06 16.10 15.80 16.10 16.06 16.21 16.08 16.10 16.12 15.91 16.00 15.99 15.80 16.08 15.75 15.80 16.13 16.52 16.21 16.37 16.15 16.12 16.27 16.50 16.28 16.35 16.39 16.53 16.70 16.66 16.61 16.95 16.62 16.68 16.75 16.78 16.84 16.86 16.86 16.76 16.83 16.89 16.86 16.61 16.93 16.86
16.58 16.68 16.71 16.72 16.67 16.59 16.48 16.46 16.20 16.19 16.31 16.43 16.43 16.37 16.26 16.13 16.48 16.51 16.29 15.92 15.75 15.94 15.88 16.14 15.84 15.85 16.04 16.02 16.00 16.18 16.09 16.31 16.11 15.95 15.74 16.18 15.92 15.52 15.59 15.82 15.80 15.86 15.91 16.22 16.37 16.16 16.00 16.12 16.33 16.57 16.71 16.33 16.08 16.21 16.32 15.88 16.57 16.38 16.49 16.62 16.61 16.64 16.82 16.69 16.20 16.85 16.66 16.89 16.85 16.79 16.68 16.86 16.90 16.78 16.52 16.78 16.84
16.42 16.52 16.60 16.69 16.63 16.59 16.73 16.69 16.65 16.45 16.27 16.39 16.31 16.46 16.37 16.22 16.48 16.52 16.18 15.75 15.71 15.58 15.73 16.06 16.03 16.07 15.99 16.15 16.31 16.24 16.10 15.78 15.58 15.45 15.27 15.62 15.80 15.55 15.55 15.82 15.52 15.95 16.13 16.00 15.73 15.68 16.01 16.34 16.52 16.11 15.78 15.66 16.00 16.40 15.87 15.66 16.31 16.49 16.57 16.45 16.48 16.56 16.76 16.60 15.74 16.18 16.73 16.77 16.62 16.54 16.61 16.77 16.77 16.66 16.45 16.82 16.73
16.25 16.27 16.34 16.57 16.48 16.65 16.57 16.58 16.49 16.35 16.36 16.52 16.32 16.12 15.97 16.22 16.09 16.34 15.96 15.65 15.39 15.32 15.65 16.03 15.91 15.85 15.70 15.76 15.79 16.03 15.90 15.39 15.24 15.57 15.32 15.34 14.91 14.68 15.29 15.63 15.50 15.26 15.33 15.24 14.98 15.46 14.96 15.90 15.84 15.94 15.38 15.52 15.90 16.24 15.73 15.27 16.36 16.27 16.39 15.88 16.02 16.54 16.72 16.45 15.75 15.71 16.78 16.50 16.37 16.32 16.11 16.63 16.49 16.25 16.62 16.66 16.52
15.92 16.07 16.48 16.30 16.22 16.07 16.04 16.11 15.90 15.91 16.25 16.56 16.39 16.03 15.72 15.79 15.80 15.78 15.95 15.70 15.30 15.26 15.77 16.31 16.22 16.25 16.23 15.96 15.86 15.63 15.75 15.12 15.63 15.29 15.22 14.99 15.13 14.54 15.29 14.82 14.24 14.21 14.49 15.58 15.24 14.69 14.88 15.14 15.22 15.43 14.92 15.55 15.43 15.76 15.04 15.09 16.23 16.25 15.98 15.58 15.60 15.91 16.42 15.98 15.88 15.89 16.36 16.22 16.32 16.03 16.24 16.50 16.53 16.60 16.41 16.26 16.43
15.58 15.69 16.05 16.22 15.89 15.86 15.77 15.86 15.90 16.02 16.03 16.08 15.80 15.35 15.51 15.38 15.29 15.40 15.70 16.16 15.90 15.61 16.01 16.14 16.35 16.34 16.06 15.51 15.41 15.58 15.38 15.21 14.89 15.32 15.18 15.21 15.17 14.79 15.29 14.40 14.06 13.92 14.30 15.14 14.07 14.02 14.88 14.72 14.36 14.74 15.18 15.43 15.07 15.34 15.35 15.87 15.51 15.49 15.71 15.61 15.17 15.82 16.25 16.00 16.47 16.35 15.90 16.19 15.91 15.55 16.39 16.31 16.68 16.62 16.45 16.76 16.71
14.97 15.98 15.91 15.92 15.64 15.57 15.31 15.68 15.84 16.03 16.04 15.75 15.51 15.29 15.21 15.49 16.09 15.72 16.08 16.38 16.43 15.82 15.97 16.32 16.38 16.30 15.68 14.76 15.33 14.77 14.63 14.22 14.54 14.75 15.13 15.35 15.06 14.20 14.70 14.61 14.43 14.13 14.36 15.28 14.67 13.26 14.22 13.58 13.99 14.52 14.65 14.93 15.02 15.58 15.55 16.11 15.99 15.47 16.06 15.40 15.26 15.97 16.63 16.60 16.31 16.39 16.42 16.58 16.45 16.29 16.70 16.50 16.71 16.60 16.65 16.75 16.76
15.11 15.78 15.60 15.39 15.56 15.23 15.41 15.21 15.34 15.57 15.49 15.05 15.02 15.18 15.63 16.24 16.45 16.66 16.28 15.83 15.85 15.59 15.47 15.63 15.91 15.49 14.36 14.41 15.23 14.47 14.17 13.55 13.43 13.64 13.75 14.08 14.17 13.67 14.15 14.49 14.02 12.81 14.06 14.62 14.01 13.27 13.45 13.67 14.30 14.57 14.04 14.16 15.11 15.24 15.71 16.42 16.12 15.96 15.47 15.07 16.09 16.39 16.42 16.10 16.40 16.75 16.66 16.77 16.66 16.74 16.68 16.57 16.77 16.63 16.67 16.66 16.77
15.59 16.03 16.08 15.65 15.34 15.77 15.48 15.32 15.34 15.83 15.33 14.33 14.59 14.85 15.43 15.73 15.63 15.91 15.59 15.31 15.09 14.77 15.25 14.64 14.85 15.22 14.46 14.96 15.38 14.00 13.10 12.92 13.57 14.50 14.06 13.21 14.21 13.61 13.87 13.62 12.98 13.15 13.96 14.34 13.72 13.59 13.83 14.02 14.64 13.97 14.27 14.94 16.36 15.82 15.92 16.07 16.25 16.38 16.29 16.38 16.45 16.20 16.17 16.02 16.47 16.75 16.67 16.74 16.73 16.65 16.59 16.53 16.73 16.77 16.79 16.72 16.77
15.68 15.95 16.05 15.44 15.51 15.46 15.43 15.42 15.42 15.32 15.32 14.79 14.76 15.29 15.17 15.55 15.78 16.17 16.54 15.02 13.76 13.87 14.68 15.28 15.54 15.42 14.98 14.97 14.55 14.24 14.52 14.42 13.68 13.81 14.04 14.83 14.48 14.17 14.60 14.11 13.66 13.90 14.72 14.58 14.72 14.69 15.07 15.56 15.56 15.40 15.85 16.47 16.25 15.78 15.91 15.91 16.19 16.29 16.28 16.25 16.36 16.66 16.47 16.70 16.77 16.74 16.70 16.71 16.72 16.71 16.74 16.75 16.75 16.76 16.72 16.70 16.74
15.34 14.97 15.42 15.83 15.26 15.31 15.23 15.60 15.67 15.28 15.49 15.54 15.25 15.55 15.66 16.10 16.52 16.40 16.30 15.65 14.29 14.19 14.95 15.45 15.31 15.50 14.79 14.75 14.50 14.63 15.17 15.43 14.94 14.23 14.69 15.08 15.96 15.87 16.11 16.09 15.59 15.96 15.78 15.82 16.03 15.99 15.81 15.55 16.09 16.47 16.51 16.50 16.34 15.84 15.77 15.76 15.89 16.24 16.17 16.18 16.34 16.56 16.60 16.68 16.70 16.66 16.72 16.69 16.70 16.72 16.72 16.74 16.68 16.72 16.71 16.69 16.70
15.70 15.52 15.93 16.06 15.92 15.35 15.27 15.23 15.54 15.36 15.57 16.00 16.02 15.84 15.89 16.18 16.27 16.20 15.88 15.59 14.45 14.23 15.15 15.38 15.95 15.64 15.08 15.08 15.08 15.23 15.64 15.40 15.59 15.55 15.84 16.18 16.18 15.93 15.91 15.55 16.31 16.42 16.22 15.95 15.84 15.49 15.23 15.12 15.65 15.96 16.26 16.47 15.92 16.19 16.13 16.21 15.88 15.84 15.91 16.11 16.07 16.22 16.63 16.57 16.65 16.64 16.64 16.69 16.71 16.71 16.69 16.69 16.64 16.67 16.68 16.67 16.68
15.22 15.34 15.89 15.83 15.39 15.77 15.60 15.49 15.23 15.27 15.50 16.00 16.53 16.43 16.35 16.30 15.74 15.49 15.69 15.83 16.35 16.12 15.79 16.09 15.99 16.05 15.12 15.43 15.79 15.31 15.82 15.85 16.16 16.08 15.87 15.91 15.56 15.46 15.26 15.21 15.53 16.04 16.00 15.23 14.99 15.09 15.21 15.65 15.20 15.60 16.19 15.89 15.80 16.34 16.02 16.18 15.71 16.11 16.39 16.15 16.21 16.46 16.64 16.69 16.66 16.68 16.65 16.67 16.66 16.66 16.67 16.65 16.63 16.65 16.67 16.67 16.67
15.00 14.64 15.30 15.72 15.66 15.88 15.20 15.62 15.64 15.78 15.88 15.98 16.50 16.59 16.48 16.59 16.37 16.31 15.75 15.53 16.09 16.03 15.39 15.52 15.52 14.87 14.76 14.85 15.26 15.04 15.65 15.32 15.36 15.78 15.82 15.62 15.23 15.39 15.21 15.25 15.40 15.91 15.79 15.75 15.72 15.41 15.72 15.20 15.55 16.15 16.06 15.41 15.68 15.94 16.30 16.41 15.96 16.10 16.25 16.48 16.60 16.62 16.67 16.66 16.66 16.61 16.62 16.62 16.62 16.65 16.65 16.63 16.63 16.65 16.66 16.65 16.66
15.00 14.71 14.79 15.22 15.15 14.88 14.90 15.30 15.23 15.59 16.19 16.18 16.29 15.96 16.08 16.33 16.00 16.02 15.91 16.10 16.12 15.47 15.03 15.14 15.22 14.74 14.82 14.22 15.13 15.22 15.26 15.14 15.65 15.51 15.24 15.68 15.29 15.64 15.28 15.51 15.66 16.07 15.36 15.32 15.85 16.24 16.36 15.78 15.65 15.94 16.12 15.65 16.12 15.62 15.99 16.26 16.43 16.64 16.42 16.56 16.58 16.56 16.59 16.57 16.61 16.61 16.61 16.61 16.62 16.63 16.63 16.63 16.63 16.63 16.65 16.65 16.65
13.64 13.83 14.33 14.71 14.92 14.39 14.72 15.07 14.92 15.49 16.09 16.19 16.16 16.00 15.67 15.31 15.46 15.74 15.63 15.89 16.05 15.42 15.09 15.19 15.14 15.11 14.94 14.90 15.33 15.35 15.15 15.05 14.75 14.44 14.89 15.39 15.67 15.20 15.30 15.33 14.92 15.81 15.73 15.46 15.29 15.85 15.70 15.95 16.19 15.76 16.32 16.04 16.27 15.83 16.29 16.50 16.53 16.62 16.51 16.52 16.50 16.55 16.55 16.55 16.59 16.59 16.61 16.62 16.60 16.61 16.61 16.61 16.60 16.60 16.60 16.61 16.63
12.88 13.86 13.87 13.52 13.28 14.15 14.05 14.82 15.18 15.37 15.58 16.00 15.96 16.20 16.04 15.51 15.44 15.68 15.47 15.17 15.36 14.65 14.27 14.01 13.72 14.01 14.29 14.28 14.45 14.89 14.94 14.41 13.92 14.89 14.82 15.46 15.67 15.32 15.48 14.40 15.09 15.45 16.14 15.58 15.46 15.88 15.95 16.14 16.09 16.24 16.41 16.50 16.51 16.19 16.54 16.49 16.34 16.26 16.21 16.37 16.45 16.52 16.54 16.57 16.59 16.61 16.60 16.59 16.57 16.57 16.58 16.58 16.58 16.57 16.59 16.61 16.63
12.43 12.64 12.24 12.50 12.24 12.56 14.03 15.17 15.36 15.17 14.49 15.03 15.72 16.24 16.15 16.06 15.59 15.63 14.99 14.10 14.37 13.50 13.05 13.58 14.39 13.21 13.31 13.89 14.11 14.85 14.51 13.73 13.76 14.33 15.17 15.74 15.43 14.75 15.04 15.91 15.94 15.52 15.91 15.98 15.95 16.25 16.41 15.99 16.00 16.49 16.56 16.55 16.39 16.34 16.47 16.50 16.52 16.54 16.54 16.47 16.50 16.53 16.55 16.57 16.61 16.59 16.59 16.55 16.54 16.56 16.55 16.56 16.55 16.56 16.58 16.58 16.62
10.98 11.45 11.95 13.14 12.32 12.99 14.01 14.10 14.25 14.33 14.86 15.79 15.82 15.34 15.56 15.63 14.82 14.28 14.70 14.90 14.23 13.17 13.66 14.13 13.18 12.33 13.72 14.60 15.11 15.12 14.19 14.78 15.01 15.17 15.47 14.80 15.19 15.32 15.95 16.25 16.12 16.31 16.21 16.19 16.42 16.50 16.36 16.27 16.50 16.56 16.52 16.55 16.48 16.54 16.53 16.47 16.53 16.52 16.54 16.52 16.54 16.54 16.54 16.56 16.60 16.59 16.54 16.50 16.49 16.45 16.54 16.53 16.53 16.54 16.58 16.56 16.56
9.85 11.20 12.06 12.79 12.41 12.72 13.50 13.45 13.16 14.09 15.33 15.26 15.28 15.12 14.83 14.73 14.38 14.23 14.81 14.80 14.35 13.95 14.04 14.55 14.59 14.84 15.32 15.34 14.84 15.03 15.01 15.59 15.40 15.59 15.24 15.53 16.14 16.28 16.32 16.45 16.36 16.42 16.31 16.38 16.44 16.50 16.47 16.53 16.43 16.41 16.45 16.47 16.45 16.45 16.43 16.49 16.53 16.53 16.54 16.53 16.49 16.50 16.52 16.53 16.53 16.52 16.52 16.46 16.45 16.44 16.49 16.50 16.53 16.52 16.53 16.53 16.53
10.87 11.74 12.48 12.17 12.32 12.92 13.29 14.03 14.28 14.67 15.06 14.71 15.07 14.97 15.12 15.31 14.81 14.68 14.54 13.82 14.63 14.38 14.24 15.05 14.62 15.24 15.33 15.01 14.80 15.34 15.68 15.55 14.75 15.15 15.52 15.63 16.20 16.25 16.19 16.15 16.42 16.26 16.33 16.46 16.41 16.46 16.40 16.38 16.39 16.33 16.46 16.49 16.50 16.51 16.49 16.50 16.51 16.53 16.50 16.47 16.40 16.45 16.46 16.48 16.49 16.51 16.52 16.47 16.47 16.46 16.46 16.48 16.50 16.50 16.50 16.51 16.51
10.84 11.46 11.10 11.61 12.44 12.93 12.87 14.16 13.51 14.00 14.41 14.41 14.71 14.96 14.69 14.81 15.00 14.86 15.00 14.72 14.08 14.29 14.66 14.60 14.64 15.21 15.31 14.95 14.81 15.22 14.85 15.47 15.24 15.84 16.35 16.05 15.98 16.19 16.33 16.18 16.29 16.43 16.43 16.45 16.51 16.48 16.40 16.39 16.41 16.50 16.45 16.46 16.48 16.47 16.50 16.47 16.49 16.51 16.49 16.45 16.35 16.40 16.41 16.43 16.45 16.50 16.50 16.51 16.50 16.49 16.49 16.47 16.46 16.47 16.48 16.47 16.48
10.66 10.79 11.03 12.25 13.19 12.12 12.59 12.88 12.65 13.17 13.60 14.11 14.81 14.52 14.39 14.39 14.77 15.01 14.63 14.20 14.12 14.66 14.78 14.42 14.83 14.98 14.70 14.85 14.83 15.00 15.75 16.23 15.91 15.96 16.18 16.17 16.12 16.38 16.37 16.26 16.18 16.33 16.36 16.39 16.41 16.45 16.44 16.44 16.47 16.44 16.46 16.46 16.46 16.47 16.47 16.47 16.49 16.49 16.49 16.44 16.41 16.39 16.39 16.38 16.45 16.43 16.41 16.43 16.46 16.47 16.44 16.44 16.45 16.46 16.47 16.47 16.46
10.83 11.74 12.66 12.87 12.98 12.71 12.79 12.42 12.78 13.33 13.63 13.46 14.45 14.08 13.88 13.86 14.26 14.50 13.87 14.14 14.80 14.61 14.46 14.37 14.65 15.02 15.02 15.09 14.85 15.13 15.75 16.14 15.90 15.95 16.18 16.11 16.10 16.22 16.35 16.44 16.42 16.36 16.31 16.28 16.35 16.39 16.42 16.44 16.43 16.39 16.43 16.43 16.42 16.42 16.42 16.44 16.46 16.45 16.43 16.42 16.40 16.37 16.38 16.42 16.44 16.43 16.45 16.45 16.43 16.44 16.41 16.41 16.44 16.46 16.43 16.42 16.43
