BOM_solar_grid_data_201906/2019060720190607.grid
ncols 839
nrows 679
xllcenter 112.0500
yllcenter -43.9500
cellsize 0.0500
nodata_value 99999.90
[rows 102 to 135 of 679, columns 468 to 545 of 839]
18.70 18.99 18.93 18.08 17.63 17.83 17.51 17.51 17.78 17.23 17.23 17.23 17.23 16.97 16.97 16.97 16.97 15.88 15.88 15.88 15.88 15.88 15.54 15.54 15.54 15.54 15.37 15.37 15.37 15.37 15.37 15.37 15.37 15.42 15.42 15.42 15.42 15.42 15.42 15.42 15.42 15.42 99999.90 99999.90 99999.90 99999.90 99999.90 99999.90 99999.90 99999.90 99999.90 99999.90 99999.90 99999.90 99999.90 99999.90 99999.90 99999.90 99999.90 99999.90 99999.90 99999.90 99999.90 99999.90 99999.90 99999.90 99999.90 99999.90 99999.90 99999.90 99999.90 99999.90 99999.90 99999.90 99999.90 99999.90 99999.90 99999.90
18.76 18.98 18.97 18.73 18.54 18.25 18.12 17.78 17.78 17.23 17.23 17.23 17.41 16.97 16.97 16.97 16.97 15.88 15.88 15.88 15.88 15.88 15.54 15.54 15.54 15.54 15.37 15.37 15.37 15.37 15.37 15.37 15.37 15.42 15.42 15.42 15.42 15.42 15.42 15.42 15.42 15.42 16.05 99999.90 99999.90 99999.90 99999.90 99999.90 99999.90 99999.90 99999.90 99999.90 99999.90 99999.90 99999.90 99999.90 99999.90 99999.90 99999.90 99999.90 99999.90 99999.90 99999.90 99999.90 99999.90 99999.90 99999.90 99999.90 99999.90 99999.90 99999.90 99999.90 99999.90 99999.90 99999.90 99999.90 99999.90 99999.90
18.92 18.83 18.89 18.91 18.99 18.99 18.69 18.48 17.86 17.23 17.23 17.41 16.97 16.97 16.97 16.97 15.88 15.88 15.88 15.88 15.88 15.54 15.54 15.54 15.54 15.54 15.37 15.37 15.37 15.37 15.37 15.37 15.37 15.42 15.42 15.42 15.42 15.42 15.42 15.42 15.42 16.05 16.05 99999.90 99999.90 99999.90 99999.90 99999.90 99999.90 99999.90 99999.90 99999.90 99999.90 99999.90 99999.90 99999.90 99999.90 99999.90 99999.90 99999.90 99999.90 99999.90 99999.90 99999.90 99999.90 99999.90 99999.90 99999.90 99999.90 99999.90 99999.90 99999.90 99999.90 99999.90 99999.90 99999.90 99999.90 99999.90
18.93 18.88 18.88 18.74 18.70 18.87 18.65 18.60 18.27 17.99 17.41 17.41 16.97 16.97 16.97 17.02 15.88 15.88 15.88 15.88 15.88 15.54 15.54 15.54 15.54 15.54 15.37 15.37 15.37 15.37 15.37 15.37 15.42 15.42 15.42 15.42 15.42 15.42 15.42 15.42 16.05 16.05 16.05 99999.90 99999.90 99999.90 99999.90 99999.90 99999.90 99999.90 99999.90 99999.90 99999.90 99999.90 99999.90 99999.90 99999.90 99999.90 99999.90 99999.90 99999.90 99999.90 99999.90 99999.90 99999.90 99999.90 99999.90 99999.90 99999.90 99999.90 99999.90 99999.90 99999.90 99999.90 99999.90 99999.90 99999.90 99999.90
18.96 19.00 18.92 18.88 18.74 18.80 18.66 18.59 18.49 18.33 17.71 17.29 16.97 16.97 17.02 15.88 15.88 15.88 15.88 15.88 15.88 15.54 15.54 15.54 15.54 15.54 15.37 15.37 15.37 15.37 15.37 15.37 15.42 15.42 15.42 15.42 15.42 15.42 15.42 16.05 16.05 16.05 16.05 99999.90 99999.90 99999.90 99999.90 99999.90 99999.90 99999.90 99999.90 99999.90 99999.90 99999.90 99999.90 99999.90 99999.90 99999.90 99999.90 99999.90 99999.90 99999.90 99999.90 99999.90 99999.90 99999.90 99999.90 99999.90 99999.90 99999.90 99999.90 99999.90 99999.90 99999.90 99999.90 99999.90 99999.90 99999.90
19.03 18.88 18.90 18.95 19.00 18.93 18.80 18.57 18.27 18.29 18.05 17.56 17.30 17.02 17.02 15.88 15.88 15.88 15.88 15.88 15.54 15.54 15.54 15.54 15.54 15.54 15.37 15.37 15.37 15.37 15.37 15.37 15.42 15.42 15.42 15.42 15.42 15.42 16.05 16.05 16.05 16.05 16.05 99999.90 99999.90 99999.90 99999.90 99999.90 99999.90 99999.90 99999.90 99999.90 99999.90 99999.90 99999.90 99999.90 99999.90 99999.90 99999.90 99999.90 99999.90 99999.90 99999.90 99999.90 99999.90 99999.90 99999.90 99999.90 99999.90 99999.90 99999.90 99999.90 99999.90 99999.90 99999.90 99999.90 99999.90 99999.90
18.93 18.91 18.89 18.88 18.91 18.93 18.82 18.76 18.47 18.24 17.97 17.79 17.82 17.47 16.58 15.88 15.88 15.88 15.88 15.88 15.54 15.54 15.54 15.54 15.54 15.54 15.37 15.37 15.37 15.37 15.37 15.42 15.42 15.42 15.42 15.42 15.42 16.05 16.05 16.05 16.05 16.05 16.05 99999.90 99999.90 99999.90 99999.90 99999.90 99999.90 99999.90 99999.90 99999.90 99999.90 99999.90 99999.90 99999.90 99999.90 99999.90 99999.90 99999.90 99999.90 99999.90 99999.90 99999.90 99999.90 99999.90 99999.90 99999.90 99999.90 99999.90 99999.90 99999.90 99999.90 99999.90 99999.90 99999.90 99999.90 99999.90
18.91 18.89 18.90 18.90 18.80 18.81 18.81 18.77 18.70 18.54 17.99 17.49 17.39 17.70 16.99 16.13 16.13 16.13 17.14 15.83 15.54 15.54 15.54 15.54 15.54 15.54 15.37 15.37 15.37 15.37 15.37 15.42 15.42 15.42 15.42 15.42 16.05 16.05 16.05 16.05 16.05 16.05 16.05 16.40 16.40 99999.90 99999.90 99999.90 99999.90 99999.90 99999.90 99999.90 99999.90 99999.90 99999.90 99999.90 99999.90 99999.90 99999.90 99999.90 99999.90 99999.90 99999.90 99999.90 99999.90 99999.90 99999.90 99999.90 99999.90 99999.90 99999.90 99999.90 99999.90 99999.90 99999.90 99999.90 99999.90 99999.90
18.87 18.85 18.87 18.88 18.81 18.67 18.67 18.61 18.71 18.51 18.13 17.71 17.19 17.53 17.48 16.64 16.64 17.14 16.11 15.83 15.54 15.54 15.54 15.54 15.54 15.54 15.37 15.37 15.37 15.37 15.37 15.42 15.42 15.42 15.42 16.05 16.05 16.05 16.05 16.05 16.05 16.05 16.05 16.40 16.40 16.24 99999.90 99999.90 99999.90 99999.90 99999.90 99999.90 99999.90 99999.90 99999.90 99999.90 99999.90 99999.90 99999.90 99999.90 99999.90 99999.90 99999.90 99999.90 99999.90 99999.90 99999.90 99999.90 99999.90 99999.90 99999.90 99999.90 99999.90 99999.90 99999.90 99999.90 99999.90 99999.90
18.91 18.88 18.85 18.94 18.86 18.68 18.63 18.77 18.77 18.68 18.33 17.81 17.31 17.11 17.22 17.31 17.14 17.14 16.11 15.83 15.83 15.54 15.54 15.54 15.54 15.45 15.37 15.37 15.37 15.37 15.42 15.42 15.42 15.42 16.05 16.05 16.05 16.05 16.05 16.05 16.05 16.05 16.05 16.40 16.24 16.24 15.77 99999.90 99999.90 99999.90 99999.90 99999.90 99999.90 99999.90 99999.90 99999.90 99999.90 99999.90 99999.90 99999.90 99999.90 99999.90 99999.90 99999.90 99999.90 99999.90 99999.90 99999.90 99999.90 99999.90 99999.90 99999.90 99999.90 99999.90 99999.90 99999.90 99999.90 99999.90
18.97 18.89 18.82 18.98 18.90 18.81 18.76 18.88 18.81 18.66 18.37 18.10 17.81 17.47 17.11 17.32 17.60 16.81 16.11 15.83 15.83 15.54 15.54 15.54 15.45 15.45 15.71 15.37 15.37 15.37 15.42 15.42 15.42 16.05 16.05 16.05 16.05 16.05 16.05 16.05 16.05 16.05 16.05 14.27 14.27 14.27 14.27 14.27 14.27 99999.90 99999.90 99999.90 99999.90 99999.90 99999.90 99999.90 99999.90 99999.90 99999.90 99999.90 99999.90 99999.90 99999.90 99999.90 99999.90 99999.90 99999.90 99999.90 99999.90 99999.90 99999.90 99999.90 99999.90 99999.90 99999.90 99999.90 99999.90 99999.90
19.00 18.97 18.86 18.96 18.87 18.86 18.88 18.79 18.76 18.64 18.49 18.27 17.92 17.61 17.33 17.54 17.53 17.30 16.58 16.21 15.90 15.90 15.25 15.45 15.45 15.45 15.71 15.71 15.37 15.04 15.04 15.50 16.05 16.05 16.05 16.05 16.05 16.05 16.05 16.05 16.05 16.05 14.27 13.50 13.50 13.50 13.50 13.50 13.50 13.50 13.50 13.50 13.50 99999.90 99999.90 99999.90 99999.90 99999.90 99999.90 99999.90 99999.90 99999.90 99999.90 99999.90 99999.90 99999.90 99999.90 99999.90 99999.90 99999.90 99999.90 99999.90 99999.90 99999.90 99999.90 99999.90 99999.90 99999.90
18.96 18.97 18.93 18.90 18.89 18.88 18.91 18.82 18.69 18.59 18.53 18.30 18.09 17.73 17.35 17.46 17.58 17.50 17.08 16.67 16.29 15.83 15.25 15.25 15.11 15.11 15.71 15.71 15.71 15.04 15.04 16.26 16.47 16.47 16.47 16.47 16.47 16.47 16.47 16.47 16.40 16.24 14.27 13.50 13.50 13.50 13.50 13.50 13.04 13.04 13.04 13.04 13.04 13.04 13.04 99999.90 99999.90 99999.90 99999.90 99999.90 99999.90 99999.90 99999.90 99999.90 99999.90 99999.90 99999.90 99999.90 99999.90 99999.90 99999.90 99999.90 99999.90 99999.90 99999.90 99999.90 99999.90 99999.90
18.95 18.92 18.93 18.88 18.83 18.86 18.83 18.82 18.77 18.59 18.19 18.20 17.86 18.00 17.59 17.57 17.30 16.85 17.03 16.80 16.77 16.34 15.95 15.47 15.11 15.11 15.71 15.71 15.71 15.04 16.26 16.26 16.49 16.49 16.49 16.49 16.49 16.49 16.40 16.40 16.24 14.27 13.50 13.50 13.50 13.50 13.50 13.50 13.04 13.04 13.04 13.04 13.04 13.04 13.04 12.22 99999.90 99999.90 99999.90 99999.90 99999.90 99999.90 99999.90 99999.90 99999.90 99999.90 99999.90 99999.90 99999.90 99999.90 99999.90 99999.90 99999.90 99999.90 99999.90 99999.90 99999.90 99999.90
18.89 18.85 18.89 18.90 18.82 18.83 18.81 18.83 18.80 18.79 18.44 18.01 17.93 18.18 17.94 17.63 17.27 16.68 16.23 16.51 16.72 16.78 16.77 16.22 15.31 15.31 15.31 14.56 14.90 14.90 15.00 16.49 16.49 16.49 16.49 16.49 16.40 16.40 16.40 16.24 14.27 14.27 13.50 13.50 13.50 13.50 13.50 13.04 13.04 13.04 13.04 13.04 13.04 13.04 12.22 12.22 12.35 99999.90 99999.90 99999.90 99999.90 99999.90 99999.90 99999.90 99999.90 99999.90 99999.90 99999.90 99999.90 99999.90 99999.90 99999.90 99999.90 99999.90 99999.90 99999.90 99999.90 99999.90
18.88 18.74 18.74 18.86 18.84 18.76 18.79 18.84 18.79 18.65 18.67 18.56 18.06 18.02 18.10 17.84 17.08 16.81 16.20 16.30 16.44 16.56 16.79 16.69 15.75 15.75 14.71 14.56 14.90 14.90 15.00 15.27 16.09 16.09 16.40 16.40 16.40 16.40 16.24 16.24 14.27 14.27 13.50 13.50 13.50 13.50 13.50 13.04 13.04 13.04 13.04 13.04 13.04 12.22 12.22 12.35 12.35 12.47 99999.90 99999.90 99999.90 99999.90 99999.90 99999.90 99999.90 99999.90 99999.90 99999.90 99999.90 99999.90 99999.90 99999.90 99999.90 99999.90 99999.90 99999.90 99999.90 99999.90
18.81 18.81 18.72 18.89 18.87 18.83 18.85 18.76 18.70 18.74 18.68 18.60 18.52 17.87 17.87 17.81 17.09 16.74 16.33 16.30 16.31 16.43 16.79 16.80 16.28 16.28 14.71 14.56 14.90 14.90 15.00 15.27 16.09 16.09 16.40 16.40 16.40 16.24 16.24 14.27 14.27 14.27 13.50 13.50 13.50 13.50 13.04 13.04 13.04 13.04 13.04 13.04 12.22 12.22 12.35 12.35 12.47 12.47 99999.90 99999.90 99999.90 99999.90 99999.90 99999.90 99999.90 99999.90 99999.90 99999.90 99999.90 99999.90 99999.90 12.63 12.63 12.63 12.63 12.63 12.63 12.63
18.78 18.82 18.69 18.75 18.80 18.84 18.81 18.72 18.71 18.72 18.71 18.39 18.35 18.16 18.00 18.08 17.46 16.81 16.76 16.32 16.48 16.67 16.81 16.64 16.75 16.41 14.94 14.72 15.50 15.09 14.96 15.27 15.56 15.85 16.40 16.40 16.24 16.24 15.77 14.27 14.27 13.80 13.50 13.50 13.50 13.50 13.04 13.04 13.04 13.04 13.04 12.22 12.22 12.35 12.35 12.47 12.47 12.47 12.72 12.72 99999.90 99999.90 99999.90 99999.90 99999.90 99999.90 99999.90 11.47 11.47 11.47 11.47 11.47 11.47 11.47 11.47 11.47 11.47 12.63
18.79 18.75 18.81 18.71 18.73 18.81 18.74 18.68 18.67 18.64 18.73 18.44 18.10 18.16 18.29 18.46 17.70 16.83 17.17 16.86 16.70 16.94 16.88 16.96 16.94 16.67 16.47 15.68 15.75 15.73 15.88 16.04 16.31 16.46 16.34 16.24 16.24 15.77 14.27 14.27 14.27 13.80 13.50 13.50 13.50 13.04 13.04 13.04 13.04 13.04 12.22 12.22 12.35 12.35 12.47 12.47 12.47 12.72 12.72 12.72 11.68 99999.90 99999.90 99999.90 99999.90 99999.90 11.75 11.47 11.47 11.47 11.47 11.47 11.47 11.47 11.47 11.47 11.47 12.63
18.79 18.76 18.75 18.77 18.79 18.80 18.72 18.60 18.68 18.64 18.64 18.53 18.26 17.93 18.32 18.37 18.10 17.35 17.58 17.06 17.26 16.95 17.00 17.00 17.16 17.02 17.33 16.25 15.84 16.04 16.09 16.65 16.33 16.49 16.46 16.23 15.77 15.77 14.27 14.27 13.85 13.80 13.50 13.50 13.50 13.04 13.04 13.04 13.04 12.22 12.22 12.35 12.35 12.47 12.47 12.47 12.72 12.72 12.72 11.68 11.68 12.07 99999.90 99999.90 99999.90 11.67 11.75 11.75 11.47 11.47 11.47 11.47 11.47 11.47 11.47 11.47 11.47 11.47
18.73 18.70 18.71 18.66 18.75 18.76 18.64 18.55 18.64 18.56 18.56 18.66 18.55 18.37 18.14 18.15 18.29 17.69 17.66 17.48 17.38 16.97 16.82 17.03 17.18 16.86 17.16 17.40 16.43 16.03 16.52 16.58 16.57 16.17 16.21 16.24 15.93 15.41 14.27 14.27 13.85 13.80 13.50 13.50 13.04 13.04 13.04 13.04 12.22 12.22 12.35 12.35 12.47 12.47 12.47 12.72 12.72 12.72 11.68 11.68 12.07 12.07 12.00 99999.90 99999.90 11.67 11.67 11.75 11.75 11.47 11.47 11.47 11.47 11.47 11.47 11.47 11.47 11.47
18.71 18.64 18.69 18.67 18.68 18.71 18.65 18.55 18.62 18.58 18.59 18.53 18.51 18.60 18.30 18.05 18.19 18.10 17.79 17.80 17.66 16.76 16.61 16.77 17.01 16.84 16.86 17.51 17.47 16.52 16.36 16.94 16.79 15.97 15.76 16.11 15.84 15.12 15.33 14.39 13.85 13.80 13.50 13.50 13.04 13.04 13.04 12.22 12.22 12.35 12.35 12.47 12.47 12.47 12.72 12.72 12.72 11.68 11.68 12.07 12.07 12.00 12.00 12.50 99999.90 11.67 11.67 11.67 11.75 11.75 11.47 11.47 11.47 11.47 11.47 11.47 11.47 11.47
18.69 18.68 18.53 18.64 18.61 18.57 18.48 18.45 18.42 18.50 18.44 18.51 18.46 18.56 18.42 18.20 17.96 18.08 18.09 17.86 17.92 17.45 16.94 16.92 16.72 16.61 16.81 17.25 17.68 17.02 16.83 16.64 17.32 16.80 16.53 16.49 16.02 15.14 14.42 13.92 14.02 14.01 13.51 12.89 13.04 13.04 12.22 12.22 12.35 12.35 12.47 12.47 12.47 12.72 12.72 12.72 11.68 11.68 12.07 13.31 13.31 13.31 13.31 13.31 13.31 11.67 11.67 11.67 11.67 11.75 11.75 11.47 11.47 11.47 11.47 11.47 11.47 11.47
18.69 18.68 18.63 18.62 18.51 18.47 18.27 18.30 18.18 18.26 18.31 18.40 18.19 18.35 18.37 18.12 18.01 18.35 18.30 18.06 18.08 17.64 17.34 17.42 17.23 16.85 16.56 16.66 17.05 17.20 17.00 16.68 16.84 16.95 16.83 17.01 16.88 16.14 14.97 13.98 13.42 14.29 13.84 13.15 12.52 12.22 12.22 12.35 12.35 12.47 12.47 12.47 12.72 12.72 12.72 11.68 11.68 12.07 12.07 13.31 13.31 12.95 12.95 12.95 12.95 11.67 11.67 11.67 11.67 11.67 11.75 11.75 11.47 11.47 11.47 11.47 11.47 11.47
18.71 18.68 18.63 18.52 18.55 18.56 18.50 18.30 18.19 18.20 18.31 18.35 18.30 18.11 18.36 18.11 17.93 18.31 18.53 18.47 18.22 18.04 17.27 17.50 17.47 17.13 17.03 16.75 16.69 16.28 16.53 16.92 17.06 16.92 16.66 16.69 16.24 16.38 15.86 14.48 13.92 13.86 14.35 13.68 12.77 11.91 12.35 12.35 12.47 12.47 12.47 12.72 12.72 12.72 11.68 11.68 12.07 12.07 13.31 13.31 13.31 12.95 12.95 12.95 12.93 13.09 13.09 11.67 11.67 11.67 11.67 11.75 11.75 11.47 11.47 11.47 11.47 11.47
18.67 18.65 18.62 18.56 18.61 18.67 18.60 18.51 18.34 18.22 18.19 18.27 18.29 18.09 18.33 18.28 17.91 17.98 18.34 18.41 18.34 18.09 17.36 17.64 17.46 17.21 17.27 17.15 17.13 16.61 16.36 16.68 16.72 16.56 16.61 16.34 16.29 15.97 16.32 15.28 14.52 14.43 13.76 13.61 12.84 11.69 11.86 12.47 12.47 12.47 12.72 12.72 12.72 11.68 11.68 12.07 12.07 12.00 13.31 13.31 13.31 12.95 12.95 12.95 12.93 13.09 13.09 11.67 11.67 11.67 11.67 11.67 11.75 11.75 11.47 11.47 11.47 11.47
18.53 18.61 18.61 18.65 18.64 18.62 18.58 18.42 18.38 18.19 18.08 18.04 18.20 18.11 18.26 18.25 18.10 18.04 18.17 18.31 18.12 18.00 18.05 17.94 17.62 17.15 17.48 17.17 16.89 16.89 16.82 16.27 16.19 16.35 16.92 16.61 16.29 15.18 16.48 15.96 14.86 14.57 14.10 13.33 13.26 12.42 11.88 12.11 12.11 12.72 12.72 12.72 11.68 11.68 12.07 12.07 12.00 13.31 13.31 13.31 12.95 12.95 12.95 13.11 12.93 13.09 13.09 13.09 11.67 11.67 11.67 11.67 11.67 11.75 11.75 11.47 11.47 11.47
18.62 18.54 18.49 18.58 18.59 18.55 18.51 18.39 18.34 18.18 18.17 18.04 18.21 18.07 18.35 18.27 18.09 17.91 17.99 18.13 18.11 17.92 17.98 17.89 17.77 17.77 17.73 17.93 17.35 17.36 16.97 16.65 16.31 16.25 17.06 16.60 16.81 15.78 16.03 16.01 15.19 15.45 14.62 13.74 13.82 12.97 12.70 12.77 13.12 12.72 12.72 11.68 11.68 12.07 12.07 12.00 12.00 13.31 13.31 13.31 12.95 12.95 12.95 13.11 12.93 13.09 13.09 13.09 11.67 11.67 11.67 11.67 11.67 11.67 11.75 11.75 11.47 11.47
18.64 18.55 18.44 18.55 18.53 18.51 18.45 18.30 18.32 18.21 18.30 18.24 18.28 18.09 18.16 18.26 18.10 17.94 17.74 18.01 17.91 17.62 17.49 17.71 17.72 17.41 18.10 18.09 18.05 17.87 17.41 17.05 17.21 16.91 16.54 15.90 16.49 16.23 16.17 15.75 15.55 14.97 14.62 14.37 13.95 13.55 12.85 12.69 12.96 12.13 11.68 11.68 12.07 12.07 12.00 12.00 13.31 13.31 13.31 13.31 12.95 12.95 12.95 13.11 12.93 13.09 13.09 13.09 13.09 11.67 11.67 11.67 11.67 11.67 11.67 11.75 11.75 11.59
18.58 18.55 18.53 18.56 18.48 18.44 18.35 18.35 18.39 18.08 18.38 18.37 18.25 18.33 18.16 18.18 18.23 18.07 17.61 17.55 17.73 17.63 17.36 17.13 17.36 17.52 17.65 17.48 18.11 18.07 17.65 17.16 17.19 17.37 17.16 16.36 16.22 16.05 16.44 15.71 15.66 14.53 14.61 14.79 14.52 13.83 12.92 12.75 13.15 12.32 11.40 12.07 12.07 12.00 12.00 12.50 13.31 13.31 13.31 12.95 12.95 12.95 12.95 13.11 12.93 13.09 13.09 13.09 13.09 11.67 11.67 11.67 11.67 11.67 11.67 11.67 11.58 11.16
18.59 18.55 18.56 18.49 18.41 18.25 18.26 18.31 18.34 18.13 18.04 18.07 18.07 18.16 18.10 18.11 18.11 18.11 17.71 17.37 17.18 17.00 17.08 17.00 17.18 17.19 16.77 17.27 17.41 18.04 17.57 17.04 17.04 17.47 17.50 17.26 16.71 16.28 16.57 16.20 16.15 15.25 14.81 14.77 14.83 13.83 14.09 12.69 12.88 12.74 11.88 11.81 12.00 12.00 12.50 13.10 13.31 13.31 13.31 12.95 12.95 12.95 12.40 13.11 12.93 13.09 13.09 13.09 13.09 13.24 10.93 10.93 10.93 10.93 10.93 10.93 10.75 10.30
18.60 18.54 18.55 18.49 18.43 18.35 18.23 18.16 18.11 18.06 17.99 18.01 17.80 17.69 18.02 17.90 17.75 17.94 17.90 17.54 17.31 16.77 16.89 17.19 17.02 17.02 16.91 16.91 17.25 17.70 17.51 17.45 17.30 17.12 17.45 17.47 16.96 16.35 16.44 16.10 15.84 15.61 15.39 15.29 14.54 13.82 13.99 13.19 12.85 12.47 12.31 11.97 12.24 12.50 12.50 13.10 13.31 13.31 12.78 12.95 12.95 12.95 12.40 13.11 12.93 13.09 13.09 13.09 13.24 13.24 13.24 10.93 10.93 10.93 10.93 10.93 10.22 10.00
18.51 18.53 18.48 18.40 18.42 18.29 18.26 18.34 18.19 18.06 18.03 17.92 17.80 17.70 18.04 17.97 17.85 17.80 17.86 17.41 17.29 16.92 16.57 16.80 16.77 16.99 16.78 16.56 16.86 17.71 17.42 17.37 17.39 17.36 17.70 17.43 16.99 16.29 15.37 15.75 15.53 15.41 15.32 14.82 14.99 14.45 14.17 13.88 13.23 12.55 12.38 12.59 12.75 13.48 13.08 13.10 13.31 13.31 12.78 12.95 12.95 13.48 12.40 13.11 12.93 13.09 13.09 13.09 13.24 13.24 13.24 11.20 10.93 10.93 10.93 10.22 10.22 10.00
18.53 18.41 18.46 18.42 18.49 18.42 18.35 18.33 18.07 18.18 18.19 17.99 18.06 17.79 18.17 17.94 17.83 17.88 17.52 17.69 17.50 17.11 17.01 16.50 16.74 17.37 16.68 16.61 16.63 17.20 16.75 17.11 17.35 17.35 17.43 17.23 17.14 16.31 15.47 15.94 15.07 14.75 14.55 14.62 15.13 15.05 15.04 13.80 13.88 12.74 12.32 12.42 12.59 13.84 12.95 12.62 12.78 13.79 12.78 12.95 12.95 13.48 12.40 13.11 12.93 13.09 13.09 12.75 13.24 13.24 13.24 11.20 11.20 10.93 10.22 10.22 10.22 10.00
