BOM_solar_grid_data_201906/2019060720190607.grid
ncols 839
nrows 679
xllcenter 112.0500
yllcenter -43.9500
cellsize 0.0500
nodata_value 99999.90
[rows 442 to 475 of 679, columns 390 to 467 of 839]
12.09 12.03 12.03 12.03 12.03 12.01 12.01 12.01 11.92 11.92 11.90 11.90 11.90 11.90 11.92 11.93 11.91 11.92 11.92 11.92 11.92 11.93 11.93 11.93 11.93 11.90 11.91 11.91 11.91 11.72 11.72 11.94 11.86 11.85 11.85 11.88 11.85 11.84 11.89 11.90 11.83 11.83 11.85 11.85 11.89 11.89 11.88 11.89 11.88 11.91 11.90 11.91 11.88 11.87 11.84 11.84 11.83 11.83 11.86 11.85 11.83 11.83 11.83 11.84 11.85 11.84 11.80 11.81 11.83 11.82 11.82 11.83 11.81 11.81 11.82 11.83 11.83 11.84
12.03 12.03 12.03 12.03 12.03 12.01 12.01 11.92 11.92 11.90 11.90 11.90 11.90 11.90 11.92 11.93 11.91 11.92 11.92 11.92 11.92 11.93 11.93 11.93 11.90 11.91 11.91 11.91 11.72 11.72 11.72 11.86 11.86 11.85 11.81 11.88 11.85 11.79 11.79 11.83 11.83 11.83 11.85 11.85 11.84 11.87 11.87 11.87 11.86 11.89 11.90 11.91 11.87 11.85 11.85 11.88 11.88 11.87 11.81 11.80 11.79 11.79 11.81 11.80 11.80 11.82 11.81 11.79 11.79 11.80 11.81 11.81 11.80 11.78 11.79 11.80 11.80 11.81
12.03 12.03 12.03 12.03 12.01 12.01 11.92 11.92 11.90 11.90 11.90 11.90 11.90 11.90 11.92 11.93 11.91 11.92 11.92 11.92 11.92 11.93 11.93 11.93 11.91 11.91 11.91 11.91 11.72 11.72 11.86 11.86 11.86 11.81 11.81 11.81 11.79 11.79 11.79 11.83 11.83 11.83 11.85 11.84 11.84 11.87 11.81 11.82 11.85 11.86 11.87 11.88 11.87 11.85 11.85 11.87 11.87 11.84 11.83 11.82 11.79 11.78 11.78 11.78 11.79 11.82 11.82 11.78 11.77 11.78 11.78 11.79 11.79 11.77 11.77 11.78 11.77 11.78
12.03 12.03 12.03 12.03 12.01 12.01 11.92 11.90 11.90 11.90 11.90 11.90 11.90 11.90 11.92 11.93 11.91 11.92 11.92 11.92 11.92 11.92 11.93 11.93 11.91 11.91 11.91 11.72 11.72 11.72 11.86 11.86 11.81 11.81 11.81 11.81 11.79 11.79 11.79 11.79 11.83 11.83 11.84 11.84 11.84 11.81 11.81 11.79 11.80 11.83 11.80 11.81 11.83 11.82 11.83 11.83 11.84 11.84 11.83 11.83 11.80 11.80 11.80 11.80 11.77 11.77 11.78 11.80 11.77 11.77 11.76 11.77 11.77 11.76 11.75 11.76 11.76 11.76
12.01 12.01 12.01 12.01 12.01 11.92 11.90 11.90 11.90 11.90 11.90 11.90 11.90 11.90 11.92 11.93 11.91 11.92 11.92 11.92 11.92 11.92 11.93 11.91 11.91 11.91 11.91 11.72 11.72 11.86 11.86 11.86 11.81 11.81 11.81 11.81 11.79 11.79 11.79 11.79 11.83 11.83 11.84 11.84 11.81 11.81 11.79 11.79 11.77 11.77 11.76 11.75 11.76 11.79 11.79 11.80 11.80 11.81 11.80 11.80 11.80 11.80 11.80 11.81 11.78 11.73 11.74 11.77 11.78 11.73 11.74 11.76 11.74 11.73 11.72 11.73 11.73 11.74
99999.90 11.95 11.95 11.92 11.92 11.90 11.90 11.90 11.90 11.90 11.90 11.90 11.90 11.90 11.92 11.93 11.91 11.92 11.92 11.92 11.92 11.92 11.93 11.91 11.91 11.91 11.72 11.72 11.72 11.86 11.86 11.81 11.81 11.81 11.81 11.81 11.79 11.79 11.79 11.79 11.83 11.84 11.84 11.84 11.71 11.71 11.71 11.71 11.77 11.76 11.75 11.75 11.75 11.76 11.76 11.78 11.78 11.79 11.78 11.77 11.79 11.79 11.79 11.79 11.75 11.74 11.71 11.71 11.74 11.75 11.72 11.73 11.72 11.70 11.69 11.70 11.71 11.72
99999.90 99999.90 11.92 11.92 11.90 11.90 11.90 11.90 11.90 11.90 11.90 11.90 11.90 11.90 11.92 11.93 11.91 11.92 11.92 11.92 11.92 11.92 11.91 11.91 11.91 11.91 11.72 11.72 11.86 11.86 11.86 11.81 11.81 11.81 11.81 11.81 11.79 11.79 11.79 11.79 11.79 11.84 11.71 11.71 11.71 11.71 11.71 11.71 11.71 11.72 11.69 11.75 11.72 11.74 11.73 11.74 11.75 11.77 11.77 11.77 11.77 11.77 11.77 11.76 11.76 11.74 11.69 11.71 11.70 11.72 11.73 11.71 11.67 11.67 11.67 11.66 11.65 11.67
99999.90 99999.90 99999.90 11.90 11.90 11.90 11.90 11.90 11.90 11.90 11.90 11.90 11.90 11.90 11.92 11.93 11.91 11.92 11.92 11.92 11.92 11.92 11.91 11.91 11.91 11.72 11.72 11.72 11.86 11.86 11.81 11.81 11.81 11.81 11.81 11.81 11.79 11.79 11.79 11.79 11.79 11.68 11.68 11.68 11.68 11.68 11.68 11.68 11.71 11.72 11.69 11.69 11.72 11.74 11.73 11.72 11.72 11.74 11.73 11.74 11.73 11.74 11.75 11.74 11.71 11.71 11.68 11.66 11.66 11.66 11.69 11.69 11.66 11.65 11.64 11.62 11.63 11.65
99999.90 99999.90 99999.90 99999.90 99999.90 99999.90 99999.90 99999.90 99999.90 99999.90 99999.90 99999.90 99999.90 99999.90 99999.90 99999.90 99999.90 99999.90 11.91 11.91 11.91 11.91 11.91 11.91 11.91 11.72 11.72 11.86 11.86 11.86 11.81 11.81 11.81 11.81 11.81 11.81 11.79 11.79 11.79 11.79 11.68 11.68 11.68 11.68 11.68 11.68 11.68 11.68 11.68 11.72 11.69 11.69 11.72 11.73 11.73 11.70 11.69 11.69 11.70 11.71 11.70 11.71 11.71 11.71 11.69 11.66 11.69 11.69 11.68 11.62 11.63 11.66 11.67 11.64 11.61 11.61 11.61 11.61
99999.90 99999.90 99999.90 99999.90 99999.90 99999.90 99999.90 99999.90 99999.90 99999.90 99999.90 99999.90 99999.90 99999.90 99999.90 99999.90 99999.90 99999.90 99999.90 99999.90 11.72 11.72 11.72 11.72 11.72 11.72 11.72 11.86 11.86 11.81 11.81 11.81 11.81 11.81 11.81 11.81 11.79 11.79 11.79 11.79 11.68 11.68 11.68 11.68 11.68 11.68 11.68 11.68 11.68 11.68 11.69 11.57 11.73 11.66 11.66 11.66 11.66 11.66 11.65 11.67 11.68 11.68 11.68 11.68 11.69 11.68 11.65 11.67 11.69 11.63 11.60 11.60 11.67 11.61 11.61 11.61 11.60 11.61
99999.90 99999.90 99999.90 99999.90 99999.90 99999.90 99999.90 99999.90 99999.90 99999.90 99999.90 99999.90 99999.90 99999.90 99999.90 99999.90 99999.90 99999.90 99999.90 99999.90 99999.90 99999.90 11.86 11.86 11.86 11.86 11.86 11.86 11.86 11.81 11.81 11.81 11.81 11.81 11.81 11.81 11.79 11.79 11.79 11.68 11.68 11.68 11.68 11.68 11.68 11.68 11.68 11.68 11.68 11.57 11.57 11.57 11.57 11.61 11.61 11.61 11.62 11.63 11.62 11.65 11.66 11.66 11.66 11.66 11.64 11.62 11.65 11.63 11.66 11.62 11.58 11.59 11.63 11.61 11.58 11.60 11.59 11.58
99999.90 99999.90 99999.90 99999.90 99999.90 99999.90 99999.90 99999.90 99999.90 99999.90 99999.90 99999.90 99999.90 99999.90 99999.90 99999.90 99999.90 99999.90 99999.90 99999.90 99999.90 99999.90 99999.90 99999.90 11.81 11.81 11.81 11.81 11.81 11.81 11.81 11.81 11.81 11.81 11.81 11.81 11.79 11.79 11.68 11.68 11.68 11.68 11.68 11.68 11.68 11.68 11.68 11.68 11.57 11.57 11.57 11.57 11.57 11.57 11.59 11.59 11.60 11.58 11.62 11.63 11.63 11.63 11.63 11.64 11.61 11.61 11.63 11.61 11.64 11.60 11.56 11.58 11.62 11.62 11.57 11.58 11.57 11.55
99999.90 99999.90 99999.90 99999.90 99999.90 99999.90 99999.90 99999.90 99999.90 99999.90 99999.90 99999.90 99999.90 99999.90 99999.90 99999.90 99999.90 99999.90 99999.90 99999.90 99999.90 99999.90 99999.90 99999.90 99999.90 99999.90 99999.90 99999.90 99999.90 99999.90 99999.90 99999.90 99999.90 99999.90 99999.90 99999.90 11.81 11.68 11.68 11.68 11.68 11.68 11.68 11.68 11.68 11.68 11.57 11.57 11.57 11.57 11.57 11.57 11.57 11.57 11.60 11.60 11.57 11.57 11.58 11.58 11.59 11.60 11.61 11.61 11.57 11.59 11.60 11.59 11.59 11.59 11.53 11.57 11.57 11.58 11.60 11.55 11.55 11.53
99999.90 99999.90 99999.90 99999.90 99999.90 99999.90 99999.90 99999.90 99999.90 99999.90 99999.90 99999.90 99999.90 99999.90 99999.90 99999.90 99999.90 99999.90 99999.90 99999.90 99999.90 99999.90 99999.90 99999.90 99999.90 99999.90 99999.90 99999.90 99999.90 99999.90 99999.90 99999.90 99999.90 99999.90 99999.90 99999.90 99999.90 11.68 11.68 11.68 11.68 11.68 11.68 11.68 11.68 11.57 11.57 11.57 11.57 11.57 11.57 11.57 11.56 11.56 11.55 11.57 11.56 11.55 11.55 11.54 11.53 11.55 11.56 11.59 11.57 11.52 11.55 11.52 11.53 11.54 11.57 11.58 11.58 11.57 11.56 11.56 11.53 11.53
99999.90 99999.90 99999.90 99999.90 99999.90 99999.90 99999.90 99999.90 99999.90 99999.90 99999.90 99999.90 99999.90 99999.90 99999.90 99999.90 99999.90 99999.90 99999.90 99999.90 99999.90 99999.90 99999.90 99999.90 99999.90 99999.90 99999.90 99999.90 99999.90 99999.90 99999.90 99999.90 99999.90 99999.90 99999.90 99999.90 99999.90 11.68 11.68 11.68 11.68 11.68 11.68 11.68 11.50 11.50 11.50 11.50 11.50 11.50 11.50 11.54 11.54 11.52 11.51 11.53 11.53 11.53 11.52 11.52 11.52 11.53 11.52 11.54 11.52 11.48 11.48 11.48 11.52 11.51 11.52 11.55 11.56 11.55 11.55 11.54 11.53 11.55
99999.90 99999.90 99999.90 99999.90 99999.90 99999.90 99999.90 99999.90 99999.90 99999.90 99999.90 99999.90 99999.90 99999.90 99999.90 99999.90 99999.90 99999.90 99999.90 99999.90 99999.90 99999.90 99999.90 99999.90 99999.90 99999.90 99999.90 99999.90 99999.90 99999.90 99999.90 99999.90 99999.90 99999.90 99999.90 99999.90 99999.90 11.68 11.68 11.68 11.68 11.68 11.50 11.50 11.50 11.50 11.50 11.50 11.50 11.50 11.50 11.50 11.52 11.55 11.50 11.50 11.50 11.50 11.50 11.49 11.49 11.49 11.47 11.48 11.50 11.46 11.45 11.47 11.49 11.48 11.48 11.50 11.51 11.51 11.51 11.52 11.53 11.53
99999.90 99999.90 99999.90 99999.90 99999.90 99999.90 99999.90 99999.90 99999.90 99999.90 99999.90 99999.90 99999.90 99999.90 99999.90 99999.90 99999.90 99999.90 99999.90 99999.90 99999.90 99999.90 99999.90 99999.90 99999.90 99999.90 99999.90 99999.90 99999.90 99999.90 99999.90 99999.90 99999.90 99999.90 99999.90 99999.90 99999.90 11.68 11.68 11.68 11.68 11.50 11.50 11.50 11.50 11.50 11.50 11.50 11.50 11.50 11.50 11.50 11.52 11.55 11.48 11.48 11.47 11.47 11.46 11.45 11.47 11.45 11.43 11.46 11.48 11.44 11.42 11.42 11.42 11.47 11.48 11.49 11.48 11.51 11.50 11.51 11.50 11.50
99999.90 99999.90 99999.90 99999.90 99999.90 99999.90 99999.90 99999.90 99999.90 99999.90 99999.90 99999.90 99999.90 99999.90 99999.90 99999.90 99999.90 99999.90 99999.90 99999.90 99999.90 99999.90 99999.90 99999.90 99999.90 99999.90 99999.90 99999.90 99999.90 99999.90 99999.90 99999.90 99999.90 99999.90 99999.90 99999.90 99999.90 11.68 11.68 11.68 11.68 11.50 11.50 11.50 11.50 11.50 11.50 11.50 11.50 11.50 11.50 11.50 11.52 11.47 11.47 11.47 11.45 11.48 11.46 11.44 11.46 11.43 11.41 11.43 11.44 11.42 11.40 11.39 11.42 11.42 11.44 11.46 11.49 11.49 11.48 11.51 11.49 11.48
99999.90 99999.90 99999.90 99999.90 99999.90 99999.90 99999.90 99999.90 99999.90 99999.90 99999.90 99999.90 99999.90 99999.90 99999.90 99999.90 99999.90 99999.90 99999.90 99999.90 99999.90 99999.90 99999.90 99999.90 99999.90 99999.90 99999.90 99999.90 99999.90 99999.90 99999.90 99999.90 99999.90 99999.90 99999.90 99999.90 99999.90 99999.90 99999.90 99999.90 99999.90 11.50 11.50 11.50 11.50 11.50 11.50 11.50 11.50 11.50 11.50 11.50 11.46 11.46 11.46 11.44 11.45 11.44 11.43 11.42 11.40 11.41 11.43 11.44 11.42 11.39 11.40 11.38 11.41 11.42 11.44 11.46 11.43 11.47 11.47 11.46 11.46 11.47
99999.90 99999.90 99999.90 99999.90 99999.90 99999.90 99999.90 99999.90 99999.90 99999.90 99999.90 99999.90 99999.90 99999.90 99999.90 99999.90 99999.90 99999.90 99999.90 99999.90 99999.90 99999.90 99999.90 99999.90 99999.90 99999.90 99999.90 99999.90 99999.90 99999.90 99999.90 99999.90 99999.90 99999.90 99999.90 99999.90 99999.90 99999.90 99999.90 99999.90 99999.90 11.50 11.50 11.50 11.50 11.50 11.50 11.50 11.50 11.50 11.50 11.46 11.46 11.46 11.46 11.37 11.41 11.41 11.42 11.41 11.42 11.41 11.42 11.43 11.42 11.36 11.35 11.35 11.35 11.40 11.44 11.45 11.42 11.45 11.43 11.44 11.45 11.46
99999.90 99999.90 99999.90 99999.90 99999.90 99999.90 99999.90 99999.90 99999.90 99999.90 99999.90 99999.90 99999.90 99999.90 99999.90 99999.90 99999.90 99999.90 99999.90 99999.90 99999.90 99999.90 99999.90 99999.90 99999.90 99999.90 99999.90 99999.90 99999.90 99999.90 99999.90 99999.90 99999.90 99999.90 99999.90 99999.90 99999.90 99999.90 99999.90 99999.90 99999.90 11.50 11.50 11.50 11.50 11.50 11.50 11.50 11.50 11.50 11.46 11.46 11.46 11.38 11.38 11.38 11.35 11.37 11.42 11.38 11.37 11.41 11.36 11.39 11.37 11.34 11.33 11.32 11.33 11.33 11.39 11.41 11.41 11.43 11.43 11.43 11.42 11.43
99999.90 99999.90 99999.90 99999.90 99999.90 99999.90 99999.90 99999.90 99999.90 99999.90 99999.90 99999.90 99999.90 99999.90 99999.90 99999.90 99999.90 99999.90 99999.90 99999.90 99999.90 99999.90 99999.90 99999.90 99999.90 99999.90 99999.90 99999.90 99999.90 99999.90 99999.90 99999.90 99999.90 99999.90 99999.90 99999.90 99999.90 99999.90 99999.90 99999.90 99999.90 11.50 11.50 11.50 11.50 11.50 11.50 11.50 11.50 11.46 11.46 11.38 11.38 11.38 11.38 11.38 11.35 11.37 11.37 11.38 11.37 11.37 11.36 11.39 11.34 11.34 11.32 11.31 11.31 11.31 11.32 11.35 11.36 11.39 11.41 11.39 11.40 11.41
99999.90 99999.90 99999.90 99999.90 99999.90 99999.90 99999.90 99999.90 99999.90 99999.90 99999.90 99999.90 99999.90 99999.90 99999.90 99999.90 99999.90 99999.90 99999.90 99999.90 99999.90 99999.90 99999.90 99999.90 99999.90 99999.90 99999.90 99999.90 99999.90 99999.90 99999.90 99999.90 99999.90 99999.90 99999.90 99999.90 99999.90 99999.90 99999.90 99999.90 99999.90 11.50 11.50 11.50 11.50 11.50 11.50 11.50 11.46 11.38 11.38 11.38 11.38 11.38 11.38 11.38 11.35 11.37 11.37 11.38 11.37 11.37 11.36 11.34 11.34 11.33 11.31 11.29 11.29 11.29 11.28 11.30 11.35 11.35 11.33 11.37 11.39 11.38
99999.90 99999.90 99999.90 99999.90 99999.90 99999.90 99999.90 99999.90 99999.90 99999.90 99999.90 99999.90 99999.90 99999.90 99999.90 99999.90 99999.90 99999.90 99999.90 99999.90 99999.90 99999.90 99999.90 99999.90 99999.90 99999.90 99999.90 99999.90 99999.90 99999.90 99999.90 99999.90 99999.90 99999.90 99999.90 99999.90 99999.90 99999.90 99999.90 99999.90 99999.90 11.50 11.50 11.50 11.50 11.50 11.50 11.38 11.38 11.38 11.38 11.38 11.38 11.38 11.38 11.38 11.35 11.37 11.37 11.38 11.37 11.37 11.34 11.34 11.34 11.31 11.30 11.30 11.30 11.31 11.29 11.32 11.32 11.28 11.27 11.27 11.28 11.27
99999.90 99999.90 99999.90 99999.90 99999.90 99999.90 99999.90 99999.90 99999.90 99999.90 99999.90 99999.90 99999.90 99999.90 99999.90 99999.90 99999.90 99999.90 99999.90 99999.90 99999.90 99999.90 99999.90 99999.90 99999.90 99999.90 99999.90 99999.90 99999.90 99999.90 99999.90 99999.90 99999.90 99999.90 99999.90 99999.90 99999.90 99999.90 99999.90 99999.90 99999.90 11.50 11.50 11.50 11.50 11.38 11.38 11.38 11.38 11.38 11.38 11.38 11.38 11.38 11.38 11.38 11.35 11.37 11.37 11.38 11.37 11.34 11.34 11.34 11.31 11.31 11.34 11.31 11.31 11.31 11.28 11.31 11.30 11.26 11.25 11.24 11.24 11.26
99999.90 99999.90 99999.90 99999.90 99999.90 99999.90 99999.90 99999.90 99999.90 99999.90 99999.90 99999.90 99999.90 99999.90 99999.90 99999.90 99999.90 99999.90 99999.90 99999.90 99999.90 99999.90 99999.90 99999.90 99999.90 99999.90 99999.90 99999.90 99999.90 99999.90 99999.90 99999.90 99999.90 99999.90 99999.90 99999.90 99999.90 99999.90 99999.90 99999.90 99999.90 11.50 11.50 11.50 11.50 11.38 11.38 11.38 11.38 11.38 11.38 11.38 11.38 11.38 11.38 11.38 11.35 11.37 11.37 11.38 11.37 11.34 11.34 11.31 11.28 11.28 11.28 11.29 11.29 11.29 11.27 11.29 11.27 11.25 11.24 11.23 11.24 11.26
99999.90 99999.90 99999.90 99999.90 99999.90 99999.90 99999.90 99999.90 99999.90 99999.90 99999.90 99999.90 99999.90 99999.90 99999.90 99999.90 99999.90 99999.90 99999.90 99999.90 99999.90 99999.90 99999.90 99999.90 99999.90 99999.90 99999.90 99999.90 99999.90 99999.90 99999.90 99999.90 99999.90 99999.90 99999.90 99999.90 99999.90 99999.90 99999.90 99999.90 99999.90 99999.90 99999.90 99999.90 11.46 11.38 11.38 11.38 11.38 11.38 11.38 11.38 11.38 11.38 11.38 11.38 11.35 11.37 11.37 11.38 11.34 11.34 11.28 11.28 11.28 11.28 11.28 11.27 11.25 11.25 11.23 11.26 11.24 11.24 11.22 11.23 11.23 11.24
99999.90 99999.90 99999.90 99999.90 99999.90 99999.90 99999.90 99999.90 99999.90 99999.90 99999.90 99999.90 99999.90 99999.90 99999.90 99999.90 99999.90 99999.90 99999.90 99999.90 99999.90 99999.90 99999.90 99999.90 99999.90 99999.90 99999.90 99999.90 99999.90 99999.90 99999.90 99999.90 99999.90 99999.90 99999.90 99999.90 99999.90 99999.90 99999.90 99999.90 99999.90 99999.90 99999.90 99999.90 11.46 11.38 11.38 11.38 11.38 11.38 11.38 11.38 11.38 11.38 11.38 11.38 11.35 11.37 11.37 11.38 11.28 11.28 11.28 11.28 11.28 11.25 11.25 11.25 11.24 11.22 11.21 11.24 11.23 11.22 11.21 11.22 11.22 11.21
99999.90 99999.90 99999.90 99999.90 99999.90 99999.90 99999.90 99999.90 99999.90 99999.90 99999.90 99999.90 99999.90 99999.90 99999.90 99999.90 99999.90 99999.90 99999.90 99999.90 99999.90 99999.90 99999.90 99999.90 99999.90 99999.90 99999.90 99999.90 99999.90 99999.90 99999.90 99999.90 99999.90 99999.90 99999.90 99999.90 99999.90 99999.90 99999.90 99999.90 99999.90 99999.90 99999.90 99999.90 11.46 11.38 11.38 11.38 11.38 11.38 11.38 11.38 11.38 11.38 11.38 11.38 11.35 11.37 11.37 11.28 11.28 11.28 11.28 11.21 11.21 11.21 11.21 11.21 11.21 11.20 11.22 11.20 11.20 11.20 11.18 11.18 11.20 11.18
99999.90 99999.90 99999.90 99999.90 99999.90 99999.90 99999.90 99999.90 99999.90 99999.90 99999.90 99999.90 99999.90 99999.90 99999.90 99999.90 99999.90 99999.90 99999.90 99999.90 99999.90 99999.90 99999.90 99999.90 99999.90 99999.90 99999.90 99999.90 99999.90 99999.90 99999.90 99999.90 99999.90 99999.90 99999.90 99999.90 99999.90 99999.90 99999.90 99999.90 99999.90 99999.90 99999.90 99999.90 99999.90 11.38 11.38 11.38 11.38 11.38 11.38 11.38 11.38 11.38 11.38 11.38 11.35 11.37 11.28 11.18 11.18 11.18 11.18 11.18 11.18 11.18 11.18 11.18 11.18 11.19 11.19 11.15 11.13 11.13 11.12 11.12 11.13 11.11
99999.90 99999.90 99999.90 99999.90 99999.90 99999.90 99999.90 99999.90 99999.90 99999.90 99999.90 99999.90 99999.90 99999.90 99999.90 99999.90 99999.90 99999.90 99999.90 99999.90 99999.90 99999.90 99999.90 99999.90 99999.90 99999.90 99999.90 99999.90 99999.90 99999.90 99999.90 99999.90 99999.90 99999.90 99999.90 99999.90 99999.90 99999.90 99999.90 99999.90 99999.90 99999.90 99999.90 99999.90 99999.90 11.38 11.38 11.38 11.38 11.38 11.38 11.38 11.38 11.38 11.38 11.38 11.35 11.37 11.15 11.15 11.15 11.15 11.15 11.15 11.15 11.15 11.15 11.15 11.17 11.16 11.12 11.12 11.10 11.10 11.14 11.14 11.10 11.09
99999.90 99999.90 99999.90 99999.90 99999.90 99999.90 99999.90 99999.90 99999.90 99999.90 99999.90 99999.90 99999.90 99999.90 99999.90 99999.90 99999.90 99999.90 99999.90 99999.90 99999.90 99999.90 99999.90 99999.90 99999.90 99999.90 99999.90 99999.90 99999.90 99999.90 99999.90 99999.90 99999.90 99999.90 99999.90 99999.90 99999.90 99999.90 99999.90 99999.90 99999.90 99999.90 99999.90 99999.90 99999.90 99999.90 99999.90 99999.90 99999.90 99999.90 99999.90 99999.90 99999.90 99999.90 11.34 11.34 11.28 11.15 11.15 11.15 11.15 11.15 11.15 11.15 11.15 11.15 11.15 11.15 11.11 11.13 11.10 11.09 11.08 11.08 11.09 11.10 11.08 11.08
99999.90 99999.90 99999.90 99999.90 99999.90 99999.90 99999.90 99999.90 99999.90 99999.90 99999.90 99999.90 99999.90 99999.90 99999.90 99999.90 99999.90 99999.90 99999.90 99999.90 99999.90 99999.90 99999.90 99999.90 99999.90 99999.90 99999.90 99999.90 99999.90 99999.90 99999.90 99999.90 99999.90 99999.90 99999.90 99999.90 99999.90 99999.90 99999.90 99999.90 99999.90 99999.90 99999.90 99999.90 99999.90 99999.90 99999.90 99999.90 99999.90 99999.90 99999.90 99999.90 99999.90 99999.90 11.34 11.34 11.28 11.15 11.15 11.15 11.15 11.15 11.15 11.15 11.15 11.15 11.15 11.11 11.11 11.13 11.10 11.09 11.08 11.09 11.07 11.08 11.08 11.05
99999.90 99999.90 99999.90 99999.90 99999.90 99999.90 99999.90 99999.90 99999.90 99999.90 99999.90 99999.90 99999.90 99999.90 99999.90 99999.90 99999.90 99999.90 99999.90 99999.90 99999.90 99999.90 99999.90 99999.90 99999.90 99999.90 99999.90 99999.90 99999.90 99999.90 99999.90 99999.90 99999.90 99999.90 99999.90 99999.90 99999.90 99999.90 99999.90 99999.90 99999.90 99999.90 99999.90 99999.90 99999.90 99999.90 99999.90 99999.90 99999.90 99999.90 99999.90 99999.90 99999.90 99999.90 99999.90 11.31 11.28 11.15 11.15 11.15 11.15 11.15 11.15 11.15 11.15 11.15 11.11 11.11 11.11 11.10 11.10 11.08 11.10 11.10 11.10 11.10 11.11 11.11
