BOM_solar_grid_data_201906/2019061020190610.grid
ncols 839
nrows 679
xllcenter 112.0500
yllcenter -43.9500
cellsize 0.0500
nodata_value 99999.90
[rows 238 to 271 of 679, columns 308 to 384 of 839]
16.19 16.29 16.13 16.13 16.17 16.21 16.19 16.21 16.12 15.94 15.96 16.13 16.43 16.38 16.39 16.51 16.46 16.50 16.47 16.49 16.50 16.53 16.53 16.54 16.53 16.50 16.49 16.48 16.50 16.50 16.51 16.52 16.50 16.49 16.48 16.50 16.49 16.50 16.47 16.49 16.50 16.50 16.49 16.50 16.51 16.51 16.51 16.50 16.50 16.49 16.50 16.51 16.53 16.52 16.51 16.51 16.51 16.51 16.50 16.50 16.48 16.45 16.47 16.47 16.50 16.50 16.48 16.48 16.49 16.49 16.47 16.46 16.47 16.45 16.47 16.47 16.49
16.15 16.19 16.18 15.87 16.10 16.12 16.10 16.29 16.25 16.09 16.25 16.45 16.31 16.38 16.36 16.51 16.42 16.51 16.48 16.47 16.47 16.49 16.52 16.52 16.51 16.51 16.48 16.48 16.49 16.48 16.49 16.39 16.46 16.47 16.46 16.48 16.47 16.47 16.47 16.47 16.47 16.48 16.49 16.50 16.49 16.48 16.49 16.48 16.49 16.48 16.49 16.48 16.47 16.49 16.48 16.48 16.41 16.47 16.48 16.47 16.46 16.47 16.47 16.45 16.47 16.47 16.48 16.47 16.48 16.48 16.47 16.42 16.40 16.43 16.45 16.45 16.44
15.86 16.17 16.15 16.03 16.25 16.06 16.23 16.06 16.29 16.27 16.20 16.27 16.30 16.20 16.29 16.37 16.43 16.45 16.49 16.46 16.49 16.48 16.47 16.49 16.50 16.47 16.43 16.46 16.47 16.48 16.41 16.06 16.21 16.46 16.23 16.27 16.46 16.45 16.45 16.45 16.46 16.46 16.48 16.47 16.47 16.47 16.47 16.47 16.46 16.48 16.47 16.47 16.47 16.46 16.47 16.45 16.43 16.45 16.46 16.46 16.44 16.41 16.44 16.42 16.43 16.41 16.44 16.44 16.45 16.43 16.44 16.43 16.43 16.43 16.43 16.42 16.44
15.74 15.72 15.90 16.06 16.05 16.01 16.06 16.01 16.13 15.93 16.21 16.27 16.24 16.24 16.25 16.25 16.34 16.37 16.43 16.45 16.44 16.46 16.46 16.38 16.46 16.48 16.42 16.44 16.43 16.46 16.04 16.32 16.40 16.18 16.03 16.35 16.43 16.42 16.43 16.44 16.46 16.44 16.45 16.44 16.45 16.46 16.45 16.45 16.44 16.44 16.44 16.44 16.44 16.43 16.45 16.45 16.44 16.45 16.44 16.42 16.40 16.40 16.40 16.41 16.40 16.40 16.42 16.41 16.41 16.39 16.41 16.38 16.39 16.41 16.41 16.40 16.41
14.69 15.00 15.46 15.94 16.04 15.98 16.00 15.91 16.01 15.96 16.05 16.13 16.29 16.17 16.17 15.95 16.26 16.37 16.32 16.36 16.36 16.38 16.41 16.41 16.40 16.43 16.43 16.40 16.37 16.28 16.04 16.29 16.36 16.42 16.41 16.42 16.41 16.41 16.41 16.43 16.42 16.41 16.41 16.42 16.43 16.42 16.42 16.42 16.41 16.41 16.41 16.42 16.41 16.42 16.44 16.43 16.42 16.42 16.42 16.39 16.40 16.39 16.39 16.39 16.41 16.39 16.40 16.41 16.41 16.38 16.40 16.37 16.37 16.38 16.40 16.38 16.40
14.31 14.47 14.97 15.33 15.74 15.92 15.80 15.88 15.97 15.84 15.90 16.06 16.11 15.91 15.99 15.87 16.08 16.28 16.27 16.28 16.22 16.21 16.39 16.39 16.39 16.42 16.40 16.42 16.08 16.06 16.27 16.22 16.31 16.39 16.38 16.38 16.38 16.38 16.38 16.40 16.39 16.37 16.39 16.40 16.41 16.41 16.42 16.40 16.39 16.39 16.40 16.41 16.40 16.39 16.38 16.37 16.40 16.40 16.40 16.39 16.39 16.39 16.38 16.39 16.40 16.40 16.40 16.39 16.39 16.37 16.37 16.36 16.37 16.39 16.38 16.41 16.38
13.74 13.98 14.82 14.97 15.16 15.29 15.53 15.43 15.59 15.71 15.84 15.87 15.89 15.87 15.91 15.91 15.99 16.15 16.15 16.17 16.19 16.13 16.15 16.15 16.23 16.32 16.32 16.01 15.45 16.12 16.10 16.00 16.21 16.37 16.37 16.36 16.36 16.36 16.35 16.36 16.37 16.37 16.36 16.37 16.40 16.39 16.38 16.39 16.38 16.38 16.37 16.38 16.38 16.36 16.35 16.36 16.37 16.36 16.36 16.37 16.38 16.37 16.38 16.37 16.39 16.39 16.37 16.37 16.36 16.37 16.37 16.35 16.35 16.36 16.36 16.37 16.35
13.58 13.80 14.52 14.98 14.95 15.10 15.41 15.43 15.42 15.71 15.67 15.92 15.83 15.79 15.85 15.87 15.91 16.03 16.08 15.98 15.89 15.95 16.01 15.96 16.10 16.04 14.53 15.17 15.66 16.18 16.12 16.10 16.08 16.19 16.25 16.33 16.35 16.35 16.34 16.35 16.35 16.35 16.35 16.33 16.36 16.36 16.35 16.36 16.36 16.36 16.36 16.36 16.36 16.35 16.34 16.33 16.35 16.34 16.33 16.32 16.32 16.35 16.35 16.36 16.38 16.37 16.34 16.34 16.33 16.32 16.32 16.32 16.31 16.32 16.32 16.34 16.33
13.12 13.71 14.11 14.59 14.45 14.90 15.27 15.20 15.28 15.40 15.51 15.72 15.82 15.71 15.82 15.69 15.86 16.17 16.19 16.13 16.03 15.88 15.57 15.50 14.91 14.36 14.54 15.53 16.11 16.08 16.17 16.08 16.12 16.05 15.98 16.21 16.31 16.33 16.33 16.34 16.32 16.34 16.31 16.33 16.33 16.34 16.32 16.32 16.34 16.33 16.32 16.31 16.33 16.31 16.32 16.30 16.29 16.29 16.30 16.29 16.29 16.34 16.32 16.33 16.33 16.33 16.32 16.30 16.31 16.31 16.32 16.33 16.33 16.32 16.31 16.31 16.32
12.72 12.98 13.61 14.20 14.23 14.48 14.79 15.08 15.21 15.46 15.58 15.54 15.65 15.70 15.73 15.46 15.74 15.82 16.02 16.03 15.91 15.97 15.66 15.45 14.81 14.74 15.21 15.91 15.64 15.80 15.89 15.88 15.75 15.87 15.88 15.98 16.28 16.25 16.29 16.30 16.29 16.30 16.28 16.29 16.27 16.30 16.30 16.32 16.29 16.29 16.30 16.30 16.30 16.30 16.28 16.28 16.28 16.28 16.29 16.31 16.28 16.30 16.28 16.31 16.32 16.29 16.28 16.29 16.28 16.28 16.31 16.33 16.33 16.33 16.31 16.30 16.29
13.06 12.50 12.72 13.77 14.10 14.06 14.16 14.93 15.09 15.26 15.16 15.32 15.38 15.33 15.54 15.40 15.59 15.50 15.19 15.76 15.78 15.76 15.17 15.54 15.79 15.24 14.93 15.77 15.69 15.83 16.05 15.63 15.76 15.98 16.08 16.15 16.17 16.25 16.22 16.28 16.28 16.28 16.28 16.27 16.26 16.24 16.27 16.25 16.30 16.28 16.28 16.26 16.28 16.27 16.26 16.25 16.26 16.26 16.27 16.28 16.24 16.26 16.27 16.27 16.28 16.28 16.30 16.30 16.29 16.28 16.32 16.32 16.34 16.33 16.32 16.30 16.27
12.84 12.20 12.67 13.21 13.73 13.80 14.12 14.49 14.87 15.04 14.83 15.28 15.25 15.43 15.65 15.51 15.52 15.40 15.21 15.47 15.27 15.40 14.85 15.56 16.04 15.75 15.88 15.89 15.84 15.91 15.88 15.96 15.85 16.04 16.04 16.09 16.16 16.20 16.21 16.20 16.23 16.24 16.25 16.25 16.24 16.24 16.25 16.25 16.24 16.26 16.25 16.25 16.25 16.25 16.24 16.24 16.25 16.25 16.24 16.25 16.24 16.24 16.26 16.25 16.29 16.29 16.27 16.28 16.28 16.28 16.27 16.26 16.30 16.31 16.28 16.25 16.25
12.89 12.90 12.79 13.38 13.65 13.84 13.59 14.28 14.57 14.76 14.89 14.84 15.18 15.26 15.55 15.55 15.45 15.38 14.95 14.88 13.75 14.76 15.66 15.45 15.53 15.78 15.70 15.94 16.30 16.31 16.13 16.07 16.00 16.13 16.10 16.05 16.07 16.07 16.14 16.13 16.17 16.23 16.23 16.22 16.22 16.22 16.20 16.22 16.24 16.23 16.23 16.24 16.23 16.22 16.23 16.22 16.21 16.24 16.25 16.25 16.23 16.23 16.23 16.24 16.24 16.22 16.25 16.24 16.26 16.25 16.28 16.28 16.28 16.27 16.27 16.26 16.24
13.40 13.16 12.97 13.24 13.67 13.86 13.78 14.04 14.54 14.92 14.97 14.92 14.97 15.20 15.09 15.63 15.41 14.98 14.15 14.01 14.22 14.29 15.49 15.46 15.33 15.57 15.49 15.65 15.99 16.05 15.99 15.96 16.03 15.98 16.09 16.18 16.18 16.11 16.09 16.13 16.13 16.18 16.20 16.20 16.19 16.19 16.17 16.22 16.20 16.19 16.20 16.21 16.21 16.22 16.23 16.22 16.22 16.24 16.24 16.25 16.24 16.21 16.19 16.20 16.22 16.22 16.22 16.19 16.22 16.18 16.22 16.24 16.25 16.24 16.22 16.22 16.22
13.85 13.24 13.65 13.85 13.66 14.00 13.91 14.05 14.45 15.09 15.06 15.29 15.53 15.22 15.13 15.38 15.23 15.37 15.16 15.43 15.36 14.72 15.06 15.06 15.32 15.47 14.50 14.94 15.54 15.92 15.94 16.04 16.08 15.98 15.94 16.00 16.01 16.00 16.09 16.12 16.09 16.17 16.18 16.12 16.19 16.19 16.19 16.16 16.19 16.18 16.16 16.18 16.20 16.19 16.18 16.21 16.20 16.19 16.21 16.22 16.22 16.21 16.20 16.20 16.20 16.19 16.18 16.18 16.19 16.17 16.17 16.20 16.18 16.19 16.18 16.19 16.18
14.26 13.89 13.98 14.12 13.81 14.06 14.33 14.67 14.64 14.91 15.23 15.47 15.59 15.52 15.29 15.00 15.08 15.33 15.30 15.25 15.21 15.33 15.25 15.40 15.51 15.59 15.56 14.99 14.75 15.51 15.88 15.98 15.99 15.90 15.91 15.87 15.92 15.90 15.94 16.03 16.11 16.09 16.03 16.10 16.12 16.15 16.15 16.15 16.14 16.14 16.14 16.14 16.16 16.17 16.18 16.19 16.18 16.17 16.16 16.19 16.20 16.17 16.16 16.18 16.17 16.17 16.17 16.16 16.15 16.14 16.16 16.15 16.17 16.15 16.18 16.16 16.16
14.35 14.16 14.21 14.25 14.25 14.11 14.14 14.84 15.08 15.23 15.03 15.27 15.20 15.40 15.21 15.28 15.01 14.83 15.29 15.21 15.33 15.00 15.13 15.45 15.30 15.38 15.68 15.62 15.79 15.75 15.75 16.01 15.91 15.98 15.86 15.90 15.92 15.90 15.80 15.98 16.07 16.03 16.03 16.00 16.09 16.07 16.08 16.03 16.12 16.13 16.13 16.13 16.13 16.14 16.15 16.15 16.15 16.16 16.15 16.14 16.15 16.15 16.15 16.15 16.14 16.13 16.13 16.13 16.12 16.10 16.11 16.09 16.13 16.09 16.11 16.13 16.12
14.39 14.22 14.50 14.36 14.50 14.37 14.47 14.79 15.11 14.98 15.19 15.20 14.80 15.15 15.20 15.17 15.29 15.07 14.69 14.80 15.13 15.04 15.50 14.92 15.36 15.19 15.47 15.58 15.85 15.70 15.86 15.88 15.89 15.82 15.96 15.63 15.95 15.82 15.96 15.92 15.84 15.97 15.96 15.95 15.93 15.99 16.00 15.98 15.92 16.05 16.10 16.10 16.10 16.11 16.12 16.12 16.12 16.10 16.13 16.11 16.11 16.11 16.09 16.12 16.11 16.10 16.10 16.09 16.10 16.09 16.08 16.18 16.16 16.08 16.06 16.13 16.10
14.51 14.32 14.52 14.44 14.56 14.65 14.60 14.90 15.04 15.13 15.30 15.35 15.06 14.94 15.09 14.87 15.16 15.37 14.92 15.11 14.74 14.86 15.05 15.31 15.34 15.33 15.23 15.51 15.43 15.67 15.72 15.94 15.86 15.89 15.87 15.87 15.82 15.97 15.93 16.00 15.95 15.98 15.93 15.85 15.91 15.96 15.81 15.87 16.00 16.08 16.11 16.10 16.10 16.10 16.09 16.10 16.10 16.10 16.11 16.11 16.10 16.09 16.10 16.11 16.11 16.09 16.07 16.08 16.09 16.07 16.08 16.04 16.15 16.08 16.01 16.05 16.06
15.08 14.85 14.77 14.77 14.48 14.70 14.77 15.08 15.19 15.20 15.11 15.06 15.08 15.01 15.29 15.24 14.72 15.16 15.48 15.42 15.52 15.26 15.27 15.14 15.47 15.33 15.27 15.13 15.33 15.58 15.68 15.63 15.77 15.88 15.84 15.94 15.89 15.83 16.02 15.96 15.93 16.01 15.89 15.93 15.94 15.95 15.94 15.90 15.91 16.04 15.98 16.08 16.05 16.07 16.05 16.07 16.07 16.07 16.08 16.10 16.09 16.09 16.07 16.07 16.06 16.05 16.05 16.05 16.06 16.05 16.05 16.09 16.08 16.06 16.04 15.99 16.05
15.39 15.38 15.19 14.83 14.48 14.68 15.12 15.34 15.40 15.18 15.24 15.20 15.04 15.04 15.24 15.16 15.18 15.19 15.44 15.45 15.24 15.32 15.15 15.31 15.06 15.35 15.41 15.31 15.53 15.27 15.54 15.69 15.55 15.68 15.89 15.80 15.97 15.94 15.82 15.98 15.99 15.93 15.92 15.89 15.94 15.88 15.90 15.96 16.02 16.03 16.05 16.05 16.05 16.04 16.06 16.05 16.05 16.03 16.06 16.04 16.05 16.05 16.06 16.05 16.05 16.02 16.00 16.01 16.03 16.03 16.04 16.02 16.04 16.03 16.04 16.02 16.01
15.60 15.56 15.20 15.19 14.76 14.79 15.14 15.06 15.31 15.29 15.48 15.49 15.14 15.33 15.35 15.09 15.25 15.45 15.39 15.53 15.55 15.36 15.19 15.42 15.41 15.53 15.40 15.48 15.52 15.70 15.51 15.55 15.66 15.57 15.66 15.89 15.86 15.84 15.88 15.73 15.82 15.83 15.91 15.92 15.80 16.02 15.92 15.91 15.89 15.91 15.99 16.01 16.01 16.04 16.03 16.03 16.03 16.03 16.03 16.03 16.03 16.03 16.02 16.01 16.02 16.02 16.01 16.01 16.00 16.02 16.02 16.02 16.03 16.04 16.03 16.03 16.01
15.50 15.55 15.47 15.30 15.02 15.09 15.32 15.33 15.07 15.25 15.49 15.37 15.53 15.42 15.35 15.40 15.26 15.22 15.42 15.41 15.38 15.38 15.41 15.52 15.80 15.74 15.57 15.52 15.50 15.60 15.48 15.67 15.66 15.64 15.56 15.71 15.87 15.69 15.79 15.87 15.78 15.74 15.82 15.73 15.93 15.87 15.82 15.79 15.80 15.88 15.95 15.89 15.99 16.00 15.98 15.99 15.99 16.01 16.02 16.02 16.02 16.01 16.01 15.99 15.99 15.99 16.01 16.01 16.01 16.01 16.01 16.02 16.01 16.01 16.02 16.01 16.02
15.66 15.51 15.60 15.28 15.26 15.02 15.30 15.53 15.30 15.30 15.71 15.66 15.58 15.57 15.57 15.49 15.48 15.58 15.47 15.41 15.36 15.65 15.55 15.72 15.34 15.75 15.51 15.74 15.40 15.71 15.55 15.57 15.66 15.63 15.70 15.46 15.76 15.76 15.63 15.75 15.76 15.60 15.77 15.63 15.77 15.67 15.88 15.83 15.95 15.87 15.95 15.94 15.95 15.95 15.96 15.94 15.98 15.97 16.00 15.99 16.00 15.99 15.97 15.96 15.97 15.95 15.98 15.98 15.98 15.98 15.95 15.97 15.97 15.98 15.97 15.99 16.00
15.61 15.44 15.60 15.60 15.66 15.23 15.46 15.30 15.24 15.03 15.49 15.72 15.55 15.59 15.73 15.74 15.67 15.61 15.40 15.46 15.35 15.51 15.76 15.62 15.75 15.51 15.72 15.47 15.66 15.63 15.65 15.50 15.70 15.58 15.48 15.61 15.63 15.69 15.70 15.66 15.82 15.75 15.71 15.75 15.79 15.81 15.75 15.90 15.90 15.92 15.88 15.89 15.90 15.88 15.92 15.90 15.91 15.90 15.93 15.95 15.97 15.97 15.96 15.92 15.96 15.96 15.95 15.94 15.96 15.96 15.95 15.93 15.97 15.97 15.97 15.96 15.98
15.70 15.65 15.65 15.58 15.60 15.54 15.65 15.50 15.54 15.35 15.19 15.46 15.57 15.74 15.64 15.71 15.73 15.63 15.56 15.52 15.51 15.35 15.63 15.81 15.67 15.79 15.87 15.77 15.65 15.62 15.60 15.66 15.67 15.69 15.59 15.68 15.71 15.68 15.74 15.63 15.65 15.73 15.72 15.67 15.81 15.71 15.77 15.76 15.78 15.85 15.87 15.91 15.85 15.81 15.86 15.87 15.88 15.90 15.90 15.89 15.94 15.92 15.93 15.94 15.97 15.95 15.92 15.92 15.92 15.94 15.93 15.94 15.92 15.93 15.92 15.93 15.92
15.82 15.72 15.68 15.70 15.75 15.66 15.76 15.73 15.63 15.57 15.26 15.60 15.70 15.59 15.74 15.75 15.78 15.67 15.73 15.70 15.72 15.83 15.49 15.77 15.83 15.76 15.87 15.86 15.60 15.73 15.61 15.68 15.70 15.79 15.76 15.58 15.78 15.75 15.76 15.67 15.56 15.68 15.69 15.85 15.78 15.74 15.83 15.85 15.78 15.83 15.88 15.82 15.81 15.78 15.79 15.83 15.84 15.87 15.82 15.91 15.89 15.91 15.87 15.89 15.89 15.91 15.93 15.92 15.90 15.90 15.91 15.91 15.91 15.90 15.89 15.89 15.93
15.88 15.79 15.70 15.75 15.84 15.83 15.81 15.71 15.92 15.49 15.39 15.61 15.64 15.64 15.80 15.60 15.77 15.78 15.71 15.74 15.74 15.76 15.86 15.78 15.83 15.73 15.72 15.83 15.71 15.59 15.78 15.75 15.69 15.80 15.75 15.75 15.83 15.71 15.76 15.68 15.47 15.58 15.72 15.73 15.80 15.72 15.75 15.72 15.71 15.80 15.85 15.83 15.83 15.70 15.72 15.76 15.86 15.83 15.84 15.84 15.87 15.84 15.80 15.88 15.88 15.87 15.88 15.89 15.88 15.87 15.89 15.81 15.83 15.87 15.88 15.84 15.90
15.85 15.92 15.85 15.90 15.86 15.78 15.82 15.79 15.81 15.76 15.56 15.74 15.60 15.74 15.65 15.78 15.61 15.79 15.87 15.72 15.87 15.79 15.88 15.71 15.89 15.87 15.87 15.82 15.75 15.71 15.73 15.84 15.73 15.72 15.78 15.82 15.79 15.78 15.80 15.74 15.63 15.60 15.67 15.75 15.74 15.84 15.71 15.84 15.83 15.81 15.78 15.83 15.83 15.63 15.68 15.84 15.79 15.76 15.77 15.79 15.76 15.82 15.74 15.81 15.86 15.82 15.84 15.82 15.83 15.83 15.87 15.81 15.76 15.78 15.82 15.88 15.84
15.86 15.81 15.81 15.86 15.84 15.82 15.84 15.73 15.80 15.80 15.66 15.82 15.73 15.87 15.87 15.83 15.85 15.80 15.91 15.81 15.81 15.79 15.78 15.75 15.78 15.84 15.70 15.79 15.67 15.78 15.81 15.77 15.77 15.79 15.86 15.81 15.71 15.80 15.84 15.77 15.79 15.68 15.73 15.67 15.74 15.78 15.80 15.79 15.80 15.78 15.73 15.67 15.70 15.74 15.72 15.65 15.70 15.68 15.75 15.74 15.77 15.83 15.68 15.80 15.75 15.82 15.75 15.77 15.74 15.85 15.81 15.79 15.80 15.80 15.82 15.84 15.84
15.82 15.80 15.82 15.80 15.85 15.84 15.89 15.67 15.81 15.79 15.78 15.85 15.85 15.81 15.82 15.86 15.77 15.78 15.83 15.75 15.88 15.85 15.77 15.78 15.70 15.82 15.64 15.76 15.85 15.74 15.76 15.88 15.79 15.83 15.76 15.80 15.67 15.74 15.81 15.76 15.79 15.78 15.68 15.75 15.69 15.80 15.75 15.81 15.74 15.75 15.67 15.72 15.72 15.74 15.65 15.67 15.71 15.74 15.79 15.73 15.71 15.76 15.76 15.76 15.72 15.68 15.76 15.71 15.76 15.75 15.71 15.68 15.76 15.81 15.82 15.82 15.80
15.80 15.76 15.79 15.76 15.78 15.82 15.85 15.74 15.63 15.74 15.81 15.86 15.86 15.81 15.84 15.83 15.84 15.79 15.81 15.78 15.77 15.71 15.75 15.71 15.72 15.77 15.62 15.79 15.78 15.79 15.90 15.83 15.71 15.79 15.78 15.76 15.83 15.72 15.78 15.69 15.64 15.81 15.76 15.75 15.69 15.73 15.79 15.83 15.80 15.77 15.70 15.63 15.59 15.60 15.62 15.71 15.72 15.68 15.76 15.75 15.74 15.73 15.65 15.52 15.59 15.55 15.67 15.67 15.70 15.65 15.64 15.62 15.79 15.79 15.79 15.76 15.79
15.76 15.70 15.76 15.75 15.75 15.76 15.81 15.78 15.75 15.73 15.84 15.80 15.81 15.88 15.78 15.85 15.85 15.83 15.80 15.80 15.77 15.81 15.78 15.68 15.77 15.77 15.64 15.70 15.77 15.60 15.25 15.84 15.71 15.35 15.43 15.69 15.71 15.77 15.80 15.79 15.78 15.73 15.80 15.73 15.76 15.71 15.75 15.75 15.74 15.69 15.59 15.68 15.55 15.56 15.69 15.56 15.67 15.74 15.62 15.68 15.67 15.64 15.65 15.55 15.57 15.54 15.64 15.59 15.53 15.40 15.67 15.64 15.73 15.69 15.68 15.73 15.74
15.79 15.73 15.74 15.77 15.79 15.78 15.75 15.78 15.76 15.76 15.75 15.81 15.83 15.82 15.76 15.76 15.80 15.81 15.81 15.76 15.75 15.76 15.76 15.78 15.81 15.76 15.76 15.75 15.71 15.68 15.53 15.49 15.50 15.28 15.50 15.55 15.68 15.74 15.74 15.75 15.72 15.76 15.77 15.77 15.72 15.75 15.73 15.72 15.70 15.72 15.70 15.61 15.66 15.62 15.61 15.68 15.67 15.61 15.59 15.69 15.63 15.67 15.62 15.50 15.63 15.55 15.55 15.51 15.48 15.57 15.58 15.55 15.58 15.65 15.69 15.72 15.67
