BOM_solar_grid_data_201906/2019061520190615.grid
ncols 839
nrows 679
xllcenter 112.0500
yllcenter -43.9500
cellsize 0.0500
nodata_value 99999.90
[rows 204 to 237 of 679, columns 616 to 692 of 839]
17.14 17.13 17.15 17.17 17.16 17.16 17.16 17.13 17.11 17.10 17.09 17.10 17.09 17.10 17.12 17.11 17.09 17.10 17.10 17.10 17.09 17.10 17.10 17.08 17.09 17.07 17.06 17.06 17.07 17.07 17.02 17.02 17.02 17.02 16.96 16.88 16.87 16.58 16.83 16.68 16.81 16.78 16.45 16.57 16.54 16.55 16.56 16.48 16.17 16.27 16.18 16.53 16.10 16.03 16.11 15.25 15.89 15.68 15.83 15.63 15.21 15.55 16.02 15.95 15.84 16.07 16.01 16.33 16.17 16.42 16.48 16.47 16.46 16.66 16.55 16.76 16.60
17.12 17.12 17.14 17.13 17.14 17.13 17.12 17.08 17.08 17.08 17.08 17.07 17.09 17.09 17.07 17.07 17.07 17.09 17.09 17.09 17.08 17.08 17.07 17.07 17.04 17.00 17.04 17.05 17.04 17.05 17.03 17.03 17.03 17.03 16.98 17.00 17.00 16.94 16.90 16.92 16.99 16.98 16.99 17.00 16.95 16.90 16.89 16.72 16.80 16.74 16.36 16.44 15.48 16.06 15.63 15.52 15.34 15.67 15.73 15.99 15.61 14.83 15.64 16.06 16.02 15.78 16.08 16.01 15.97 16.27 16.54 16.49 16.55 16.50 16.80 16.73 16.59
17.09 17.13 17.16 17.15 17.11 17.11 17.10 17.12 17.08 17.02 17.05 17.08 17.07 17.09 17.04 17.04 17.05 17.06 17.07 17.05 17.05 17.03 17.05 17.05 17.02 17.00 16.90 17.01 17.03 17.02 17.02 17.01 17.01 17.00 17.00 17.00 17.00 17.00 17.01 16.99 16.98 16.97 16.99 17.01 17.01 17.00 16.79 16.81 16.65 16.43 16.25 16.21 16.24 16.07 15.70 15.33 15.30 15.64 15.21 15.35 15.91 15.60 15.84 15.90 15.94 16.13 16.10 16.11 16.33 16.52 16.68 16.61 16.51 16.48 16.47 16.68 16.64
17.08 17.09 17.13 17.14 17.13 17.13 17.12 17.10 17.06 17.08 17.06 17.06 17.06 17.05 17.05 17.06 17.04 17.05 17.04 17.03 17.01 17.02 17.02 17.02 17.00 16.98 16.95 16.98 16.98 16.97 16.97 16.96 16.98 16.98 16.98 16.98 16.98 16.99 16.99 17.01 17.01 16.99 16.95 16.97 16.97 16.97 16.98 16.89 16.87 16.54 16.57 16.59 16.10 15.70 16.23 15.48 15.71 15.91 15.80 15.15 15.26 15.45 15.84 15.94 15.45 16.23 16.27 16.20 16.17 16.44 16.63 16.62 16.38 16.67 16.84 16.95 16.78
17.09 17.10 17.11 17.12 17.12 17.12 17.08 17.07 17.08 17.06 17.05 17.04 17.04 17.04 17.06 17.05 17.04 17.03 17.02 17.02 17.01 17.00 16.99 16.98 16.98 16.98 16.96 16.93 16.98 16.97 16.99 16.86 16.87 16.95 16.97 16.96 16.95 16.96 16.96 16.96 16.94 16.91 16.98 16.91 16.91 16.91 16.76 16.78 16.68 16.66 16.51 16.26 16.29 16.19 16.05 15.90 16.33 15.90 15.82 15.88 15.50 16.04 15.90 16.02 16.20 16.07 16.40 16.38 16.46 16.47 16.72 16.52 16.46 16.55 16.83 16.82 16.89
17.07 17.07 17.07 17.08 17.11 17.08 17.08 17.08 17.07 17.03 16.98 16.98 17.00 17.04 17.02 17.01 17.02 16.98 16.97 16.97 16.96 16.96 16.96 16.97 16.95 16.95 16.97 16.91 16.95 16.98 16.92 16.94 16.96 16.96 16.95 16.95 16.95 16.93 16.91 16.92 16.87 16.89 16.82 16.80 16.74 16.81 16.51 16.60 16.43 16.44 16.48 16.16 16.26 15.93 16.36 15.93 16.34 15.70 16.00 15.67 15.85 15.74 15.81 16.03 15.95 16.09 16.49 16.49 16.77 16.44 16.62 16.66 16.64 16.56 16.56 16.81 16.86
17.06 17.05 17.02 17.01 17.05 17.06 17.06 17.03 17.05 17.02 16.93 16.92 16.96 17.02 17.00 16.99 16.98 16.95 16.93 16.95 16.93 16.93 16.95 16.94 16.93 16.94 16.96 16.95 16.93 16.84 16.93 16.94 16.97 16.93 16.93 16.93 16.93 16.93 16.94 16.93 16.91 16.89 16.82 16.81 16.82 16.77 16.66 16.69 16.48 16.53 16.42 16.45 16.23 16.15 16.17 15.69 16.02 16.21 16.10 15.64 15.92 16.03 15.96 15.68 15.98 16.19 16.29 16.23 16.39 16.49 16.63 16.54 16.57 16.61 16.65 16.74 16.68
17.05 17.04 16.98 16.90 17.01 17.02 17.02 17.02 17.02 17.02 16.93 16.95 16.94 16.96 16.94 16.96 16.92 16.90 16.90 16.89 16.91 16.91 16.92 16.93 16.94 16.93 16.93 16.91 16.92 16.87 16.91 16.94 16.93 16.92 16.92 16.90 16.92 16.92 16.92 16.91 16.89 16.87 16.80 16.84 16.83 16.72 16.71 16.45 16.37 16.40 16.24 16.47 16.02 16.28 16.10 15.88 15.72 15.83 16.24 15.68 16.03 15.96 16.20 15.88 15.87 15.95 16.34 16.33 16.29 16.54 16.51 16.64 16.71 16.73 16.57 16.66 16.73
16.99 16.98 16.98 16.99 16.98 16.97 16.95 16.98 17.00 16.99 16.98 16.94 16.94 16.84 16.93 16.92 16.89 16.87 16.88 16.90 16.92 16.91 16.91 16.93 16.92 16.92 16.91 16.90 16.89 16.89 16.91 16.91 16.92 16.92 16.91 16.91 16.93 16.90 16.88 16.88 16.84 16.84 16.82 16.81 16.77 16.73 16.58 16.67 16.50 16.43 16.25 16.09 16.12 16.10 15.64 16.03 15.71 15.96 15.49 16.04 16.26 15.95 16.11 16.17 16.09 15.90 16.32 16.21 16.43 16.38 16.59 16.67 16.60 16.68 16.69 16.74 16.68
16.97 17.01 17.02 17.01 17.00 16.96 16.92 16.96 16.95 16.96 16.94 16.92 16.88 16.88 16.88 16.87 16.87 16.86 16.87 16.91 16.92 16.91 16.86 16.86 16.87 16.86 16.86 16.88 16.86 16.86 16.88 16.90 16.91 16.88 16.90 16.91 16.88 16.87 16.87 16.87 16.81 16.79 16.80 16.66 16.73 16.80 16.70 16.56 16.64 16.53 16.28 16.31 16.23 15.96 15.94 15.84 15.87 15.59 15.98 15.93 15.81 16.22 16.30 16.16 16.17 16.19 16.12 16.28 16.56 16.87 16.89 16.81 16.73 16.56 16.47 16.74 16.74
16.98 16.99 16.99 16.99 17.00 16.97 16.94 16.90 16.90 16.90 16.87 16.85 16.83 16.90 16.85 16.89 16.88 16.87 16.90 16.90 16.91 16.89 16.89 16.88 16.86 16.85 16.87 16.88 16.87 16.86 16.87 16.88 16.88 16.87 16.87 16.88 16.87 16.86 16.85 16.81 16.83 16.80 16.76 16.67 16.63 16.61 16.55 16.58 16.61 16.62 16.70 16.54 16.29 16.22 15.83 15.79 15.74 15.65 15.78 15.84 16.13 16.14 16.30 16.26 16.49 16.40 16.46 16.68 16.59 16.87 16.87 16.81 16.75 16.61 16.68 16.76 16.82
16.94 16.97 16.97 16.96 16.96 16.96 16.96 16.96 16.94 16.93 16.94 16.89 16.83 16.79 16.83 16.86 16.86 16.89 16.89 16.90 16.88 16.86 16.86 16.85 16.85 16.85 16.86 16.87 16.88 16.83 16.84 16.85 16.86 16.84 16.85 16.86 16.84 16.81 16.81 16.80 16.82 16.80 16.64 16.72 16.60 16.49 16.61 16.33 16.40 16.24 16.44 16.44 16.12 16.18 16.08 15.82 15.76 15.83 15.88 16.00 15.67 16.09 16.27 16.24 16.44 16.48 16.50 16.57 16.75 16.70 16.67 16.68 16.63 16.71 16.80 16.81 16.82
16.90 16.94 16.94 16.96 16.94 16.93 16.93 16.95 16.94 16.95 16.94 16.92 16.87 16.82 16.82 16.87 16.89 16.90 16.88 16.87 16.87 16.84 16.84 16.84 16.85 16.84 16.83 16.84 16.86 16.85 16.84 16.84 16.83 16.83 16.83 16.84 16.83 16.81 16.79 16.74 16.53 16.78 16.78 16.62 16.42 16.44 16.59 16.54 16.69 16.59 16.34 16.38 16.24 16.19 16.11 16.07 15.90 15.62 15.84 15.81 15.85 16.07 15.93 16.28 16.33 16.47 16.57 16.49 16.58 16.50 16.46 16.80 16.71 16.75 16.81 16.84 16.77
16.87 16.89 16.91 16.92 16.90 16.91 16.91 16.90 16.90 16.90 16.91 16.88 16.87 16.87 16.76 16.83 16.83 16.85 16.84 16.83 16.84 16.82 16.80 16.79 16.81 16.80 16.80 16.80 16.82 16.84 16.83 16.82 16.82 16.82 16.81 16.81 16.80 16.80 16.74 16.77 16.74 16.71 16.54 16.67 16.73 16.64 16.41 16.39 16.50 16.59 16.52 16.28 16.25 16.28 16.06 15.84 15.90 15.97 16.13 16.13 15.86 16.02 15.94 15.94 16.12 16.27 16.37 16.50 16.63 16.65 16.75 16.77 16.76 16.73 16.67 16.73 16.67
16.87 16.90 16.90 16.89 16.88 16.88 16.89 16.88 16.87 16.87 16.87 16.86 16.87 16.87 16.85 16.81 16.79 16.79 16.76 16.76 16.78 16.82 16.80 16.64 16.75 16.79 16.75 16.76 16.77 16.80 16.78 16.78 16.78 16.80 16.80 16.79 16.76 16.71 16.74 16.78 16.74 16.62 16.79 16.72 16.57 16.52 16.63 16.71 16.68 16.73 16.49 16.46 16.41 16.10 16.28 16.10 16.10 15.93 16.09 16.08 16.11 16.28 16.26 16.28 16.43 16.47 16.48 16.55 16.25 16.73 16.74 16.74 16.75 16.58 16.55 16.66 16.77
16.84 16.85 16.85 16.86 16.86 16.86 16.85 16.83 16.82 16.82 16.83 16.82 16.83 16.84 16.83 16.76 16.71 16.65 16.58 16.65 16.68 16.77 16.78 16.72 16.76 16.78 16.78 16.76 16.76 16.77 16.77 16.77 16.77 16.75 16.75 16.76 16.76 16.75 16.65 16.74 16.76 16.77 16.75 16.66 16.71 16.69 16.74 16.69 16.75 16.74 16.56 16.47 16.33 16.54 16.42 16.10 16.20 16.01 15.96 16.07 16.27 16.20 16.56 16.42 16.44 16.64 16.61 16.62 16.48 16.54 16.73 16.48 16.65 16.65 16.38 16.65 16.69
16.84 16.82 16.84 16.83 16.82 16.81 16.82 16.80 16.77 16.80 16.82 16.77 16.69 16.75 16.81 16.81 16.75 16.73 16.64 16.72 16.70 16.76 16.76 16.75 16.77 16.76 16.76 16.75 16.74 16.75 16.75 16.74 16.74 16.75 16.74 16.73 16.74 16.75 16.76 16.78 16.75 16.74 16.72 16.68 16.63 16.70 16.67 16.71 16.66 16.69 16.67 16.61 16.47 16.54 16.37 16.38 16.26 16.20 16.21 15.95 15.99 16.03 16.05 16.29 16.48 16.39 16.53 16.58 16.48 16.60 16.58 16.76 16.64 16.32 16.76 16.75 16.63
16.78 16.78 16.81 16.81 16.78 16.80 16.81 16.79 16.78 16.79 16.80 16.80 16.78 16.76 16.72 16.75 16.68 16.72 16.75 16.75 16.75 16.70 16.74 16.75 16.75 16.75 16.74 16.73 16.73 16.72 16.71 16.72 16.72 16.74 16.75 16.74 16.73 16.75 16.74 16.75 16.71 16.72 16.72 16.71 16.72 16.72 16.62 16.52 16.70 16.63 16.60 16.56 16.57 16.59 16.50 16.47 16.44 16.21 16.21 16.16 16.25 16.09 16.06 16.10 16.36 16.49 16.27 16.33 16.41 16.54 16.64 16.61 16.58 16.70 16.66 16.71 16.69
16.70 16.63 16.71 16.78 16.77 16.76 16.77 16.79 16.78 16.74 16.76 16.76 16.75 16.75 16.72 16.74 16.70 16.63 16.71 16.73 16.74 16.63 16.73 16.75 16.73 16.71 16.60 16.71 16.71 16.70 16.70 16.70 16.69 16.70 16.72 16.74 16.71 16.71 16.71 16.71 16.64 16.68 16.68 16.69 16.68 16.69 16.65 16.44 16.43 16.56 16.62 16.66 16.57 16.40 16.41 16.23 16.26 16.32 16.08 16.09 16.21 16.12 16.20 16.08 16.28 16.28 16.35 16.30 16.48 16.30 16.61 16.43 16.60 16.57 16.64 16.64 16.60
16.71 16.59 16.59 16.66 16.73 16.71 16.73 16.74 16.73 16.73 16.75 16.61 16.67 16.72 16.74 16.70 16.64 16.57 16.64 16.66 16.70 16.66 16.70 16.72 16.72 16.70 16.63 16.64 16.66 16.66 16.68 16.71 16.67 16.67 16.70 16.72 16.69 16.69 16.70 16.67 16.63 16.66 16.67 16.57 16.60 16.56 16.58 16.62 16.54 16.37 16.44 16.57 16.60 16.51 16.56 16.48 16.13 16.18 16.09 16.14 16.17 16.25 16.43 16.40 16.34 16.21 16.24 16.30 16.41 16.52 16.13 16.38 16.40 16.40 16.66 16.64 16.65
16.55 16.57 16.67 16.60 16.64 16.62 16.63 16.70 16.72 16.68 16.70 16.50 16.38 16.51 16.67 16.60 16.63 16.67 16.64 16.59 16.66 16.70 16.69 16.67 16.70 16.70 16.65 16.67 16.69 16.70 16.69 16.68 16.67 16.65 16.66 16.69 16.67 16.66 16.66 16.65 16.61 16.62 16.53 16.61 16.63 16.58 16.53 16.58 16.62 16.56 16.58 16.52 16.36 16.45 16.40 16.22 16.44 16.24 16.21 16.24 16.12 16.18 16.29 16.40 16.33 16.31 16.29 16.33 16.29 16.36 16.06 16.21 15.94 16.42 16.57 16.48 16.45
16.61 16.58 16.44 16.41 16.41 16.57 16.63 16.62 16.67 16.63 16.63 16.43 16.31 16.30 16.37 16.53 16.60 16.58 16.64 16.60 16.65 16.69 16.68 16.68 16.68 16.68 16.65 16.69 16.69 16.68 16.66 16.68 16.68 16.65 16.64 16.67 16.66 16.63 16.64 16.64 16.59 16.59 16.61 16.63 16.52 16.43 16.57 16.64 16.56 16.53 16.49 16.58 16.48 16.44 16.41 16.28 16.40 16.18 16.20 15.93 16.15 16.24 16.22 16.11 16.22 16.23 16.16 16.38 16.44 16.25 16.24 16.11 16.10 16.24 16.44 16.21 16.38
16.44 16.48 16.55 16.52 16.53 16.63 16.62 16.62 16.54 16.65 16.69 16.63 16.45 16.34 16.18 16.25 16.42 16.47 16.49 16.55 16.61 16.67 16.68 16.67 16.65 16.63 16.65 16.66 16.66 16.66 16.64 16.64 16.61 16.61 16.63 16.65 16.65 16.62 16.61 16.60 16.61 16.59 16.59 16.46 16.43 16.47 16.60 16.54 16.62 16.56 16.58 16.60 16.57 16.42 16.28 16.50 16.41 16.23 16.29 16.11 16.01 15.95 16.16 16.24 16.27 16.30 16.16 16.27 16.28 16.35 16.24 16.22 16.31 16.19 16.39 16.30 16.37
16.42 16.43 16.40 16.43 16.52 16.57 16.64 16.61 16.57 16.58 16.59 16.65 16.61 16.50 16.35 16.42 16.35 16.44 16.55 16.60 16.56 16.62 16.65 16.64 16.64 16.63 16.65 16.65 16.66 16.64 16.64 16.62 16.55 16.58 16.61 16.63 16.65 16.61 16.61 16.61 16.61 16.48 16.55 16.50 16.50 16.45 16.31 16.55 16.62 16.58 16.59 16.59 16.50 16.57 16.54 16.49 16.25 16.28 16.31 16.28 15.94 15.95 15.98 16.14 16.23 16.16 16.36 15.99 16.22 16.06 16.01 16.18 16.42 16.37 16.52 16.36 16.43
16.42 16.32 16.44 16.35 16.40 16.56 16.65 16.52 16.43 16.37 16.39 16.43 16.67 16.64 16.61 16.60 16.56 16.59 16.61 16.60 16.61 16.62 16.62 16.58 16.61 16.61 16.62 16.62 16.61 16.61 16.59 16.59 16.55 16.58 16.59 16.60 16.62 16.58 16.59 16.60 16.57 16.55 16.47 16.39 16.50 16.54 16.58 16.60 16.57 16.58 16.57 16.56 16.55 16.55 16.44 16.54 16.43 16.28 16.04 16.12 15.92 16.30 16.07 15.98 16.04 16.20 16.12 16.12 16.08 16.21 16.22 16.19 16.24 16.29 16.54 16.38 16.44
16.35 16.19 16.25 16.45 16.51 16.60 16.55 16.62 16.61 16.55 16.57 16.53 16.60 16.62 16.61 16.62 16.60 16.61 16.60 16.61 16.63 16.63 16.63 16.61 16.59 16.58 16.54 16.57 16.57 16.60 16.59 16.58 16.55 16.56 16.58 16.60 16.59 16.57 16.58 16.58 16.58 16.57 16.52 16.49 16.42 16.45 16.50 16.50 16.56 16.57 16.57 16.55 16.55 16.54 16.49 16.51 16.43 16.47 16.51 16.22 15.82 15.90 16.02 16.05 16.06 15.87 15.95 15.97 16.18 16.06 16.18 16.13 16.12 16.31 16.43 16.34 16.43
16.26 16.25 16.29 16.47 16.54 16.56 16.50 16.59 16.60 16.59 16.56 16.57 16.56 16.61 16.58 16.55 16.60 16.57 16.56 16.57 16.59 16.57 16.57 16.58 16.60 16.58 16.49 16.45 16.50 16.51 16.50 16.49 16.48 16.53 16.55 16.57 16.56 16.55 16.55 16.55 16.55 16.53 16.52 16.53 16.53 16.50 16.44 16.42 16.54 16.52 16.53 16.53 16.53 16.53 16.52 16.49 16.48 16.44 16.50 16.55 16.58 15.89 15.94 15.96 16.14 15.96 16.23 16.28 16.31 16.26 16.20 16.16 16.20 16.40 16.38 16.37 16.27
16.21 16.26 16.24 16.31 16.39 16.40 16.47 16.57 16.58 16.56 16.62 16.62 16.61 16.61 16.61 16.62 16.60 16.59 16.60 16.58 16.44 16.50 16.52 16.55 16.60 16.59 16.60 16.57 16.54 16.42 16.48 16.54 16.52 16.53 16.55 16.57 16.54 16.53 16.53 16.54 16.53 16.52 16.51 16.50 16.51 16.44 16.47 16.47 16.52 16.49 16.51 16.52 16.52 16.50 16.50 16.46 16.48 16.14 16.24 16.29 16.58 16.38 16.25 16.15 16.14 15.96 16.04 16.13 16.19 16.40 16.33 16.14 16.32 16.33 16.16 16.34 16.36
16.15 16.10 16.12 15.97 16.21 16.27 16.43 16.47 16.55 16.57 16.59 16.58 16.56 16.55 16.57 16.61 16.60 16.58 16.58 16.58 16.55 16.52 16.53 16.56 16.59 16.58 16.58 16.57 16.44 16.54 16.54 16.53 16.50 16.52 16.53 16.55 16.55 16.52 16.52 16.52 16.50 16.49 16.48 16.48 16.50 16.48 16.44 16.41 16.49 16.26 16.28 16.36 16.48 16.48 16.48 16.43 16.44 16.36 16.41 16.24 16.31 16.32 16.10 16.26 16.41 16.27 16.11 16.10 16.12 16.24 16.18 16.15 16.32 16.19 16.25 16.09 15.90
16.21 16.18 16.04 16.00 16.18 16.31 16.31 16.42 16.52 16.55 16.55 16.53 16.53 16.53 16.56 16.57 16.58 16.55 16.55 16.55 16.55 16.54 16.54 16.50 16.54 16.56 16.55 16.54 16.44 16.44 16.44 16.47 16.49 16.49 16.52 16.53 16.53 16.49 16.49 16.50 16.48 16.47 16.45 16.42 16.36 16.39 16.37 16.25 16.24 16.41 16.38 16.29 16.40 16.36 16.43 16.34 16.40 16.39 16.35 16.28 16.32 16.11 16.02 16.31 16.41 16.32 16.13 16.32 16.20 16.14 16.23 16.14 15.88 15.93 16.05 16.18 15.72
16.12 15.97 16.08 16.17 16.23 16.27 16.32 16.33 16.49 16.52 16.54 16.52 16.48 16.52 16.54 16.55 16.56 16.55 16.53 16.52 16.51 16.52 16.53 16.54 16.54 16.52 16.52 16.51 16.47 16.41 16.48 16.48 16.45 16.45 16.52 16.52 16.51 16.47 16.46 16.39 16.46 16.43 16.38 16.27 16.19 16.32 16.29 16.37 16.21 16.29 16.22 16.30 16.27 16.37 16.32 16.39 16.34 16.30 16.30 16.38 16.30 16.32 16.30 16.29 16.37 16.37 16.33 16.41 16.37 16.37 16.31 16.23 16.19 16.01 15.92 15.97 16.03
15.93 16.08 16.11 16.02 15.96 16.10 16.30 16.29 16.46 16.50 16.52 16.49 16.51 16.48 16.49 16.50 16.52 16.52 16.52 16.51 16.51 16.51 16.50 16.50 16.50 16.50 16.49 16.48 16.49 16.42 16.50 16.49 16.41 16.43 16.49 16.50 16.48 16.47 16.47 16.43 16.43 16.39 16.40 16.33 16.34 16.36 16.22 16.29 16.18 16.14 16.31 16.29 16.40 16.40 16.38 16.38 16.34 16.38 16.21 16.28 16.40 16.37 16.33 16.35 16.35 16.30 16.36 16.38 16.37 16.15 16.29 16.29 16.38 16.16 16.06 15.88 15.74
16.10 16.07 15.99 15.92 15.96 16.23 16.24 16.41 16.44 16.48 16.48 16.48 16.47 16.45 16.45 16.45 16.44 16.49 16.50 16.51 16.50 16.49 16.49 16.48 16.49 16.47 16.47 16.44 16.42 16.45 16.46 16.45 16.43 16.43 16.48 16.46 16.47 16.46 16.44 16.42 16.41 16.42 16.13 16.18 16.21 16.05 16.25 16.30 16.27 16.28 15.97 16.14 16.14 16.30 16.38 16.35 16.29 16.34 16.32 16.32 16.31 16.36 16.33 16.38 16.41 16.29 16.27 16.34 16.34 16.29 16.14 16.20 16.24 16.32 16.27 15.94 15.93
16.12 15.95 15.92 15.93 15.98 16.01 16.29 16.37 16.31 16.41 16.44 16.46 16.45 16.45 16.45 16.47 16.46 16.46 16.46 16.47 16.48 16.48 16.48 16.47 16.46 16.44 16.45 16.43 16.44 16.40 16.44 16.42 16.41 16.40 16.45 16.49 16.48 16.46 16.40 16.40 16.39 16.39 16.30 16.33 16.24 16.19 16.32 16.33 16.30 16.34 16.28 16.25 16.31 16.26 16.35 16.35 16.36 16.35 16.30 16.22 16.27 16.31 16.37 16.36 16.36 16.34 16.34 16.25 16.31 16.31 16.29 16.32 16.25 15.98 16.02 16.28 15.94
