BOM_solar_grid_data_201906/2019062020190620.grid
ncols 839
nrows 679
xllcenter 112.0500
yllcenter -43.9500
cellsize 0.0500
nodata_value 99999.90
[rows 238 to 271 of 679, columns 77 to 153 of 839]
15.70 15.70 15.78 15.08 15.69 15.26 15.56 15.20 15.54 15.51 15.68 15.15 15.55 14.89 14.50 14.95 14.59 14.20 14.00 14.21 14.73 13.94 14.39 14.93 14.56 14.44 14.44 14.10 13.82 13.97 13.83 13.99 13.99 14.48 14.36 13.87 13.88 14.05 14.41 14.21 13.98 14.19 14.51 13.91 13.51 13.88 15.20 14.76 14.42 14.46 14.87 14.83 15.02 15.25 15.38 15.55 15.58 15.30 15.38 15.41 15.29 15.10 15.20 15.16 15.05 14.97 15.05 15.34 14.95 14.70 14.00 14.18 14.31 14.43 13.94 14.55 14.15
15.65 15.71 15.15 14.96 15.51 15.47 15.83 14.92 15.52 15.90 15.72 15.75 15.80 15.65 15.07 15.05 14.41 14.03 13.95 14.51 14.48 14.34 14.15 14.19 14.68 14.80 14.51 14.33 13.82 13.43 13.50 14.13 14.19 14.18 14.20 13.96 14.19 14.47 14.76 14.16 14.22 13.54 13.89 13.42 13.71 14.53 15.07 13.84 14.29 14.58 14.55 14.78 15.10 15.04 15.00 15.60 15.62 15.30 15.25 15.35 15.44 15.26 15.26 15.02 15.02 15.04 14.92 14.94 14.59 14.00 14.20 14.03 14.09 14.73 14.79 14.56 14.50
15.75 15.74 15.39 15.14 15.45 14.77 15.42 15.44 16.02 15.93 15.62 15.32 15.62 15.67 15.20 15.06 15.03 14.57 13.99 14.14 13.89 14.02 14.15 14.22 14.67 14.80 15.01 14.51 14.26 13.65 13.47 13.66 14.13 13.93 13.68 14.16 14.50 14.09 14.59 13.97 13.56 13.43 13.70 14.29 13.82 14.17 14.34 13.93 14.02 14.17 14.80 14.79 14.76 15.05 14.93 15.39 15.46 15.43 15.17 14.84 15.33 15.03 15.25 15.11 14.99 15.10 14.81 14.68 14.58 14.98 14.53 15.01 14.93 14.71 14.80 14.07 14.04
15.47 15.66 15.50 15.19 14.90 15.14 15.67 15.44 15.83 15.95 15.87 15.48 15.80 15.60 15.20 15.37 15.23 14.95 14.84 14.70 14.56 14.07 14.22 14.57 14.41 14.51 14.63 14.37 13.97 13.63 14.26 14.04 14.24 13.89 14.00 13.95 13.59 13.58 13.74 14.36 14.61 14.68 14.10 14.74 14.41 14.57 14.57 14.19 13.48 13.62 13.95 14.49 14.83 15.15 15.00 15.45 15.34 15.15 15.16 15.30 15.36 15.38 15.27 15.18 15.09 14.85 14.52 14.79 14.78 14.74 14.16 14.14 14.30 14.29 14.30 14.18 14.32
15.80 15.61 15.10 15.19 15.57 15.61 15.55 15.08 15.68 15.89 15.72 15.52 15.97 15.72 15.58 15.68 15.16 14.90 14.65 14.65 14.57 14.52 14.42 14.54 13.64 13.94 13.99 13.95 14.12 14.36 13.95 14.43 14.29 14.22 13.90 13.49 13.75 13.61 14.14 14.52 15.00 15.01 15.00 14.62 15.05 14.87 14.34 14.80 14.54 14.29 14.80 15.03 15.23 15.06 15.11 15.29 15.37 14.99 14.94 15.36 15.16 15.30 14.96 15.10 15.14 14.27 14.24 14.62 14.71 14.20 13.76 14.04 14.32 13.35 13.23 13.67 13.01
15.92 15.96 15.47 15.37 15.68 15.86 15.63 15.08 15.89 15.85 15.13 15.34 15.41 15.95 15.74 16.11 15.66 15.46 14.72 14.30 14.10 14.78 14.76 14.84 14.39 14.18 14.27 13.96 14.44 14.17 13.66 13.95 14.21 14.10 14.36 14.07 14.03 14.34 14.53 14.62 15.07 14.99 15.02 14.87 15.04 14.96 14.57 14.72 14.70 14.63 14.64 14.89 14.57 14.61 14.67 14.97 15.09 14.82 14.67 14.68 14.50 14.43 14.76 14.69 14.65 14.21 14.78 14.47 14.23 14.27 14.50 14.45 14.45 13.92 13.49 13.41 12.59
15.77 15.81 15.82 15.94 15.70 15.49 15.59 15.54 15.94 15.94 15.43 15.16 15.49 15.36 15.60 15.88 15.91 15.94 15.18 14.94 14.72 14.29 14.67 15.15 14.81 14.24 14.68 14.19 14.14 14.13 13.71 14.45 14.60 14.13 14.99 14.40 14.61 14.63 14.30 14.68 14.84 15.22 14.81 14.92 14.91 15.01 14.56 14.27 14.70 14.16 14.17 14.72 14.57 14.90 14.78 14.74 14.97 14.67 14.90 14.90 15.08 14.80 14.41 14.21 14.54 14.77 15.03 15.10 14.64 15.32 15.16 14.57 14.26 13.89 13.78 13.12 13.02
15.85 15.71 15.77 15.79 15.75 15.71 15.76 15.69 15.80 15.72 14.71 14.70 15.71 15.28 14.92 15.36 15.76 15.83 15.57 15.35 14.90 14.16 14.33 15.45 14.99 14.54 14.54 14.55 14.62 14.49 14.35 14.41 14.82 14.06 14.20 14.80 15.35 15.54 15.04 14.92 14.85 15.05 15.18 15.08 14.95 15.40 14.91 14.53 14.84 15.11 14.33 14.80 14.55 14.97 14.51 14.70 14.74 14.79 15.13 14.84 14.73 14.46 14.33 14.35 14.03 14.45 14.74 14.95 14.78 14.80 14.82 14.75 14.53 13.87 13.48 13.29 13.47
15.43 15.58 15.62 15.55 15.64 15.72 15.78 15.69 15.92 15.79 14.40 14.91 15.30 15.62 14.72 15.12 15.28 15.35 15.03 15.25 15.05 15.01 14.82 14.82 14.54 14.26 14.84 14.65 14.54 14.86 14.61 14.55 14.63 14.52 15.04 15.21 15.20 15.13 14.57 14.77 14.85 15.11 15.18 15.18 14.99 14.86 14.95 14.90 14.79 14.88 14.98 14.81 14.66 14.72 14.44 14.61 14.32 14.45 14.29 14.66 14.64 14.59 14.42 14.59 14.63 15.27 15.38 15.03 13.91 14.03 14.37 13.09 14.14 13.80 13.64 13.28 13.27
15.36 15.61 15.64 15.36 15.64 15.51 15.51 15.67 15.94 15.58 14.45 14.64 15.29 15.35 15.10 15.12 14.89 14.81 14.89 15.13 15.27 15.07 14.81 14.85 14.66 14.49 14.72 14.41 14.75 15.09 15.16 15.17 15.05 15.11 15.12 15.33 15.05 15.02 15.17 15.15 15.14 15.48 15.17 14.61 14.38 14.71 14.67 14.93 15.25 14.79 14.76 14.81 14.28 14.46 14.89 14.40 14.29 14.35 14.28 14.22 14.57 14.77 14.77 14.48 14.74 14.73 14.70 14.71 14.47 14.66 14.28 13.81 14.65 14.11 13.98 14.05 13.90
15.80 15.64 15.64 15.50 15.53 15.48 15.33 15.70 15.65 15.69 15.12 15.36 15.36 15.13 15.28 15.06 15.05 14.32 14.78 15.25 14.91 14.78 14.79 15.15 15.60 15.00 14.51 14.82 15.01 14.99 15.00 15.37 15.28 14.85 15.12 15.08 14.93 14.49 15.14 15.23 15.31 15.41 15.08 14.52 14.76 14.62 15.10 14.82 15.19 14.79 14.93 15.12 14.80 14.93 14.71 14.96 15.07 15.00 14.85 14.89 14.81 14.70 14.48 14.49 14.67 14.92 15.17 14.80 15.18 14.66 15.02 14.86 14.90 14.45 14.21 14.06 14.10
15.66 15.45 15.85 15.69 15.50 15.42 15.61 15.79 15.82 15.62 15.47 15.25 14.97 15.05 15.51 15.15 15.04 14.47 15.17 15.07 14.81 14.66 15.32 15.61 15.15 15.11 14.75 15.12 15.35 15.54 15.22 15.14 14.90 14.79 15.08 15.08 14.79 14.63 14.93 15.14 15.03 15.43 15.32 15.00 15.11 15.08 14.93 14.93 15.17 15.29 15.30 15.30 14.92 14.82 15.16 15.13 15.25 15.15 14.86 14.53 15.06 15.05 14.74 15.11 14.80 15.23 14.92 14.67 14.21 14.24 15.04 14.55 14.44 15.22 14.50 13.35 12.84
15.51 15.30 15.83 15.73 15.47 15.66 15.67 15.63 15.89 15.91 15.75 15.45 15.20 14.74 14.67 15.06 15.08 14.30 14.67 14.86 14.84 15.10 15.20 14.89 14.88 14.90 15.55 15.42 15.30 15.35 14.93 15.16 15.09 14.95 15.02 15.38 15.12 15.20 15.24 15.26 15.49 15.55 15.20 14.91 15.03 15.07 15.09 14.97 14.96 14.94 14.78 14.75 14.36 14.66 15.01 15.27 15.18 15.40 14.97 14.97 14.76 14.76 14.82 14.90 14.95 14.53 14.12 14.54 14.45 14.52 14.78 14.66 14.86 14.88 14.24 13.36 13.48
15.61 15.38 15.58 15.68 15.63 15.57 15.79 15.99 15.97 15.94 15.66 15.29 15.22 14.70 14.87 15.32 14.82 14.50 14.35 14.30 14.34 14.94 15.05 15.32 15.19 15.24 15.10 15.23 15.29 15.07 14.86 15.43 15.24 15.08 15.31 15.33 15.27 15.28 15.58 15.51 15.29 15.51 15.20 14.60 15.25 15.11 15.41 15.15 14.92 15.00 15.00 15.10 14.67 14.63 14.95 14.97 15.11 15.20 15.55 15.56 15.29 14.97 15.11 14.84 14.70 14.02 14.34 14.23 14.38 14.62 14.26 14.83 14.45 13.81 14.80 13.53 14.24
15.82 15.69 15.63 15.65 15.54 15.77 15.77 16.00 15.97 15.85 15.72 15.73 15.42 15.30 15.41 14.79 14.74 14.32 13.90 14.39 14.75 14.23 14.57 15.39 15.25 15.23 14.91 15.02 15.35 15.32 15.11 15.62 15.47 15.08 15.02 15.11 15.57 15.26 15.39 15.51 15.23 15.47 15.03 14.94 15.23 15.28 15.46 15.27 15.55 15.11 14.86 14.72 14.07 14.90 14.96 15.46 15.21 15.08 15.18 15.60 15.48 15.32 15.19 15.03 14.75 14.14 14.75 14.48 14.79 15.06 14.95 14.71 14.49 14.25 14.44 14.57 14.90
15.66 15.64 15.78 15.66 15.40 15.60 15.69 15.87 15.87 15.99 15.86 15.73 15.02 14.88 15.37 15.33 14.96 13.88 13.69 14.64 14.47 14.49 15.23 15.12 14.49 14.49 15.27 14.98 15.15 15.13 14.87 15.44 15.56 14.92 15.53 15.68 15.71 15.19 15.27 15.48 15.45 15.31 14.94 15.11 15.45 15.61 15.20 15.44 15.43 15.28 14.87 15.13 15.02 15.21 15.07 15.25 15.17 15.09 14.82 14.45 15.36 15.60 15.37 15.20 15.20 15.14 15.41 14.91 15.26 15.64 15.34 15.16 15.03 14.82 14.46 14.22 14.93
15.63 15.61 15.58 15.68 15.56 15.75 15.75 15.86 15.91 15.87 15.96 15.54 15.03 15.02 15.37 15.60 14.55 14.24 14.16 14.34 14.29 15.25 14.58 14.90 15.27 15.21 15.13 14.70 14.48 14.94 15.10 15.44 15.71 15.44 15.81 15.80 15.67 15.70 15.71 15.62 15.66 15.47 15.30 15.06 15.12 15.78 15.22 15.36 15.44 15.42 15.51 15.57 15.29 15.32 15.05 15.18 15.35 15.16 15.19 14.85 15.16 15.44 15.58 15.50 15.56 15.57 15.46 15.23 15.36 15.44 15.46 15.22 15.01 14.92 14.28 14.33 14.78
15.77 15.64 15.60 15.74 15.74 15.74 15.80 15.80 15.83 15.94 15.86 15.65 14.98 14.85 14.85 15.15 14.93 14.34 14.19 14.62 14.62 14.46 15.02 15.38 15.25 15.47 15.17 15.13 15.29 15.27 15.44 15.56 15.53 15.43 15.54 15.55 15.68 15.75 15.51 15.42 15.53 15.37 15.16 15.06 15.25 15.48 15.37 15.49 15.58 15.62 15.26 15.60 15.34 15.34 15.24 15.31 15.32 15.42 15.51 15.51 15.34 15.46 15.44 15.56 15.54 15.60 15.48 15.47 15.49 15.54 15.72 15.41 15.43 15.49 14.77 14.59 14.69
15.60 15.67 15.64 15.72 15.64 15.78 15.93 15.85 15.93 15.95 15.95 15.84 15.39 15.05 14.44 15.17 14.36 14.26 13.54 14.24 14.99 14.51 14.87 14.99 14.90 15.22 15.03 15.43 15.41 15.32 15.00 15.39 15.57 15.65 15.49 15.66 15.63 15.63 15.58 15.47 15.47 15.43 15.29 15.53 15.31 15.82 15.35 15.50 15.57 15.50 15.54 15.65 15.46 15.55 15.59 15.34 15.35 15.46 15.34 15.32 15.65 15.28 15.43 15.50 15.60 15.58 15.54 15.44 15.58 15.56 15.62 15.44 15.54 15.48 15.26 15.13 15.10
15.19 15.58 15.72 15.77 15.52 15.66 15.93 15.95 15.90 15.94 15.92 15.88 15.78 15.26 15.22 14.97 14.61 13.89 13.89 14.51 14.87 14.15 15.21 15.16 15.16 14.71 15.32 15.40 15.39 15.26 15.08 15.64 15.51 15.59 15.64 15.70 15.74 15.19 15.60 15.06 15.63 15.24 15.30 15.70 15.50 15.58 15.57 15.43 15.24 15.40 15.63 15.40 15.40 15.39 15.29 15.69 15.40 15.49 15.49 15.53 15.56 15.40 15.30 15.47 15.47 15.29 15.35 15.51 15.63 15.65 15.58 15.48 15.48 15.35 15.49 15.31 15.48
15.49 15.61 15.60 15.51 15.47 15.69 15.74 15.91 15.91 15.93 15.88 15.74 15.86 15.13 15.04 14.77 14.86 14.69 14.07 14.36 15.29 14.41 15.12 15.04 15.06 14.74 15.17 14.66 15.30 15.46 15.12 15.26 15.42 15.68 15.54 15.53 15.61 15.15 15.56 15.46 15.52 14.89 15.28 15.13 15.23 15.62 15.50 15.55 15.65 15.28 15.58 15.29 14.99 15.13 15.35 15.39 15.56 15.54 15.56 15.32 15.47 15.37 15.31 15.37 15.35 15.45 15.26 15.53 15.55 15.59 15.41 15.55 15.68 15.51 15.56 15.63 15.59
15.63 15.49 15.38 15.41 15.49 15.56 15.72 15.82 15.95 15.91 15.90 15.84 15.86 15.42 15.27 15.35 15.68 15.18 14.79 14.09 14.62 14.55 14.60 15.38 15.08 15.16 15.00 14.55 15.33 14.74 14.82 15.35 15.61 15.68 15.34 15.21 15.61 15.46 15.52 15.45 15.43 15.28 15.00 15.48 15.16 15.65 15.19 15.52 15.41 15.55 15.31 15.38 15.21 15.15 15.35 15.30 15.25 14.99 15.31 15.35 15.25 15.26 15.21 15.41 15.33 15.23 15.53 15.59 15.53 15.54 15.54 15.74 15.70 15.67 15.55 15.59 15.28
15.49 15.33 15.69 15.66 15.76 15.75 15.85 15.80 15.86 15.91 15.89 15.82 15.85 15.51 15.30 15.47 15.15 14.77 14.84 15.18 14.85 15.06 14.99 14.98 15.01 15.07 14.98 15.02 14.90 15.49 14.87 15.24 15.40 15.76 15.42 15.04 15.34 15.14 15.21 15.49 15.53 15.46 15.17 15.46 15.19 15.74 15.28 15.51 15.43 15.36 15.31 15.46 15.04 15.09 15.00 15.19 15.17 15.15 15.05 15.37 14.94 15.32 15.37 15.47 15.43 15.54 15.57 15.73 15.60 15.51 15.61 15.57 15.42 15.46 15.32 15.20 15.17
15.03 15.49 15.63 15.73 15.83 15.80 15.76 15.69 15.80 15.88 15.76 15.84 15.78 15.73 15.63 15.60 15.57 15.69 15.33 15.45 15.15 14.99 14.73 14.57 14.68 14.57 15.00 14.94 14.11 15.29 15.14 15.34 15.55 15.50 15.44 14.85 15.05 15.04 15.03 15.01 15.17 15.10 15.27 15.13 15.37 15.14 15.48 15.51 15.31 15.59 15.02 15.23 14.98 15.00 15.32 15.43 15.45 15.10 15.27 15.37 15.31 15.49 15.54 15.49 15.45 15.31 15.43 15.29 15.37 15.31 15.47 15.52 15.51 15.37 15.33 15.01 14.96
15.25 15.27 15.60 15.57 15.61 15.65 15.68 15.72 15.73 15.80 15.81 15.82 15.79 15.82 15.83 15.71 15.73 15.44 15.11 15.30 14.82 14.77 15.03 15.09 14.62 14.63 15.06 14.88 14.97 15.02 15.00 15.22 15.33 15.25 15.56 14.51 15.19 15.37 15.16 15.18 14.90 14.92 15.33 15.23 14.34 15.44 15.44 15.46 15.63 15.41 15.21 15.18 15.01 15.07 15.14 15.41 15.49 15.32 15.23 14.92 15.12 15.23 15.27 14.76 15.52 15.34 14.85 14.90 14.97 15.09 15.13 15.09 15.34 15.30 14.87 14.70 14.93
15.45 15.44 15.46 15.33 15.55 15.66 15.66 15.63 15.61 15.73 15.71 15.83 15.84 15.83 15.81 15.80 15.56 15.41 15.36 15.38 15.34 15.54 15.20 15.24 14.68 14.86 14.73 15.22 14.86 14.89 15.26 14.73 15.16 14.45 15.34 14.34 15.12 14.68 15.31 14.76 14.91 14.98 14.96 14.35 14.95 15.39 15.27 15.03 15.57 15.33 15.36 15.59 15.19 15.27 15.12 14.88 14.85 15.33 14.62 14.67 15.14 15.19 15.19 15.29 15.48 15.26 15.03 15.23 14.89 14.92 14.78 14.87 14.76 14.94 14.67 14.67 14.76
15.31 15.11 15.26 15.44 15.55 15.40 15.57 15.63 15.62 15.76 15.77 15.76 15.75 15.69 15.71 15.69 15.73 15.78 15.62 15.58 15.55 15.40 14.86 14.98 14.84 15.28 14.82 14.67 14.81 15.27 14.66 15.13 15.02 15.07 15.46 15.11 14.71 15.01 15.00 14.32 15.04 14.32 14.27 14.24 14.67 15.33 14.99 14.91 15.38 15.49 15.52 15.41 15.41 15.31 14.68 15.15 14.99 14.97 15.38 15.08 15.33 15.25 15.22 15.23 15.39 15.42 15.25 15.38 15.16 15.30 14.84 14.82 14.85 14.84 14.68 14.58 14.60
15.16 15.30 15.37 15.28 15.34 15.61 15.67 15.55 15.66 15.71 15.72 15.68 15.60 15.60 15.62 15.68 15.63 15.69 15.56 15.62 15.61 15.69 15.49 15.47 15.21 15.23 14.84 14.51 14.96 15.28 14.39 14.89 14.71 14.90 15.19 14.37 14.23 14.28 14.56 14.75 14.55 14.80 14.62 14.74 14.83 14.69 14.23 14.76 15.19 15.68 15.30 15.50 15.32 15.18 15.28 15.38 15.52 15.26 15.31 15.53 15.36 15.39 15.19 15.26 15.38 15.17 15.31 15.32 15.18 14.90 15.07 15.01 14.56 14.17 13.87 14.25 14.24
14.91 15.00 15.32 15.38 15.32 15.44 15.51 15.41 15.58 15.68 15.65 15.57 15.60 15.60 15.59 15.65 15.66 15.62 15.59 15.64 15.63 15.41 15.46 15.45 15.02 15.10 14.98 14.94 14.87 14.93 14.10 14.93 13.90 15.16 15.14 14.43 14.06 14.93 14.65 14.89 14.53 14.47 14.63 14.81 14.19 14.26 14.87 14.98 15.29 15.31 15.29 15.18 15.39 15.25 15.22 15.35 15.29 15.22 15.18 15.06 14.86 15.10 14.94 15.19 15.19 15.24 15.38 15.25 15.20 15.08 14.78 14.85 14.83 14.74 14.47 14.29 13.96
15.11 14.99 15.25 15.47 15.42 15.42 15.30 15.32 15.45 15.44 15.52 15.58 15.61 15.62 15.48 15.49 15.62 15.68 15.66 15.65 15.64 15.52 15.65 15.58 15.39 15.21 15.28 15.32 14.45 15.01 15.15 15.08 14.65 15.21 15.21 14.34 14.85 14.53 14.52 13.96 13.91 14.62 14.64 14.16 14.42 14.20 15.09 14.42 14.97 15.27 14.97 15.39 15.53 15.21 15.51 14.99 15.09 15.24 15.24 15.19 15.14 15.30 15.20 15.33 15.41 15.28 15.31 15.20 15.26 15.05 14.91 14.77 15.16 14.65 14.24 14.82 14.58
15.14 14.88 14.90 15.20 15.46 15.39 15.49 15.50 15.48 15.46 15.52 15.56 15.61 15.63 15.53 15.64 15.63 15.63 15.62 15.62 15.57 15.49 15.47 15.34 15.29 15.55 15.38 15.12 14.81 15.36 15.06 14.71 15.14 15.15 15.31 14.55 14.93 14.81 14.82 14.33 14.11 14.30 13.90 14.51 14.28 14.72 15.45 15.28 15.31 15.02 15.28 15.30 15.32 15.18 15.36 15.27 15.11 14.99 15.24 15.45 15.51 15.55 15.32 15.51 15.52 15.46 15.48 15.47 15.28 15.24 15.05 15.18 15.18 14.95 14.83 14.65 14.37
15.35 14.88 14.70 15.02 15.25 15.40 15.51 15.58 15.54 15.56 15.56 15.52 15.60 15.59 15.61 15.60 15.54 15.59 15.62 15.61 15.48 15.55 15.57 15.59 15.51 15.44 15.36 15.25 15.41 15.37 15.26 15.02 15.27 15.53 15.12 14.40 14.96 15.32 13.92 14.91 14.73 14.13 14.63 14.96 14.75 15.39 15.27 14.92 15.02 15.30 15.25 15.02 15.39 15.22 15.25 15.29 15.12 15.15 15.25 15.50 15.37 15.18 15.15 15.29 15.28 15.35 15.46 15.29 15.20 15.17 15.20 15.01 14.84 14.91 15.03 14.62 14.56
15.25 14.92 14.84 14.94 15.32 15.35 15.52 15.48 15.52 15.59 15.60 15.55 15.57 15.55 15.52 15.55 15.60 15.61 15.58 15.59 15.58 15.59 15.59 15.52 15.30 15.28 15.40 15.40 15.50 15.53 15.38 15.40 15.41 15.47 15.45 14.91 15.46 14.99 14.88 15.11 14.41 14.15 14.83 14.85 15.01 15.07 15.27 15.18 14.29 14.61 14.63 14.61 14.72 15.08 15.22 15.17 15.43 15.32 15.41 15.53 15.42 15.24 15.41 15.42 15.34 15.45 15.32 15.09 15.14 14.94 14.94 15.12 15.35 15.28 15.19 14.98 15.08
15.16 15.12 15.08 14.84 15.05 15.04 15.06 15.38 15.50 15.55 15.50 15.47 15.47 15.55 15.57 15.55 15.50 15.43 15.47 15.58 15.58 15.54 15.32 15.29 15.33 15.40 15.56 15.48 15.44 15.37 15.30 15.57 15.42 15.53 15.57 15.09 15.15 15.28 15.34 14.86 14.51 14.17 14.65 15.29 15.40 15.20 15.47 15.14 15.06 15.26 15.14 15.28 15.03 15.23 15.05 15.31 15.20 15.04 15.43 15.37 15.31 15.42 15.35 15.37 15.41 15.45 15.32 15.15 15.31 15.10 15.01 15.29 15.41 15.35 15.28 14.84 15.15
