BOM_solar_grid_data_201906/2019061020190610.grid
ncols 839
nrows 679
xllcenter 112.0500
yllcenter -43.9500
cellsize 0.0500
nodata_value 99999.90
[rows 102 to 135 of 679, columns 539 to 615 of 839]
99999.90 99999.90 99999.90 99999.90 99999.90 99999.90 99999.90 99999.90 99999.90 99999.90 99999.90 99999.90 99999.90 99999.90 99999.90 99999.90 99999.90 99999.90 99999.90 99999.90 99999.90 99999.90 99999.90 99999.90 99999.90 99999.90 99999.90 99999.90 99999.90 99999.90 99999.90 99999.90 99999.90 99999.90 99999.90 99999.90 99999.90 99999.90 99999.90 19.03 19.14 19.20 19.30 19.30 19.30 19.30 19.30 19.30 19.30 19.30 19.30 19.34 19.34 19.34 19.26 19.28 19.21 19.24 19.25 19.19 19.19 19.17 19.17 19.13 18.97 18.91 18.96 18.83 18.73 18.80 18.89 18.82 18.75 18.61 18.84 18.86 18.97
99999.90 99999.90 99999.90 99999.90 99999.90 99999.90 99999.90 99999.90 99999.90 99999.90 99999.90 99999.90 99999.90 99999.90 99999.90 99999.90 99999.90 99999.90 99999.90 99999.90 99999.90 99999.90 99999.90 99999.90 99999.90 99999.90 99999.90 99999.90 99999.90 99999.90 99999.90 99999.90 99999.90 99999.90 99999.90 99999.90 99999.90 99999.90 99999.90 19.03 19.14 19.20 19.20 19.20 19.30 19.30 19.30 19.30 19.30 19.30 19.30 19.30 19.31 19.31 19.10 19.21 19.16 19.18 19.19 19.16 19.20 19.21 19.19 19.20 19.15 19.24 19.14 19.13 19.11 19.05 18.99 18.90 18.90 18.92 18.89 19.00 18.95
99999.90 99999.90 99999.90 99999.90 99999.90 99999.90 99999.90 99999.90 99999.90 99999.90 99999.90 99999.90 99999.90 99999.90 99999.90 99999.90 99999.90 99999.90 99999.90 99999.90 99999.90 99999.90 99999.90 99999.90 99999.90 99999.90 99999.90 99999.90 99999.90 99999.90 99999.90 99999.90 99999.90 99999.90 99999.90 99999.90 99999.90 99999.90 99999.90 19.03 19.14 19.14 19.14 19.20 19.20 19.20 19.20 19.30 19.30 19.30 19.30 19.30 19.30 19.27 19.28 19.20 19.12 19.15 19.15 19.13 19.17 19.17 19.17 19.13 19.15 19.24 19.27 19.26 19.23 19.18 19.15 19.09 19.08 19.03 18.84 18.94 18.93
99999.90 99999.90 99999.90 99999.90 99999.90 99999.90 99999.90 99999.90 99999.90 99999.90 99999.90 99999.90 99999.90 99999.90 99999.90 99999.90 99999.90 99999.90 99999.90 99999.90 99999.90 99999.90 99999.90 99999.90 99999.90 99999.90 99999.90 99999.90 99999.90 99999.90 99999.90 99999.90 99999.90 99999.90 99999.90 99999.90 99999.90 99999.90 99999.90 19.03 19.14 19.14 19.14 19.14 19.14 19.20 19.20 19.20 19.20 19.20 19.25 19.25 19.25 19.02 19.15 18.97 19.18 19.18 19.14 19.14 19.14 19.12 19.17 19.23 19.23 19.26 19.25 19.26 19.26 19.25 19.23 19.21 19.19 19.14 19.05 19.00 18.91
99999.90 99999.90 99999.90 99999.90 99999.90 99999.90 99999.90 99999.90 99999.90 99999.90 99999.90 99999.90 99999.90 99999.90 99999.90 99999.90 99999.90 99999.90 99999.90 99999.90 99999.90 99999.90 99999.90 99999.90 99999.90 99999.90 99999.90 99999.90 99999.90 99999.90 99999.90 99999.90 99999.90 99999.90 99999.90 99999.90 99999.90 99999.90 99999.90 19.03 19.14 19.14 19.14 19.14 19.14 19.14 19.14 19.20 19.20 19.20 19.20 19.18 19.18 19.10 19.12 19.07 19.16 19.15 19.03 19.15 19.11 19.11 19.18 19.19 19.22 19.24 19.24 19.24 19.24 19.24 19.24 19.21 19.21 19.23 19.21 19.14 19.13
99999.90 99999.90 99999.90 99999.90 99999.90 99999.90 99999.90 99999.90 99999.90 99999.90 99999.90 99999.90 99999.90 99999.90 99999.90 99999.90 99999.90 99999.90 99999.90 99999.90 99999.90 99999.90 99999.90 99999.90 99999.90 99999.90 99999.90 99999.90 99999.90 99999.90 99999.90 99999.90 99999.90 99999.90 99999.90 99999.90 99999.90 99999.90 99999.90 19.03 19.14 19.14 19.14 19.14 19.14 19.14 19.14 19.14 19.14 19.20 19.20 19.20 19.15 19.04 19.18 19.12 19.19 19.18 19.00 19.09 19.16 19.16 19.20 19.18 19.22 19.22 19.22 19.23 19.21 19.22 19.22 19.20 19.23 19.23 19.21 19.15 19.14
99999.90 99999.90 99999.90 99999.90 99999.90 99999.90 99999.90 99999.90 99999.90 99999.90 99999.90 99999.90 99999.90 99999.90 99999.90 99999.90 99999.90 99999.90 99999.90 99999.90 99999.90 99999.90 99999.90 99999.90 99999.90 99999.90 99999.90 99999.90 99999.90 99999.90 99999.90 99999.90 99999.90 99999.90 99999.90 99999.90 99999.90 99999.90 19.01 19.03 19.03 19.03 19.14 19.14 19.14 19.14 19.14 19.14 19.14 19.14 19.05 19.05 19.05 19.08 19.15 19.18 19.19 19.09 19.04 19.10 19.16 19.12 19.07 19.15 19.19 19.19 19.19 19.20 19.19 19.20 19.18 19.18 19.18 19.19 19.16 19.15 19.16
99999.90 99999.90 99999.90 99999.90 99999.90 99999.90 99999.90 99999.90 99999.90 99999.90 99999.90 99999.90 99999.90 99999.90 99999.90 99999.90 99999.90 99999.90 99999.90 99999.90 99999.90 99999.90 99999.90 99999.90 99999.90 99999.90 99999.90 99999.90 99999.90 99999.90 99999.90 99999.90 99999.90 99999.90 99999.90 99999.90 99999.90 99999.90 19.01 19.03 19.03 19.03 19.03 19.03 19.03 19.14 19.14 19.14 19.14 19.14 19.14 19.14 19.10 19.04 19.08 19.17 19.06 18.96 19.13 19.08 19.14 19.02 19.08 19.09 19.11 19.18 19.16 19.16 19.16 19.16 19.15 19.13 19.14 19.15 19.15 19.18 19.18
99999.90 99999.90 99999.90 99999.90 99999.90 99999.90 99999.90 99999.90 99999.90 99999.90 99999.90 99999.90 99999.90 99999.90 99999.90 99999.90 99999.90 99999.90 99999.90 99999.90 99999.90 99999.90 99999.90 99999.90 99999.90 99999.90 99999.90 99999.90 99999.90 99999.90 99999.90 99999.90 99999.90 99999.90 99999.90 99999.90 99999.90 99999.90 19.01 19.03 19.03 19.03 19.03 19.03 19.03 19.03 19.03 19.03 19.19 19.19 19.19 19.19 19.04 19.01 19.12 19.11 19.05 18.89 18.97 19.06 18.99 19.11 19.01 19.00 19.01 19.04 19.13 19.12 19.13 19.13 19.12 19.10 19.12 19.15 19.16 19.16 19.17
99999.90 99999.90 99999.90 99999.90 99999.90 99999.90 99999.90 99999.90 99999.90 99999.90 99999.90 99999.90 99999.90 99999.90 99999.90 99999.90 99999.90 99999.90 99999.90 99999.90 99999.90 99999.90 99999.90 99999.90 99999.90 99999.90 99999.90 99999.90 99999.90 99999.90 99999.90 99999.90 99999.90 99999.90 99999.90 99999.90 99999.90 99999.90 19.01 19.03 19.03 19.03 19.03 19.03 19.03 19.03 19.03 19.03 19.03 18.86 18.86 18.89 18.96 18.96 18.93 18.91 18.90 18.97 18.90 18.88 18.97 19.01 19.05 18.96 18.99 18.98 19.12 19.12 19.11 19.08 19.11 19.11 19.12 19.13 19.14 19.14 19.14
99999.90 99999.90 99999.90 99999.90 99999.90 99999.90 99999.90 99999.90 99999.90 99999.90 99999.90 99999.90 99999.90 99999.90 99999.90 99999.90 99999.90 99999.90 99999.90 99999.90 99999.90 99999.90 99999.90 99999.90 99999.90 99999.90 99999.90 99999.90 99999.90 99999.90 99999.90 99999.90 99999.90 99999.90 99999.90 99999.90 99999.90 99999.90 19.01 19.03 19.03 19.03 19.03 19.03 19.03 19.03 19.03 19.03 19.03 19.03 18.91 18.82 18.91 18.85 18.81 18.83 18.79 18.84 18.83 18.94 18.93 19.07 19.05 18.87 18.90 18.93 19.03 19.08 19.05 19.02 19.08 19.08 19.07 19.08 19.11 19.13 19.13
99999.90 99999.90 99999.90 99999.90 99999.90 99999.90 99999.90 99999.90 99999.90 99999.90 99999.90 99999.90 99999.90 99999.90 99999.90 99999.90 99999.90 99999.90 99999.90 99999.90 99999.90 99999.90 99999.90 99999.90 99999.90 99999.90 99999.90 99999.90 99999.90 99999.90 99999.90 99999.90 99999.90 99999.90 99999.90 99999.90 99999.90 99999.90 19.01 19.06 19.06 19.06 19.06 19.06 19.06 19.06 19.06 19.06 19.06 19.06 18.92 18.84 18.93 18.86 18.91 18.85 18.74 18.84 18.85 18.83 18.95 18.96 19.00 18.90 18.89 18.92 18.95 19.01 19.04 18.98 18.98 19.02 19.04 19.02 19.06 19.05 19.08
99999.90 99999.90 99999.90 99999.90 99999.90 99999.90 99999.90 99999.90 99999.90 99999.90 99999.90 99999.90 99999.90 99999.90 99999.90 99999.90 99999.90 99999.90 99999.90 99999.90 99999.90 99999.90 99999.90 99999.90 99999.90 99999.90 99999.90 99999.90 99999.90 99999.90 99999.90 99999.90 99999.90 99999.90 99999.90 99999.90 99999.90 99999.90 19.01 19.01 19.01 18.94 18.94 18.94 18.94 18.94 18.94 18.94 18.94 18.94 18.97 18.78 18.83 18.96 18.90 18.83 18.74 18.79 18.87 18.86 18.79 18.88 18.90 18.92 18.92 18.92 18.84 18.95 18.99 18.94 18.92 18.96 18.98 19.00 19.02 19.03 19.04
99999.90 99999.90 99999.90 99999.90 99999.90 99999.90 99999.90 99999.90 99999.90 99999.90 99999.90 99999.90 99999.90 99999.90 99999.90 99999.90 99999.90 99999.90 99999.90 99999.90 99999.90 99999.90 99999.90 99999.90 99999.90 99999.90 99999.90 99999.90 99999.90 99999.90 99999.90 99999.90 99999.90 99999.90 99999.90 99999.90 99999.90 18.91 19.01 19.01 19.01 19.01 19.01 19.01 19.04 19.04 19.04 19.04 19.04 19.04 19.03 18.69 18.87 18.77 18.74 18.77 18.84 18.80 18.71 18.77 18.81 18.85 18.80 18.91 18.75 18.89 18.93 18.96 18.95 18.89 18.89 18.90 18.95 18.98 18.98 19.00 19.01
99999.90 99999.90 99999.90 99999.90 99999.90 99999.90 99999.90 99999.90 99999.90 99999.90 99999.90 99999.90 99999.90 99999.90 99999.90 99999.90 99999.90 99999.90 99999.90 99999.90 99999.90 99999.90 99999.90 99999.90 99999.90 99999.90 99999.90 99999.90 99999.90 99999.90 99999.90 99999.90 99999.90 99999.90 99999.90 99999.90 99999.90 18.91 19.01 19.01 19.01 19.01 19.01 19.01 19.01 19.01 19.01 19.07 19.07 19.07 18.98 18.82 18.70 18.61 18.64 18.65 18.68 18.69 18.67 18.75 18.80 18.87 18.77 18.87 18.89 18.92 18.79 18.79 18.79 18.92 18.83 18.83 18.90 18.92 18.91 18.90 18.95
99999.90 99999.90 99999.90 99999.90 99999.90 99999.90 99999.90 99999.90 99999.90 99999.90 99999.90 99999.90 99999.90 99999.90 99999.90 99999.90 99999.90 99999.90 99999.90 99999.90 99999.90 99999.90 99999.90 99999.90 99999.90 99999.90 99999.90 99999.90 99999.90 99999.90 99999.90 99999.90 99999.90 99999.90 99999.90 99999.90 99999.90 18.91 19.01 19.01 19.01 19.01 19.01 19.01 19.01 19.01 19.01 19.01 19.06 19.06 18.98 18.88 18.87 18.76 18.78 18.78 18.79 18.79 18.86 18.88 18.92 18.83 18.78 18.74 18.89 18.93 18.62 18.73 18.81 18.83 18.93 18.84 18.80 18.81 18.80 18.87 18.94
18.75 18.75 18.75 18.75 18.75 18.75 18.75 18.75 18.75 18.75 18.75 18.73 18.71 18.71 18.71 18.71 18.71 18.71 18.71 18.71 18.71 18.71 18.71 99999.90 99999.90 99999.90 99999.90 99999.90 99999.90 99999.90 99999.90 99999.90 99999.90 99999.90 99999.90 99999.90 99999.90 18.91 19.01 19.01 19.01 19.01 19.01 19.01 19.01 19.01 19.01 19.01 19.01 19.08 18.94 18.95 18.83 18.65 18.63 18.68 18.65 18.64 18.64 18.65 18.63 18.80 18.91 18.74 18.76 18.71 18.78 18.79 18.76 18.89 18.79 18.83 18.84 18.83 18.80 18.82 18.85
18.73 18.73 18.73 18.73 18.73 18.73 18.75 18.75 18.75 18.75 18.75 18.73 18.71 18.71 18.71 18.71 18.71 18.71 18.71 18.71 18.71 18.71 18.71 18.72 99999.90 99999.90 99999.90 99999.90 99999.90 99999.90 99999.90 99999.90 99999.90 99999.90 99999.90 99999.90 18.74 18.91 19.01 19.01 19.01 19.01 19.01 19.01 19.01 19.01 19.01 19.01 19.01 19.02 18.94 18.81 18.75 18.66 18.66 18.64 18.65 18.69 18.68 18.65 18.60 18.69 18.69 18.77 18.72 18.70 18.69 18.66 18.75 18.78 18.81 18.92 18.86 18.84 18.82 18.79 18.74
18.73 18.73 18.73 18.73 18.73 18.73 18.75 18.75 18.75 18.75 18.75 18.73 18.71 18.71 18.71 18.71 18.71 18.71 18.71 18.71 18.71 18.71 18.72 18.72 99999.90 99999.90 99999.90 99999.90 99999.90 99999.90 99999.90 99999.90 99999.90 99999.90 99999.90 99999.90 18.74 18.91 19.01 19.01 19.01 19.01 19.01 19.01 19.01 19.01 19.01 18.98 18.98 18.98 19.01 18.94 18.84 18.78 18.74 18.73 18.67 18.69 18.65 18.64 18.60 18.62 18.64 18.66 18.73 18.79 18.80 18.68 18.66 18.76 18.81 18.78 18.82 18.90 18.91 18.82 18.82
18.73 18.73 18.73 18.73 18.73 18.73 18.73 18.75 18.75 18.75 18.75 18.73 18.71 18.71 18.71 18.71 18.71 18.71 18.71 18.71 18.71 18.72 18.72 18.72 99999.90 99999.90 99999.90 99999.90 99999.90 99999.90 99999.90 99999.90 99999.90 99999.90 99999.90 18.75 18.74 18.91 18.91 18.91 18.91 18.91 18.84 18.84 18.84 18.84 18.84 18.79 18.79 18.79 18.88 18.83 18.80 18.81 18.79 18.74 18.72 18.69 18.64 18.62 18.63 18.61 18.54 18.63 18.74 18.76 18.74 18.73 18.75 18.73 18.79 18.78 18.69 18.70 18.75 18.80 18.80
18.73 18.73 18.73 18.73 18.73 18.73 18.73 18.75 18.75 18.75 18.75 18.73 18.71 18.71 18.71 18.71 18.71 18.71 18.71 18.71 18.72 18.72 18.72 18.72 99999.90 99999.90 99999.90 99999.90 99999.90 99999.90 99999.90 99999.90 99999.90 99999.90 99999.90 18.75 18.74 18.91 18.91 18.91 18.91 18.91 18.91 18.91 18.84 18.84 18.84 18.84 18.79 18.79 18.86 18.83 18.77 18.71 18.72 18.68 18.69 18.68 18.68 18.67 18.63 18.60 18.62 18.66 18.67 18.71 18.71 18.74 18.69 18.72 18.73 18.66 18.70 18.72 18.66 18.76 18.87
18.73 18.73 18.73 18.73 18.73 18.73 18.73 18.75 18.75 18.75 18.75 18.73 18.71 18.71 18.71 18.71 18.71 18.71 18.71 18.72 18.72 18.72 18.72 18.72 99999.90 99999.90 99999.90 99999.90 99999.90 99999.90 99999.90 99999.90 99999.90 99999.90 99999.90 18.75 18.74 18.91 18.91 18.91 18.91 18.91 18.91 18.91 18.91 18.91 18.84 18.84 18.84 18.92 18.84 18.71 18.65 18.66 18.71 18.68 18.72 18.67 18.70 18.73 18.67 18.71 18.72 18.74 18.74 18.73 18.77 18.76 18.73 18.75 18.76 18.76 18.76 18.75 18.77 18.78 18.82
18.73 18.73 18.73 18.73 18.73 18.73 18.73 18.75 18.75 18.75 18.75 18.73 18.71 18.71 18.71 18.71 18.71 18.71 18.72 18.72 18.72 18.72 18.72 18.72 99999.90 99999.90 99999.90 99999.90 99999.90 99999.90 99999.90 99999.90 99999.90 99999.90 18.61 18.75 18.74 18.91 18.91 18.91 18.91 18.91 18.91 18.91 18.91 18.91 18.91 18.88 18.88 18.77 18.78 18.63 18.57 18.57 18.66 18.64 18.67 18.66 18.66 18.73 18.75 18.75 18.69 18.65 18.66 18.68 18.67 18.68 18.71 18.71 18.77 18.73 18.77 18.79 18.78 18.76 18.76
18.69 18.73 18.73 18.73 18.73 18.73 18.73 18.63 18.75 18.75 18.75 18.73 18.71 18.71 18.71 18.71 18.71 18.72 18.72 18.72 18.72 18.72 18.72 18.72 99999.90 99999.90 99999.90 99999.90 99999.90 99999.90 99999.90 99999.90 99999.90 18.71 18.61 18.75 18.74 18.74 18.74 18.91 18.91 18.91 18.91 18.91 18.91 18.91 18.91 18.91 18.79 18.80 18.78 18.70 18.70 18.73 18.66 18.66 18.70 18.65 18.68 18.69 18.68 18.74 18.69 18.62 18.63 18.71 18.66 18.67 18.74 18.74 18.75 18.80 18.79 18.79 18.84 18.80 18.78
18.69 18.69 18.73 18.73 18.73 18.73 18.73 18.63 18.75 18.75 18.75 18.73 18.71 18.71 18.71 18.71 18.72 18.72 18.72 18.72 18.72 18.72 18.72 18.72 99999.90 99999.90 99999.90 99999.90 99999.90 99999.90 99999.90 99999.90 18.66 18.71 18.71 18.75 18.75 18.75 18.74 18.74 18.74 18.74 18.89 18.89 18.89 18.89 18.89 18.89 18.76 18.86 18.80 18.71 18.70 18.71 18.72 18.69 18.61 18.60 18.63 18.64 18.64 18.69 18.66 18.64 18.57 18.66 18.69 18.71 18.69 18.73 18.77 18.75 18.77 18.79 18.81 18.76 18.73
18.69 18.69 18.69 18.73 18.73 18.73 18.73 18.63 18.52 18.75 18.75 18.73 18.71 18.71 18.71 18.72 18.72 18.72 18.72 18.72 18.72 18.72 18.72 18.72 99999.90 99999.90 99999.90 99999.90 99999.90 99999.90 99999.90 99999.90 18.66 18.66 18.71 18.75 18.75 18.75 18.75 18.75 18.74 18.74 18.74 18.74 18.74 18.82 18.82 18.82 18.78 18.81 18.79 18.75 18.70 18.72 18.65 18.58 18.62 18.63 18.65 18.67 18.67 18.65 18.59 18.56 18.54 18.61 18.65 18.66 18.68 18.68 18.70 18.68 18.72 18.75 18.77 18.75 18.74
18.69 18.69 18.69 18.69 18.73 18.73 18.73 18.63 18.52 18.75 18.75 18.73 18.71 18.71 18.72 18.72 18.72 18.72 18.72 18.72 18.72 18.72 18.72 18.72 99999.90 99999.90 99999.90 99999.90 99999.90 99999.90 99999.90 18.64 18.66 18.66 18.66 18.75 18.75 18.75 18.75 18.75 18.75 18.75 18.74 18.74 18.74 18.74 18.70 18.70 18.76 18.82 18.74 18.67 18.69 18.66 18.70 18.62 18.65 18.62 18.68 18.67 18.70 18.68 18.64 18.65 18.61 18.61 18.60 18.59 18.62 18.64 18.64 18.62 18.64 18.68 18.73 18.77 18.78
18.69 18.69 18.69 18.69 18.69 18.73 18.73 18.63 18.52 18.71 18.73 18.73 18.75 18.72 18.72 18.72 18.72 18.72 18.72 18.72 18.72 18.72 18.72 18.72 99999.90 99999.90 99999.90 99999.90 99999.90 99999.90 18.66 18.64 18.66 18.66 18.66 18.66 18.75 18.75 18.75 18.75 18.75 18.75 18.75 18.75 18.74 18.74 18.74 18.70 18.61 18.74 18.52 18.39 18.39 18.58 18.63 18.60 18.52 18.53 18.62 18.65 18.64 18.63 18.60 18.59 18.57 18.62 18.60 18.59 18.58 18.61 18.62 18.62 18.63 18.69 18.75 18.69 18.69
18.69 18.69 18.69 18.69 18.69 18.69 18.64 18.70 18.71 18.72 18.73 18.73 18.75 18.72 18.72 18.72 18.72 18.72 18.72 18.72 18.72 18.72 18.72 18.72 99999.90 99999.90 99999.90 99999.90 99999.90 99999.90 18.66 18.66 18.66 18.66 18.66 18.66 18.66 18.71 18.75 18.75 18.75 18.75 18.75 18.75 18.75 18.73 18.73 18.56 18.56 18.52 18.50 18.33 18.32 18.49 18.51 18.54 18.47 18.52 18.62 18.61 18.62 18.60 18.63 18.62 18.66 18.68 18.71 18.66 18.65 18.61 18.70 18.69 18.71 18.72 18.74 18.71 18.69
18.69 18.69 18.69 18.69 18.69 18.69 18.68 18.69 18.69 18.68 18.68 18.68 18.75 18.72 18.72 18.72 18.72 18.72 18.72 18.72 18.72 18.72 18.72 18.72 99999.90 99999.90 99999.90 99999.90 99999.90 99999.90 18.66 18.66 18.66 18.66 18.66 18.66 18.66 18.66 18.71 18.71 18.75 18.75 18.75 18.75 18.75 18.75 18.56 18.66 18.50 18.44 18.38 18.32 18.37 18.46 18.45 18.47 18.54 18.54 18.58 18.61 18.54 18.54 18.53 18.58 18.57 18.67 18.70 18.64 18.64 18.62 18.61 18.65 18.67 18.69 18.70 18.71 18.72
18.65 18.65 18.65 18.65 18.65 18.69 18.66 18.69 18.69 18.68 18.68 18.68 18.75 18.72 18.72 18.72 18.72 18.72 18.72 18.72 18.72 18.72 18.72 18.72 99999.90 99999.90 99999.90 99999.90 99999.90 99999.90 18.66 18.66 18.66 18.66 18.66 18.66 18.66 18.66 18.66 18.71 18.71 18.61 18.61 18.74 18.74 18.74 18.73 18.62 18.44 18.45 18.39 18.46 18.45 18.38 18.37 18.40 18.47 18.57 18.60 18.59 18.62 18.63 18.64 18.66 18.64 18.68 18.64 18.65 18.64 18.68 18.68 18.65 18.63 18.61 18.67 18.67 18.69
18.65 18.65 18.65 18.65 18.65 18.60 18.66 18.69 18.69 18.68 18.68 18.68 18.68 18.72 18.72 18.72 18.72 18.72 18.72 18.72 18.72 18.72 18.72 18.72 99999.90 99999.90 99999.90 99999.90 99999.90 18.61 18.66 18.66 18.66 18.66 18.66 18.66 18.66 18.66 18.66 18.66 18.71 18.71 18.61 18.61 18.55 18.55 18.60 18.48 18.31 18.26 18.26 18.39 18.43 18.51 18.42 18.34 18.31 18.34 18.46 18.52 18.63 18.64 18.63 18.65 18.63 18.59 18.61 18.62 18.66 18.65 18.63 18.62 18.62 18.62 18.60 18.65 18.65
18.46 18.65 18.65 18.65 18.60 18.60 18.66 18.66 18.69 18.69 18.68 18.68 18.68 18.72 18.72 18.72 18.72 18.72 18.72 18.72 18.72 18.72 18.72 18.72 99999.90 99999.90 99999.90 99999.90 99999.90 18.61 18.66 18.66 18.66 18.66 18.66 18.66 18.66 18.66 18.66 18.66 18.66 18.71 18.71 18.61 18.61 18.62 18.47 18.41 18.19 18.31 18.25 18.18 18.32 18.41 18.46 18.41 18.42 18.44 18.45 18.36 18.52 18.62 18.62 18.62 18.63 18.63 18.61 18.58 18.62 18.60 18.59 18.60 18.62 18.63 18.61 18.59 18.66
18.46 18.46 18.65 18.60 18.60 18.60 18.66 18.66 18.66 18.69 18.68 18.68 18.68 18.68 18.72 18.72 18.72 18.72 18.72 18.72 18.72 18.72 18.72 18.72 99999.90 99999.90 99999.90 99999.90 99999.90 18.61 18.66 18.66 18.66 18.66 18.66 18.66 18.66 18.64 18.66 18.66 18.66 18.66 18.71 18.71 18.71 18.54 18.50 18.43 18.40 18.30 18.20 18.10 18.35 18.37 18.40 18.41 18.42 18.43 18.43 18.49 18.43 18.59 18.62 18.62 18.60 18.58 18.56 18.57 18.63 18.62 18.58 18.59 18.61 18.61 18.60 18.59 18.61
