BOM_solar_grid_data_201906/2019062320190623.grid
ncols 839
nrows 679
xllcenter 112.0500
yllcenter -43.9500
cellsize 0.0500
nodata_value 99999.90
[rows 238 to 271 of 679, columns 702 to 779 of 839]
16.28 16.32 16.10 16.01 15.86 15.78 15.54 15.25 14.97 15.35 15.14 15.23 15.79 15.55 15.26 15.28 14.91 14.94 15.38 15.19 15.35 15.36 15.24 15.03 14.37 14.57 14.08 13.68 13.67 13.27 13.98 14.35 14.25 13.89 13.64 13.18 13.54 13.96 12.80 12.24 12.61 14.27 13.65 10.98 9.64 9.36 9.42 9.42 9.42 11.13 11.13 11.13 11.02 11.02 11.02 11.02 11.02 11.02 11.02 12.13 12.13 12.13 12.13 12.13 11.62 11.62 11.62 11.62 11.62 11.62 11.62 11.62 11.62 11.62 11.62 11.62 11.62 11.53
16.28 16.25 15.96 16.03 16.12 15.62 15.71 15.03 15.09 15.43 15.37 15.07 15.32 15.20 15.35 15.26 15.09 14.79 14.76 15.10 14.92 15.16 14.97 14.99 14.51 14.53 14.55 13.85 13.23 13.28 14.11 13.86 13.83 13.31 13.19 13.73 13.59 13.91 13.75 13.14 13.04 14.40 13.24 12.26 11.08 9.96 10.34 10.34 11.13 11.13 11.13 11.13 11.02 11.02 11.02 11.02 11.02 11.02 12.13 12.13 12.13 12.13 12.13 12.13 11.62 11.62 11.62 11.62 11.62 11.62 11.62 11.62 11.62 11.62 11.62 11.62 11.53 11.53
16.25 16.27 16.01 15.74 15.99 15.87 15.52 14.93 14.57 15.01 15.40 15.30 15.46 15.26 15.06 15.17 15.38 14.80 14.04 14.65 15.00 15.18 15.13 14.47 13.79 13.67 13.73 13.91 13.83 13.47 13.67 13.88 13.78 14.12 13.69 13.46 13.11 12.90 13.74 14.23 13.74 13.79 13.03 12.58 11.63 10.56 10.47 11.13 11.13 11.13 11.13 11.13 11.02 11.02 11.02 11.02 11.02 11.02 12.13 12.13 12.13 12.13 12.13 12.13 11.62 11.62 11.62 11.62 11.62 11.62 11.62 11.62 11.62 11.62 11.62 11.53 11.53 11.53
16.21 16.22 15.93 15.98 15.86 15.35 15.65 15.31 14.57 14.50 14.88 15.06 15.14 15.21 15.26 15.33 15.54 15.12 14.59 14.04 14.17 14.49 15.26 14.73 14.10 14.45 13.87 13.53 13.44 13.13 12.87 13.23 13.91 14.50 14.52 13.97 13.64 12.99 13.55 14.38 13.97 13.26 12.17 12.42 12.09 12.56 10.84 10.79 10.79 10.79 10.79 10.79 11.02 11.02 11.02 11.02 11.02 11.32 12.13 12.13 12.13 12.13 12.13 12.13 11.62 11.62 11.62 11.62 11.62 11.62 11.62 11.62 11.62 11.62 11.53 11.53 11.53 11.48
16.11 16.13 16.02 15.90 15.66 15.49 15.23 15.53 15.23 14.49 14.73 14.84 14.77 14.79 14.86 14.66 14.97 15.11 14.97 14.85 14.43 13.84 14.49 14.59 14.21 14.61 14.22 14.11 13.82 13.02 13.19 13.79 14.48 13.91 14.64 14.52 14.62 12.89 13.82 14.03 13.85 13.27 12.94 11.27 11.31 11.82 11.30 9.76 9.76 9.76 10.80 10.80 11.02 11.02 11.02 11.02 11.02 11.32 12.13 12.13 12.13 12.13 12.13 11.16 11.62 11.62 11.62 11.62 11.62 11.62 11.62 11.62 11.62 11.53 11.53 11.53 11.48 11.48
15.95 15.95 15.97 15.66 15.29 15.00 15.14 15.03 15.38 14.61 14.39 14.80 15.24 15.11 14.90 14.54 14.70 14.12 14.06 14.65 14.91 14.57 14.79 14.96 14.59 14.08 14.60 14.60 14.35 13.17 13.81 14.31 14.26 13.78 14.50 14.83 14.71 13.66 13.49 13.78 13.54 12.92 12.94 12.03 11.63 11.76 10.94 9.70 9.70 10.80 10.80 10.80 10.34 10.34 10.34 10.34 10.34 11.32 12.13 12.13 12.13 11.16 11.16 10.26 11.62 11.62 11.62 11.62 11.62 11.62 11.62 11.62 11.53 11.53 11.53 11.48 11.48 11.19
15.82 15.82 15.65 15.50 15.18 15.31 15.33 15.14 15.27 14.04 13.64 14.15 14.51 14.78 14.99 14.67 14.50 14.43 14.61 14.46 14.58 14.81 14.88 15.30 15.17 14.73 14.86 14.87 14.61 13.83 13.84 14.20 14.30 14.04 14.02 14.01 14.44 14.10 13.01 13.96 14.33 13.60 12.67 13.74 12.62 11.62 10.81 11.28 10.80 10.80 10.80 10.50 10.34 10.34 10.34 10.34 9.96 9.96 10.93 10.93 11.16 11.16 10.26 10.26 11.62 11.62 11.62 11.62 11.62 11.62 11.62 11.53 11.53 11.53 11.48 11.48 11.19 11.19
15.91 15.74 15.66 15.29 15.21 15.13 15.30 15.39 15.02 13.92 13.59 13.94 14.42 13.99 14.66 15.01 14.61 14.83 14.52 14.85 14.67 14.65 15.23 15.17 15.17 15.01 15.18 14.73 15.06 14.81 14.10 14.02 14.30 14.17 14.05 13.23 14.28 13.79 13.89 13.77 13.37 13.99 13.19 13.23 12.72 11.41 11.70 11.03 11.33 11.33 10.50 10.38 10.38 10.34 9.91 9.91 9.91 10.44 10.57 11.16 11.16 10.26 10.26 10.49 11.62 11.62 11.62 11.62 11.62 11.62 11.53 11.53 11.53 11.48 11.48 11.19 11.19 11.19
15.63 15.60 15.73 15.29 15.54 15.29 15.28 15.64 15.29 14.28 13.77 13.55 13.61 14.11 14.78 15.04 14.79 14.71 14.71 14.61 14.38 13.67 14.16 14.77 13.96 13.79 14.19 14.78 14.83 14.33 14.03 14.15 14.28 14.67 14.25 12.40 13.73 13.45 13.18 13.59 13.53 13.93 13.19 12.63 11.22 10.83 11.58 9.94 9.47 10.50 10.50 10.38 10.38 10.51 10.03 10.03 10.03 10.61 10.86 10.88 10.26 10.26 10.26 10.49 10.49 11.62 11.62 11.62 12.21 11.53 11.53 11.53 11.48 11.48 11.19 11.19 11.19 11.19
15.48 15.29 15.50 15.36 15.57 15.61 15.30 15.45 15.48 15.07 14.22 13.78 14.60 13.83 14.34 14.31 14.63 15.14 14.60 14.30 13.86 13.14 13.62 13.67 13.40 13.15 13.39 14.70 14.69 13.93 13.64 13.93 14.10 14.27 14.35 12.72 13.71 13.94 13.46 13.39 14.66 14.83 14.23 12.10 11.14 11.09 11.59 11.08 11.24 9.57 9.96 10.38 10.38 10.51 10.51 10.03 10.03 10.15 11.13 10.12 10.30 10.30 9.35 10.49 10.49 10.49 12.21 12.21 12.21 11.53 11.53 11.48 11.48 11.19 11.19 11.19 11.19 11.19
15.64 15.04 15.39 15.76 15.90 15.84 15.30 15.18 15.10 14.70 14.59 14.77 14.19 14.70 13.99 13.90 13.61 14.24 14.96 15.40 14.54 12.99 12.81 13.21 13.38 13.24 13.44 13.80 14.49 14.85 14.57 13.94 13.97 13.70 14.04 13.63 14.01 13.95 13.85 13.99 14.28 14.61 14.41 13.50 11.46 10.67 12.08 11.76 10.96 11.21 11.39 10.38 10.51 10.51 10.51 11.94 11.37 11.37 10.42 11.75 11.59 10.91 9.35 10.49 10.49 12.88 12.24 12.24 12.24 11.36 11.48 11.48 11.19 11.19 11.19 11.19 11.19 11.19
15.55 15.34 15.35 15.81 15.96 15.71 15.64 15.61 15.51 14.80 14.54 14.63 14.38 14.27 13.18 13.34 14.15 14.03 14.70 15.34 15.50 14.39 13.67 13.77 13.99 13.15 12.94 13.61 13.77 14.98 15.11 13.96 13.44 14.09 13.73 14.55 13.57 13.62 14.13 14.06 13.39 13.13 13.09 13.30 12.32 11.11 10.79 11.17 9.56 10.32 11.29 11.29 10.99 9.44 11.94 11.94 11.37 11.37 11.87 12.39 12.15 11.59 9.52 11.02 12.88 12.88 12.87 12.24 12.24 12.77 11.78 11.19 11.19 11.19 11.19 11.19 11.19 10.95
15.54 15.38 15.10 15.60 15.84 15.73 15.78 15.91 15.91 15.60 14.99 15.05 14.93 14.35 13.73 14.07 14.34 14.00 14.20 14.37 15.09 15.07 14.90 13.69 13.79 13.57 13.38 12.75 12.33 13.90 14.84 14.40 13.56 13.52 13.31 14.41 14.16 14.17 14.28 13.86 12.98 13.11 13.12 11.00 11.79 11.26 10.95 11.27 11.14 11.11 11.25 11.49 10.61 10.86 11.08 9.77 9.77 11.87 11.87 11.55 12.55 11.91 10.67 11.25 12.64 12.77 12.87 12.87 13.29 13.29 12.49 11.19 11.19 11.19 12.17 12.17 10.95 10.95
15.22 15.17 15.20 15.35 15.57 15.59 15.62 15.81 15.89 15.80 15.59 15.33 15.37 15.59 14.97 14.16 13.37 13.51 13.58 13.56 14.88 14.45 14.31 13.87 14.01 13.48 13.30 13.75 12.63 13.18 13.47 14.17 14.33 13.53 12.98 13.55 14.37 13.72 13.19 14.27 14.19 12.90 12.93 13.03 12.89 11.82 10.38 11.31 11.86 11.64 11.97 11.12 11.48 11.15 9.54 10.61 9.79 9.79 10.66 11.58 12.73 12.98 11.28 12.21 12.10 11.42 10.85 11.61 12.75 13.01 13.17 12.82 12.82 12.17 12.17 10.95 10.95 10.95
15.09 15.18 15.16 15.11 15.55 15.73 15.38 15.53 15.47 15.41 15.42 15.42 15.82 15.72 15.21 14.38 12.67 13.00 12.79 13.36 13.73 14.14 13.79 14.04 13.87 14.18 12.97 13.44 13.65 13.62 13.32 13.91 13.74 13.26 13.12 12.58 12.35 12.76 12.99 12.56 13.78 14.23 13.25 13.55 13.13 12.17 11.63 10.49 11.50 11.54 12.16 11.85 11.86 10.66 9.52 9.39 8.26 8.60 10.68 11.74 12.72 12.80 12.93 12.35 12.32 12.23 11.85 11.41 11.62 12.55 12.60 12.00 12.17 12.17 10.95 10.95 10.95 10.95
14.87 15.34 15.51 15.45 15.75 15.58 15.49 15.21 14.81 15.17 15.26 15.16 15.68 15.54 15.46 14.76 13.43 12.78 12.21 12.77 12.22 12.98 13.05 13.00 12.90 13.95 14.26 13.24 13.44 13.09 13.34 13.46 14.10 13.80 12.90 13.19 12.03 12.78 12.68 12.89 13.34 14.12 14.32 13.33 12.41 12.85 12.33 11.74 12.03 11.28 12.52 12.65 12.32 11.20 10.71 11.84 10.05 10.24 9.21 11.32 12.56 12.68 12.71 12.13 11.62 12.55 11.52 10.56 10.92 11.56 10.72 10.56 10.63 10.95 10.95 10.95 10.95 10.95
15.22 15.16 15.52 15.37 15.24 15.13 15.29 15.07 15.22 15.36 15.00 15.18 15.28 15.52 15.48 15.15 13.76 13.00 12.73 12.88 13.11 13.29 13.31 13.22 12.85 13.71 13.98 13.62 13.26 13.24 13.27 13.13 13.26 13.30 13.04 13.73 13.49 13.33 13.64 13.78 13.59 13.97 14.41 13.55 13.20 13.45 13.05 11.40 12.28 11.70 11.97 11.80 12.87 12.69 12.55 13.14 12.12 10.86 11.32 9.51 11.05 12.05 12.02 12.12 12.54 12.72 12.79 11.82 11.88 11.63 10.72 9.77 10.11 10.95 10.95 10.95 10.95 10.95
15.85 15.62 15.48 15.63 15.51 15.35 15.18 15.16 15.11 15.34 15.32 14.93 14.87 14.75 14.87 15.42 14.44 14.18 13.63 13.73 13.72 13.58 13.96 13.60 13.86 13.64 13.40 13.72 13.75 13.57 13.14 12.78 13.36 13.99 12.93 13.57 13.67 13.94 13.57 13.82 13.71 13.23 13.72 14.48 13.41 12.36 12.60 11.23 11.71 12.44 12.38 12.36 13.89 14.13 14.01 13.39 12.97 12.40 12.64 11.18 9.51 10.37 11.15 11.47 11.59 12.65 12.93 12.11 12.40 13.05 11.03 9.50 9.20 9.20 9.20 10.95 10.95 10.95
15.72 15.67 15.68 15.72 15.82 15.85 15.57 15.05 14.85 14.86 14.18 13.70 14.51 14.62 14.84 14.86 15.02 15.32 14.87 13.91 13.64 13.74 14.03 14.50 14.46 14.57 13.92 13.86 13.85 13.70 13.87 13.51 13.06 13.47 14.09 13.47 13.05 14.52 13.94 13.16 13.75 13.77 12.18 13.19 13.17 12.20 12.14 12.17 12.73 12.09 12.43 12.30 12.99 14.00 13.42 13.61 13.70 13.59 12.49 12.10 11.43 9.80 10.78 10.74 10.92 11.96 11.63 11.22 11.35 11.84 10.54 9.77 9.22 9.22 9.22 9.22 9.22 10.95
15.54 15.35 15.55 15.65 15.74 15.84 15.83 15.53 14.94 14.78 14.47 13.73 14.41 14.93 14.90 15.20 14.80 14.97 15.25 14.49 14.40 14.45 13.83 14.42 14.18 14.86 14.18 14.30 14.06 14.39 13.98 13.64 14.02 13.40 14.09 13.91 14.04 14.47 14.07 14.31 14.09 14.23 13.63 12.88 13.91 13.34 12.66 13.33 13.50 12.74 11.43 12.19 12.19 13.02 13.66 13.74 13.97 13.57 13.05 12.99 12.53 12.54 10.04 10.61 10.83 10.29 10.18 10.82 10.88 10.88 9.42 9.83 8.97 8.97 8.97 8.97 8.97 8.97
15.24 15.18 15.64 15.62 15.56 15.81 15.83 15.74 15.65 15.30 14.95 14.87 14.53 14.86 14.89 15.10 15.16 14.84 14.92 15.25 15.21 14.77 14.41 13.85 13.47 13.78 14.04 14.54 14.76 14.55 14.83 14.35 14.02 13.67 14.00 13.96 14.29 14.26 14.33 14.47 14.04 13.48 14.25 13.65 13.62 13.54 13.79 13.41 12.63 12.94 12.61 12.54 12.96 12.89 14.20 14.30 12.90 11.76 12.71 12.46 12.49 12.59 12.43 11.40 10.30 10.34 10.39 10.88 10.51 10.07 9.45 10.53 8.97 8.97 8.97 8.97 8.97 8.97
15.47 15.18 15.40 15.71 15.76 15.72 15.67 15.52 15.69 15.70 15.50 15.23 14.88 14.52 14.91 14.94 14.78 14.88 14.83 14.94 15.01 14.99 14.56 14.17 13.60 13.46 13.06 13.88 14.78 15.39 14.69 14.68 14.01 13.55 13.58 13.54 14.10 14.19 13.69 13.87 13.19 12.41 13.12 14.49 13.14 13.42 14.07 13.71 13.75 13.78 13.33 12.38 11.67 12.14 12.26 13.13 13.93 12.72 11.81 12.49 13.23 13.66 12.92 12.08 11.60 10.18 9.85 9.96 9.93 9.77 9.59 10.43 10.43 10.37 10.37 10.37 10.37 10.37
15.40 15.19 15.30 15.60 15.69 15.74 15.70 15.41 15.67 15.75 15.57 15.47 15.27 15.03 14.85 14.82 14.63 14.46 14.15 13.81 14.27 14.30 14.80 14.51 14.75 14.24 13.48 13.48 13.38 14.16 14.47 14.60 14.94 14.31 13.67 13.71 13.61 13.52 13.44 13.58 13.81 13.00 13.08 13.34 13.68 12.79 12.88 14.08 14.07 12.86 12.99 13.36 12.07 11.97 11.96 12.41 12.78 12.74 12.69 12.28 12.87 12.53 12.53 11.58 11.19 10.87 11.08 9.48 9.71 10.02 8.83 10.34 10.37 10.37 10.37 10.37 10.37 10.37
15.29 15.09 14.91 15.14 15.22 15.66 15.72 15.70 15.47 15.68 15.66 15.54 15.40 15.19 14.83 14.61 14.18 14.33 14.40 14.38 14.52 14.15 14.60 14.32 14.11 14.69 14.56 14.28 13.30 12.99 13.41 13.60 13.90 14.28 13.92 13.19 13.11 13.51 13.54 13.37 13.72 14.29 13.27 13.56 13.33 13.37 12.78 13.74 14.24 13.51 13.85 13.61 13.29 13.06 12.69 11.51 11.24 11.76 12.47 12.17 12.14 12.45 11.94 11.31 11.00 10.05 11.04 10.72 9.47 9.66 9.54 9.61 10.37 10.37 10.37 10.37 10.37 10.37
15.36 15.14 14.80 15.20 15.31 15.31 15.58 15.68 15.23 15.27 15.63 15.53 15.32 15.05 15.12 14.75 14.42 14.48 14.28 13.75 14.14 14.12 14.14 13.71 13.92 14.12 13.98 14.13 13.68 13.50 12.48 12.60 12.69 13.63 13.52 13.26 12.85 12.32 12.74 13.18 13.38 13.88 13.95 13.55 14.10 13.11 12.86 12.47 12.89 13.22 13.64 13.48 13.75 13.32 13.22 12.32 11.92 12.12 12.71 12.13 11.57 11.93 12.46 12.79 12.08 10.37 9.74 9.99 9.38 9.57 10.65 11.50 11.50 11.15 11.15 11.15 11.15 11.15
15.64 15.37 15.02 15.58 15.64 15.37 15.30 15.12 14.48 14.24 14.99 15.48 15.22 15.22 15.28 15.06 14.73 14.64 14.75 14.66 14.22 14.23 14.10 13.94 13.37 13.44 13.76 13.73 13.82 14.00 13.74 13.39 13.15 13.43 13.48 13.68 13.50 13.48 13.27 13.03 12.84 13.27 14.11 14.24 13.82 13.36 13.15 12.59 12.72 12.14 12.26 12.83 13.06 13.53 13.41 13.41 12.86 12.01 11.25 11.43 11.26 11.97 12.57 12.84 12.85 10.66 9.67 10.28 10.27 10.11 10.37 11.85 11.15 11.15 11.15 11.15 11.15 11.15
15.59 15.63 15.39 15.53 15.53 15.70 15.46 15.23 14.98 14.34 14.91 14.99 15.42 15.34 15.32 15.26 15.14 14.99 15.33 14.88 14.81 14.57 14.53 14.06 13.45 13.87 13.53 13.87 14.20 14.48 14.61 14.69 14.45 13.57 13.47 13.32 12.85 13.77 14.12 13.00 13.37 13.01 14.10 14.45 14.65 14.52 13.77 14.26 13.87 13.28 13.50 13.45 13.58 14.10 13.05 12.73 12.99 12.29 12.75 11.18 11.14 11.06 11.43 11.86 11.76 11.72 10.21 9.65 9.21 10.10 10.91 10.89 10.70 10.70 10.70 10.70 10.70 10.70
15.46 15.55 15.58 15.60 15.56 15.59 15.65 15.62 15.38 15.16 15.16 15.14 15.18 15.27 15.45 15.20 15.42 15.20 15.59 15.09 14.90 15.08 14.68 14.47 14.39 14.41 14.13 14.31 14.60 14.45 15.19 14.88 14.54 13.76 13.79 13.88 13.06 13.16 14.04 13.95 14.29 14.51 14.14 14.40 14.41 14.36 14.12 13.98 14.42 14.45 14.51 14.48 13.81 14.15 12.89 12.63 12.42 12.76 13.87 12.61 11.06 10.49 10.94 10.99 10.51 10.17 10.92 9.98 10.46 11.68 11.15 9.52 9.43 9.43 9.43 9.43 9.43 9.43
15.52 15.41 15.50 15.60 15.57 15.51 15.58 15.61 15.35 15.19 15.32 15.27 15.37 15.08 15.06 15.25 15.03 15.39 15.33 15.30 15.29 14.81 14.65 14.85 15.18 15.08 14.83 14.35 14.13 14.54 15.15 14.85 14.34 13.50 14.27 13.45 13.01 13.60 13.86 14.25 14.72 14.72 14.53 14.40 14.45 14.07 14.45 14.25 14.36 14.97 14.65 14.37 14.05 14.08 13.88 13.90 13.47 13.81 13.63 13.17 12.12 10.51 10.86 10.09 10.58 10.05 10.43 10.93 10.62 11.97 9.91 9.12 9.48 9.48 9.48 11.61 11.61 11.15
15.32 15.03 15.10 15.49 15.60 15.56 15.40 15.56 15.48 15.29 15.27 15.19 15.40 15.12 14.93 14.99 14.75 15.10 15.32 15.27 15.32 15.44 15.25 14.93 15.08 15.53 15.16 15.10 14.38 13.63 14.47 14.18 14.24 13.53 13.88 14.00 13.65 13.89 14.18 14.56 14.16 14.93 14.79 14.22 14.24 14.78 14.76 14.80 14.30 14.43 14.62 14.84 14.29 14.07 14.15 13.72 13.92 13.29 13.70 12.74 13.18 12.10 11.08 10.60 10.64 11.11 12.14 12.47 11.66 11.35 10.41 9.71 10.22 10.22 11.61 11.61 11.61 11.15
14.94 14.85 14.82 14.94 15.47 15.62 15.58 15.34 15.25 15.24 15.30 15.18 14.99 15.22 14.70 14.86 14.64 14.50 14.94 15.40 15.58 15.41 15.59 15.54 15.53 15.38 15.28 15.18 14.98 14.32 13.05 13.94 13.86 13.31 14.07 14.53 13.70 13.96 14.36 14.16 14.00 13.89 14.44 14.47 14.27 14.32 14.43 14.45 14.34 14.32 14.13 14.16 13.41 13.39 13.69 12.90 13.47 13.50 13.34 13.76 13.45 12.23 11.74 11.32 11.50 11.83 13.45 12.58 11.41 11.91 12.06 11.48 11.29 11.61 11.61 11.61 11.78 11.15
15.30 15.38 14.82 15.14 15.24 15.47 15.56 15.44 15.14 15.32 15.02 14.98 14.33 14.43 14.90 14.71 14.72 14.52 14.71 15.06 15.41 15.34 15.32 15.44 15.49 15.44 15.42 15.26 15.19 13.93 13.04 13.83 14.82 14.33 14.40 14.80 13.77 12.57 13.54 14.15 14.04 13.54 13.64 13.87 14.35 14.32 14.23 14.02 13.68 13.90 13.13 13.03 12.96 12.95 13.07 13.00 13.71 13.95 13.98 13.97 13.56 13.32 12.03 12.44 12.36 12.29 11.94 12.16 12.46 12.00 12.04 12.09 11.30 11.56 11.56 11.78 11.59 11.15
15.49 15.41 15.40 15.02 15.35 15.47 15.47 15.50 15.17 15.10 15.32 15.22 14.64 14.21 14.21 14.55 14.81 14.99 14.79 14.90 15.30 15.40 15.22 15.18 15.20 15.27 15.24 15.30 15.40 14.83 14.02 14.32 14.86 15.15 14.60 14.44 14.23 12.99 13.22 14.15 14.24 14.34 13.92 13.79 13.45 13.76 14.22 14.71 14.06 13.90 13.74 13.80 13.77 13.74 14.20 14.18 13.96 14.30 13.51 13.30 13.21 13.63 13.18 12.78 12.18 12.39 12.75 12.77 13.24 12.52 12.12 12.21 11.93 11.86 11.78 11.78 11.59 11.15
15.51 15.56 15.56 15.53 15.47 15.54 15.54 15.37 15.30 14.87 15.30 15.15 14.86 14.62 14.55 14.66 15.15 15.33 14.90 14.81 15.06 15.24 14.77 14.47 14.71 15.19 15.03 15.22 15.29 15.28 14.18 14.32 14.51 14.44 14.37 14.90 14.86 13.50 13.94 13.82 14.28 14.61 13.92 13.44 13.60 14.59 14.83 14.82 14.70 13.94 14.22 14.46 14.16 14.17 14.44 13.95 14.09 14.05 14.41 14.31 13.69 13.25 13.91 12.81 12.12 12.73 13.30 14.10 13.57 12.95 12.24 12.52 12.08 10.99 11.44 11.86 11.59 11.38
