BOM_solar_grid_data_201906/2019060220190602.grid
ncols 839
nrows 679
xllcenter 112.0500
yllcenter -43.9500
cellsize 0.0500
nodata_value 99999.90
[rows 442 to 475 of 679, columns 462 to 538 of 839]
8.68 9.13 9.69 9.76 10.08 10.17 10.17 10.00 10.12 10.33 10.04 9.83 9.87 10.01 9.94 10.19 10.16 10.08 10.54 10.67 10.83 11.11 11.46 11.50 11.42 11.57 11.74 11.71 11.88 11.83 11.76 11.76 11.92 11.85 11.83 11.74 12.16 11.95 11.77 12.05 11.95 12.08 12.13 12.13 11.99 12.12 11.95 12.01 11.71 11.84 11.72 11.88 12.06 12.20 12.21 12.20 12.13 11.65 11.33 11.62 12.01 12.18 12.13 12.21 12.21 12.20 12.19 12.20 12.22 12.22 12.21 12.15 12.18 12.17 12.14 12.15 12.12
8.53 8.73 9.15 9.51 9.80 10.18 10.19 9.90 9.72 9.57 9.75 9.77 9.73 9.81 10.38 10.05 10.01 10.22 10.45 10.63 10.61 10.21 11.00 11.45 11.12 11.28 11.41 11.55 11.71 11.74 11.68 11.68 11.90 11.53 11.52 11.77 11.96 11.85 11.71 11.94 11.86 11.94 12.02 11.74 11.63 11.77 11.89 11.95 11.52 11.61 11.50 11.64 11.86 12.16 12.17 12.01 11.89 11.27 11.14 11.37 11.76 11.99 12.00 12.11 12.17 12.16 12.14 12.15 12.19 12.19 12.16 12.14 12.11 12.17 12.14 12.11 12.10
8.49 8.28 8.84 8.93 9.38 9.74 9.71 9.49 9.68 10.02 9.88 9.67 9.85 9.74 9.83 9.82 9.95 10.26 10.45 10.27 10.30 10.55 11.10 11.10 11.20 10.83 11.24 11.51 11.33 11.56 11.54 11.67 11.76 11.69 11.39 11.48 11.80 11.83 11.83 11.83 11.85 11.78 11.93 11.73 11.53 11.69 11.75 11.72 11.45 11.41 11.14 11.61 11.95 11.92 12.06 12.00 11.76 11.13 11.13 11.28 11.56 11.66 11.99 12.15 12.16 12.02 12.07 12.05 12.16 12.11 12.11 12.12 12.17 12.13 12.10 12.10 12.07
8.29 8.20 8.43 8.45 8.71 8.85 9.18 9.26 9.44 9.43 9.35 9.87 9.92 9.76 9.54 9.92 10.15 9.66 10.15 10.25 10.77 10.86 11.10 10.93 11.02 11.10 11.15 11.14 11.38 11.44 11.56 11.50 11.45 11.51 11.59 11.52 11.61 11.57 11.60 11.58 11.70 11.51 11.61 11.58 11.50 11.47 11.38 11.59 11.21 11.28 11.14 11.79 11.86 11.77 11.95 11.96 11.93 11.38 10.89 11.13 11.25 11.33 11.83 12.06 11.99 11.95 11.98 11.94 11.96 11.98 12.00 12.01 12.06 12.08 12.06 12.06 12.06
8.70 8.52 8.35 8.82 8.83 8.72 8.90 8.87 9.23 9.32 9.50 9.60 9.93 9.93 9.88 9.76 9.83 9.34 9.53 10.05 10.35 10.44 10.52 10.76 10.82 10.78 10.85 10.96 11.19 11.41 11.38 11.33 11.12 11.13 11.45 11.20 11.44 11.54 11.25 11.51 11.32 11.18 11.16 11.16 10.98 11.17 11.15 11.31 11.13 10.73 10.72 11.40 11.70 11.39 11.70 11.71 11.60 11.55 11.15 11.06 10.80 10.79 11.25 11.56 11.82 11.86 11.85 11.84 11.81 11.94 11.98 11.97 11.92 11.88 11.95 11.97 11.93
9.12 8.32 8.49 8.77 8.70 8.60 8.58 8.30 8.77 9.04 9.16 9.45 9.53 9.86 9.61 9.72 9.91 9.37 9.55 9.56 9.89 10.19 10.45 10.39 10.39 10.48 10.78 10.74 10.76 10.79 10.96 10.97 11.19 11.11 10.98 10.98 10.86 10.80 10.97 10.97 10.82 10.73 10.35 10.60 10.66 10.58 10.57 10.97 10.81 10.52 10.42 10.95 11.31 11.15 11.43 11.23 10.69 11.73 11.77 11.16 10.74 10.89 10.77 11.06 11.30 11.34 11.50 11.72 11.77 11.85 11.85 11.86 11.94 11.84 11.87 11.86 11.73
8.78 8.64 8.70 8.78 8.90 8.95 8.90 8.85 8.92 9.36 9.34 9.63 9.42 9.75 9.61 9.91 10.20 9.71 9.10 9.17 9.81 9.36 9.94 10.20 10.06 10.36 9.99 9.95 10.11 10.43 10.51 10.67 10.78 10.42 10.44 10.66 10.67 10.13 10.80 10.31 10.52 10.30 10.32 10.30 10.27 10.17 10.42 10.34 10.23 10.53 9.99 10.45 10.91 10.93 11.41 11.01 10.81 11.39 11.51 10.85 10.49 10.57 10.78 10.64 10.66 10.62 10.93 11.10 11.34 11.62 11.51 11.59 11.61 11.62 11.75 11.76 11.65
8.70 8.86 8.63 8.35 8.36 8.85 9.10 9.09 9.12 9.27 9.41 9.37 9.20 9.41 9.90 10.05 10.14 10.14 9.37 9.44 9.06 8.97 9.14 9.29 9.62 9.70 9.59 9.80 9.96 10.21 10.17 10.40 10.69 10.40 10.30 10.51 10.71 9.82 10.36 10.21 10.19 10.41 10.43 10.10 9.92 9.98 10.65 10.51 10.50 10.39 10.06 10.18 10.44 10.73 11.06 10.92 10.75 11.12 10.99 10.53 10.35 10.49 10.71 10.31 10.20 10.31 10.54 10.72 10.88 11.02 11.27 11.28 11.31 11.53 11.65 11.59 11.56
8.25 8.57 8.50 8.28 8.10 8.48 8.50 8.81 8.77 9.29 9.02 9.15 9.25 9.38 9.79 9.90 9.78 9.97 9.44 9.20 9.09 8.58 8.75 8.66 8.67 9.15 9.47 9.66 9.58 9.62 9.83 9.87 10.29 10.23 10.33 10.42 10.69 10.01 9.99 10.14 10.05 10.15 10.21 10.35 10.13 9.61 10.16 9.72 9.93 9.80 9.48 9.89 10.44 10.73 11.03 10.87 10.23 9.81 10.36 10.62 10.66 10.34 10.63 10.16 10.13 10.17 10.16 10.33 10.65 10.75 10.81 10.86 11.06 11.38 11.56 11.58 11.52
8.11 8.27 8.10 8.10 8.11 7.95 7.97 8.41 8.89 8.72 8.54 8.67 9.44 9.33 9.38 9.62 9.70 9.44 9.30 9.25 8.89 9.15 8.73 8.61 8.72 8.50 8.85 9.23 9.44 9.26 9.48 9.94 9.82 10.20 10.30 10.11 10.24 9.97 10.20 10.10 9.79 10.03 9.94 9.88 9.49 9.10 9.29 9.15 8.86 8.99 9.38 9.87 9.87 11.18 11.18 10.98 10.43 9.83 10.11 10.51 10.81 10.43 10.65 10.20 10.12 10.08 9.80 9.72 9.92 9.97 10.41 10.74 10.82 11.20 11.38 11.44 11.50
7.92 8.05 7.92 8.52 8.42 7.61 7.82 8.04 8.27 8.27 8.49 8.87 9.13 8.94 9.38 9.59 9.10 8.87 9.11 9.31 8.69 8.81 8.42 8.61 8.56 8.47 8.74 8.87 9.10 9.31 9.45 9.41 9.94 9.84 9.85 9.64 9.93 9.44 9.98 10.13 10.17 10.15 9.48 9.39 8.99 9.17 8.85 8.66 8.42 8.59 9.25 9.17 9.17 11.18 11.18 10.89 10.81 10.25 10.42 10.65 10.87 10.47 10.47 10.05 9.78 9.75 9.73 9.56 9.76 9.98 10.32 10.48 10.51 11.03 11.02 11.18 11.32
8.68 8.26 8.12 8.06 8.07 8.16 8.09 7.59 8.27 8.36 8.22 8.63 8.65 8.78 8.41 8.99 8.84 8.37 8.93 8.56 8.56 8.44 8.22 8.10 8.48 8.31 8.53 8.69 8.60 9.07 9.62 8.97 9.72 9.73 9.63 9.28 9.58 9.25 9.95 9.84 9.80 9.73 9.25 9.12 9.13 9.48 8.63 8.96 8.12 8.20 9.24 8.90 8.90 9.84 10.79 10.79 10.69 10.14 10.46 10.87 11.03 10.52 10.24 9.86 9.72 9.54 9.31 9.45 9.91 10.06 10.35 10.12 10.07 10.90 11.15 11.16 11.21
8.46 8.50 8.45 8.11 7.69 8.14 7.68 7.67 7.93 8.23 7.97 8.29 8.49 8.64 8.58 8.60 8.69 8.57 8.41 7.97 8.54 8.03 8.41 8.46 7.98 8.32 8.69 9.01 8.91 8.55 9.19 8.99 8.97 8.92 8.88 9.51 9.59 9.23 9.40 9.77 9.44 9.45 9.10 9.14 9.31 8.70 8.65 9.08 8.25 8.11 8.63 9.13 9.84 9.84 10.79 10.79 10.15 9.64 9.07 10.45 10.65 10.72 10.01 9.83 9.75 9.50 9.28 9.23 9.42 9.90 10.11 9.93 10.17 10.62 10.86 10.89 10.92
8.47 8.52 8.80 8.88 8.62 8.22 8.51 7.66 7.90 7.72 8.25 8.22 8.52 8.63 8.57 8.90 9.38 8.75 8.74 8.48 8.78 7.99 8.11 7.87 7.95 8.58 8.74 8.53 8.83 8.65 8.44 8.73 8.70 8.83 8.70 9.00 9.51 9.29 9.43 9.19 8.62 8.99 8.83 9.00 9.12 8.55 8.91 9.26 8.41 8.69 8.85 9.54 9.68 9.68 9.68 9.72 9.72 9.20 8.63 8.93 9.88 10.58 10.14 9.89 9.75 9.40 9.22 9.09 9.10 9.55 9.84 9.62 9.47 9.67 9.95 10.32 10.53
8.12 8.11 9.15 8.71 8.35 8.59 8.54 8.06 7.79 8.94 9.00 8.80 8.78 8.93 8.55 8.64 9.16 9.19 8.74 8.58 8.69 8.18 8.45 8.14 8.38 8.19 8.31 8.52 8.81 8.70 8.29 8.79 8.36 8.82 8.36 8.49 8.86 8.71 9.02 9.03 8.65 8.56 8.50 9.14 8.83 8.54 9.00 9.04 8.60 8.59 9.63 9.63 9.94 9.94 9.94 9.47 9.47 9.41 8.48 7.78 8.76 9.71 9.54 9.80 9.40 9.13 8.61 8.85 8.98 9.33 9.55 9.19 9.03 9.03 9.27 9.73 9.91
8.15 8.35 9.00 9.19 9.16 8.95 8.86 8.59 8.66 8.92 9.11 9.28 8.48 8.19 8.89 8.60 9.23 9.23 8.93 8.84 8.66 8.29 8.20 8.91 8.79 8.36 8.00 8.22 8.46 8.53 8.58 8.56 8.79 8.80 8.95 8.50 8.63 8.97 8.47 8.66 8.55 9.11 8.51 8.20 8.36 8.47 8.66 8.74 9.25 8.90 9.84 9.94 10.26 10.26 10.26 9.70 9.70 9.29 8.53 7.91 8.73 9.16 9.20 9.29 8.74 9.05 8.55 8.33 8.76 9.11 9.12 8.88 8.56 8.64 9.10 9.31 9.50
7.93 8.58 8.93 8.85 9.01 9.02 9.35 9.10 8.59 9.02 9.17 9.18 9.16 8.40 8.17 8.73 9.06 8.95 8.78 8.62 8.56 8.39 8.12 8.16 8.79 8.24 8.12 7.89 8.08 7.79 8.58 8.90 8.94 8.66 8.35 8.27 8.16 8.86 8.75 8.37 8.41 8.53 8.56 8.01 7.53 8.35 8.51 8.72 8.97 9.01 9.84 9.93 10.26 10.26 10.26 9.70 9.70 9.17 8.72 8.22 8.77 8.87 9.17 8.82 8.39 8.41 8.15 7.86 8.58 9.03 9.21 8.93 8.44 8.58 8.84 9.03 8.91
8.57 9.14 8.76 9.01 8.96 9.10 9.42 8.98 8.96 8.91 8.79 8.91 8.90 8.38 8.48 8.83 8.42 8.74 8.91 9.02 8.55 8.66 8.57 8.60 8.72 8.57 8.89 8.46 7.86 7.90 7.93 8.24 8.31 8.02 8.31 7.81 7.79 8.49 8.61 8.56 8.49 7.96 8.01 7.25 7.94 8.90 8.44 8.20 8.58 9.01 9.01 9.93 9.93 10.26 10.26 8.73 8.73 8.73 8.97 8.15 8.86 9.28 8.97 8.37 8.09 7.92 7.52 7.56 8.01 8.35 8.54 8.47 8.44 8.34 8.78 8.52 8.90
9.08 9.10 8.69 8.58 8.75 8.92 8.73 8.92 9.00 9.21 9.29 8.89 8.64 8.33 7.86 9.05 8.93 8.82 9.38 9.52 8.80 8.56 8.51 8.51 8.82 8.72 8.94 8.98 8.51 8.61 8.13 7.89 7.97 8.23 8.04 7.47 7.95 7.95 8.37 8.28 7.76 8.23 8.16 7.84 8.71 8.85 8.27 8.35 9.35 9.35 9.35 9.93 9.93 9.93 8.73 8.73 8.73 8.73 8.59 8.18 8.45 9.09 8.81 8.00 7.80 7.41 7.13 7.50 7.42 8.01 8.14 8.32 7.99 8.27 8.92 8.54 8.43
8.65 8.83 8.95 9.14 9.19 9.24 9.07 8.72 8.80 8.77 9.22 9.54 9.61 8.86 8.15 8.81 8.99 9.07 8.86 9.32 9.25 8.40 8.22 8.81 8.61 8.96 9.38 9.03 8.87 8.06 7.98 7.80 7.65 8.01 8.64 8.00 8.15 8.11 7.70 8.62 8.28 8.41 8.72 8.67 9.06 8.51 8.70 8.58 9.35 9.35 9.35 9.93 9.93 9.63 9.63 9.63 7.99 7.99 7.99 8.33 7.81 8.42 8.59 8.13 7.61 7.04 6.73 7.11 6.76 7.72 7.79 8.06 7.87 8.07 8.54 8.45 8.13
8.59 8.78 8.92 9.24 9.33 9.14 8.64 8.75 8.27 8.93 9.29 9.07 9.21 9.23 9.18 9.13 9.47 9.29 9.09 9.04 8.99 8.41 8.55 8.71 9.03 9.02 9.15 9.07 9.29 8.52 8.59 7.94 8.07 7.97 8.48 7.48 7.37 7.49 8.07 8.21 8.57 7.82 8.28 8.64 7.96 8.51 8.70 8.58 8.58 9.35 9.35 9.35 9.99 9.63 9.63 9.63 9.49 8.46 8.46 8.35 7.66 7.85 7.93 7.82 7.68 7.53 6.87 6.99 6.68 6.84 6.76 7.76 7.73 7.72 7.89 7.97 8.17
8.43 8.53 8.32 8.69 9.14 8.71 9.04 9.47 9.76 9.97 9.84 9.33 9.16 9.44 8.99 9.15 8.91 8.79 9.42 9.09 9.04 8.28 8.65 8.61 7.90 8.18 8.50 8.61 8.91 8.94 9.06 9.40 8.73 8.31 8.22 7.46 7.99 7.74 7.72 7.67 7.99 8.29 8.52 7.88 7.93 8.17 8.17 8.58 8.58 8.58 9.35 9.99 9.99 9.99 9.63 9.63 9.49 9.45 8.97 8.70 8.12 7.82 7.68 7.68 7.78 7.28 6.72 6.91 7.01 6.81 6.92 6.65 7.52 7.25 7.27 7.46 7.87
8.48 8.70 8.82 7.91 8.23 9.03 9.40 9.25 9.53 9.55 9.74 10.15 9.89 9.62 9.18 9.06 8.60 8.50 8.59 8.77 8.26 8.03 8.12 8.27 8.08 7.60 7.49 7.79 8.42 8.46 9.25 9.27 9.36 8.71 7.86 7.51 8.13 8.19 8.17 8.22 8.07 7.95 8.72 8.65 8.32 8.66 8.66 8.66 8.66 8.58 9.99 9.99 9.99 9.99 9.99 9.98 9.97 9.56 8.94 8.84 8.26 7.79 7.66 7.94 7.59 7.35 7.08 7.15 7.06 7.41 7.11 6.85 7.32 7.55 7.47 6.98 7.78
8.30 8.37 8.48 8.18 8.63 8.66 8.78 9.30 9.03 9.38 9.47 9.67 9.80 9.62 9.60 9.17 9.22 8.96 8.67 8.47 7.89 8.57 8.18 8.07 8.00 7.98 7.93 8.03 8.27 9.04 8.68 8.86 9.21 9.15 8.47 7.60 7.39 7.72 8.51 8.82 8.73 8.33 8.15 8.89 8.82 8.66 8.66 8.66 8.66 8.66 9.86 9.86 9.86 9.86 9.86 10.19 10.06 9.63 9.35 8.81 8.24 7.90 7.29 7.70 7.11 7.27 7.13 7.31 7.29 7.79 7.35 6.53 6.98 7.31 7.49 7.36 8.08
9.24 9.24 8.95 8.81 8.84 9.64 9.22 9.29 9.07 9.05 9.16 9.29 9.21 8.29 8.53 8.70 9.16 8.91 9.23 9.19 8.75 8.23 8.00 7.79 7.63 7.54 8.54 8.12 7.89 8.59 8.01 8.20 7.90 7.92 9.02 8.86 7.74 8.09 8.76 8.49 8.25 8.53 8.70 8.77 8.55 8.55 8.55 8.66 8.66 8.66 9.86 9.86 9.86 9.86 9.86 9.94 9.68 8.81 8.96 8.83 8.28 7.69 7.40 6.97 6.94 6.71 6.81 6.77 7.06 7.81 7.66 6.94 7.21 7.39 7.47 7.57 7.79
8.80 9.21 9.06 8.70 8.48 8.89 9.17 9.15 8.83 9.26 8.99 9.05 9.29 8.01 8.23 8.46 8.49 9.04 9.66 9.51 8.76 8.66 8.85 8.26 8.15 7.66 8.50 8.27 7.91 8.28 8.03 7.54 7.42 8.33 8.52 9.41 8.11 8.12 8.54 8.52 8.45 8.62 8.28 8.31 8.33 8.33 8.33 8.33 8.33 8.66 9.86 9.86 9.86 9.61 9.61 9.61 8.99 8.95 8.90 8.82 8.45 7.77 7.80 7.37 7.05 7.03 6.82 6.93 6.57 6.95 7.02 6.56 7.24 7.21 7.06 7.91 8.55
7.70 7.94 8.79 8.92 8.71 7.95 8.14 8.16 8.33 8.68 8.94 8.46 8.85 8.84 8.58 8.21 8.45 8.75 9.52 9.40 8.69 9.21 8.93 8.85 8.54 8.10 8.04 8.41 8.33 8.27 7.91 8.11 8.35 8.64 8.59 9.05 8.45 8.42 7.08 9.00 9.11 8.30 8.58 8.13 8.33 8.33 8.33 8.33 8.33 8.33 9.86 9.61 9.61 9.61 9.61 9.61 9.34 9.00 8.76 8.53 8.84 8.14 7.54 7.14 7.18 7.33 7.24 6.83 6.71 6.97 7.03 6.79 7.13 6.87 6.80 6.89 6.86
8.37 8.07 8.14 8.80 8.91 8.28 8.08 7.80 7.95 8.25 8.45 9.00 8.42 8.62 9.09 8.77 8.58 8.68 9.20 9.20 8.93 9.18 9.33 9.22 8.55 7.84 8.49 8.17 7.98 8.17 8.37 8.38 8.51 9.19 8.67 8.38 8.72 8.67 8.24 8.25 8.38 9.12 8.84 8.13 8.13 8.33 8.33 8.33 8.33 8.33 9.61 9.61 9.61 9.61 9.60 9.60 9.60 9.04 8.51 8.23 8.18 7.65 7.78 7.72 7.65 7.41 7.25 7.52 7.10 7.27 6.51 6.40 6.80 6.94 7.14 7.12 7.33
7.49 7.57 7.75 8.03 8.98 7.96 8.42 8.71 8.99 9.46 9.46 9.16 9.10 8.98 9.19 8.80 9.30 9.54 9.23 8.68 8.86 9.35 8.66 8.11 8.72 8.13 7.76 7.97 8.65 8.77 8.96 9.24 8.77 9.25 8.94 8.52 9.18 8.57 9.14 8.54 9.38 9.24 9.01 9.01 9.01 8.13 8.33 8.33 8.33 10.09 10.09 10.09 9.39 9.39 9.60 9.60 9.60 9.13 9.12 8.45 8.31 8.09 7.05 7.56 7.73 6.74 7.14 6.68 6.84 7.35 7.18 6.38 7.16 7.00 7.09 7.48 7.76
7.93 8.01 8.31 8.83 8.52 8.17 8.28 8.40 8.91 9.62 10.01 9.62 9.39 9.49 8.51 8.64 9.32 9.52 9.39 9.04 8.27 7.87 8.16 8.36 8.53 8.57 8.38 8.54 9.37 9.42 8.59 8.54 7.98 9.03 9.21 9.56 8.66 8.89 8.95 9.27 9.51 9.39 9.01 9.01 9.01 9.01 9.01 8.33 10.09 10.09 10.09 10.09 9.55 9.39 9.39 9.06 9.06 8.92 8.73 8.46 7.64 7.83 7.28 6.87 7.75 7.52 7.83 6.75 6.37 7.66 8.08 7.27 6.95 6.80 7.14 6.87 7.43
9.31 8.36 8.86 9.38 9.36 9.04 8.72 8.50 8.56 9.22 9.28 9.28 9.37 9.15 8.82 8.94 9.29 9.26 8.96 9.33 8.89 8.18 8.20 8.61 8.71 8.79 8.18 7.75 7.61 7.44 7.91 8.36 8.11 9.31 10.14 10.04 9.32 9.21 9.05 9.12 9.02 9.47 9.47 9.47 9.01 9.01 9.01 9.01 10.09 10.09 10.09 10.09 10.09 9.55 9.39 9.39 8.95 8.54 8.40 8.31 8.44 8.51 8.29 7.45 7.52 7.76 7.26 6.91 6.81 7.55 7.12 7.72 6.99 6.89 6.94 6.93 6.85
8.77 8.86 8.62 8.49 8.83 8.45 8.05 8.52 8.79 9.20 9.15 7.91 9.12 9.25 9.25 9.43 9.53 9.49 9.17 9.76 9.51 9.15 8.41 8.57 8.86 9.07 8.74 8.05 7.47 7.77 8.74 9.39 9.99 9.31 10.32 10.11 9.32 9.15 9.74 9.42 9.02 9.47 9.47 9.47 9.47 9.47 9.01 10.30 10.09 10.09 10.09 10.09 10.09 9.55 9.55 9.02 8.49 8.73 8.73 8.42 7.65 7.92 8.44 8.33 8.13 8.23 7.91 7.58 7.46 7.54 6.66 7.46 7.14 7.20 6.55 7.25 7.08
8.47 9.06 8.85 8.50 8.57 8.16 8.35 8.55 7.87 8.76 9.48 9.53 8.78 9.26 9.35 9.07 9.61 9.22 10.12 10.32 9.73 9.70 9.16 8.57 8.72 9.02 9.00 8.28 8.26 9.37 9.52 9.18 9.91 9.94 10.21 10.11 10.11 9.15 9.74 9.42 9.42 9.47 9.47 9.47 9.47 9.47 10.21 10.21 10.30 10.30 10.09 10.09 10.09 9.25 9.24 9.00 8.34 8.75 8.51 8.88 8.27 8.53 7.58 7.51 7.73 8.15 8.26 7.59 7.17 7.28 7.45 6.93 7.70 7.32 6.91 7.36 7.47
9.08 9.94 9.28 9.02 8.95 8.62 8.54 9.09 8.64 8.64 8.79 9.91 9.60 8.38 9.05 9.01 9.36 9.61 9.57 10.15 9.43 9.76 9.10 8.49 8.24 8.81 8.62 8.99 9.34 9.74 9.85 9.92 10.26 10.61 10.21 10.21 10.11 9.15 9.74 9.42 9.42 9.42 9.47 9.47 9.47 9.47 10.21 10.21 10.21 10.30 10.30 9.78 9.78 9.39 9.20 9.46 9.50 9.22 9.00 8.55 8.27 7.61 8.23 8.61 8.72 8.75 7.83 7.71 7.13 6.75 7.29 7.36 7.60 7.59 7.24 7.56 7.82
