BOM_solar_grid_data_201906/2019061320190613.grid
ncols 839
nrows 679
xllcenter 112.0500
yllcenter -43.9500
cellsize 0.0500
nodata_value 99999.90
[rows 136 to 169 of 679, columns 616 to 692 of 839]
18.35 18.08 18.19 18.17 18.14 18.11 18.21 18.38 18.25 18.18 18.27 17.90 17.94 17.52 17.87 17.89 17.87 17.62 17.54 17.14 17.02 16.86 16.78 16.29 16.89 16.82 16.78 15.69 15.67 15.18 15.39 15.40 15.09 15.02 14.84 14.17 14.39 14.51 15.71 15.70 15.23 15.32 14.80 14.69 14.79 14.99 14.10 13.38 15.87 16.72 15.10 14.08 13.60 13.93 14.18 12.92 11.81 13.46 13.46 13.46 13.27 14.36 14.36 14.36 14.36 14.36 14.36 14.36 14.36 14.36 14.36 14.36 15.35 17.59 99999.90 99999.90 99999.90
17.67 17.89 17.84 18.05 17.95 18.31 18.17 18.18 18.05 18.10 17.97 18.21 18.12 17.91 17.75 17.52 17.72 17.55 17.48 17.20 16.57 16.95 16.50 16.53 16.69 16.44 15.97 15.54 15.19 15.23 14.96 15.05 14.71 14.90 15.31 14.72 14.80 14.34 15.54 15.43 15.35 15.46 15.34 14.60 15.03 14.99 15.40 13.80 12.73 15.32 15.47 15.10 14.31 14.47 13.87 13.80 12.59 12.99 12.99 14.67 13.27 14.36 14.36 14.36 14.36 14.36 14.36 14.36 14.36 14.36 14.36 14.36 15.35 17.59 15.02 99999.90 99999.90
17.89 17.76 17.80 17.77 17.88 18.03 17.99 17.97 18.08 17.84 17.84 17.85 17.43 17.66 17.74 17.64 17.80 17.63 17.33 17.11 16.98 16.80 16.87 16.46 16.99 15.98 16.43 16.17 16.12 15.42 15.32 15.21 15.13 14.59 14.78 14.93 14.59 14.78 15.02 14.56 14.81 15.45 15.45 15.32 15.75 15.24 15.94 15.29 14.41 14.63 16.47 16.40 15.42 13.97 13.30 12.34 10.70 11.48 11.48 14.67 13.27 14.36 14.36 14.36 14.36 14.36 14.36 14.36 14.36 14.36 14.36 14.36 15.35 15.02 15.02 99999.90 99999.90
17.45 17.30 17.91 17.57 17.73 17.92 17.75 18.12 17.69 17.80 17.75 17.78 17.58 17.72 17.72 17.78 17.61 17.69 17.36 17.14 16.71 16.92 17.07 17.04 17.00 16.64 16.37 16.38 16.31 16.21 15.84 15.43 15.60 15.02 15.00 14.98 14.33 13.91 14.12 13.81 14.18 15.04 15.05 14.88 15.15 14.69 15.26 16.27 16.39 16.11 16.47 16.54 16.63 14.97 13.94 12.71 10.54 11.15 12.56 13.55 12.27 14.36 14.36 14.36 14.36 14.36 14.36 14.36 14.36 14.36 14.36 14.36 15.35 15.02 15.02 99999.90 99999.90
17.88 17.99 17.60 17.30 17.96 17.86 17.74 17.71 17.70 17.76 17.77 17.86 17.95 17.81 17.52 17.62 17.89 17.87 17.46 17.15 17.63 17.46 17.11 17.12 17.05 17.11 16.64 16.44 15.65 15.82 15.40 15.33 15.24 15.06 15.11 14.65 14.23 13.72 14.23 14.29 13.94 15.05 14.86 14.67 14.94 14.69 14.83 15.15 15.46 15.30 14.80 15.11 16.17 16.61 14.31 12.09 11.33 10.84 13.01 12.41 13.15 13.15 13.15 14.36 14.36 14.36 14.36 14.36 15.35 15.35 15.35 15.35 15.02 15.02 15.02 99999.90 99999.90
17.93 17.71 17.66 17.79 17.36 17.48 17.67 17.67 17.53 17.53 17.59 17.55 17.49 17.90 17.79 17.67 17.76 17.77 17.89 17.77 17.51 17.03 17.48 17.34 17.00 16.67 16.48 16.30 15.99 15.80 15.62 15.41 14.79 14.95 15.72 14.97 14.71 14.46 14.00 14.32 13.62 14.04 13.54 14.83 14.25 13.91 13.68 13.49 13.72 13.38 14.02 14.88 14.69 14.66 12.78 11.03 10.25 11.41 13.61 14.94 14.36 14.36 14.62 14.62 14.62 14.62 15.35 15.35 15.35 15.35 15.02 15.02 15.02 15.02 15.02 99999.90 99999.90
18.18 17.91 17.74 17.66 18.03 17.34 17.57 17.40 17.46 17.53 17.55 17.58 17.53 17.50 17.50 17.50 17.84 17.79 17.50 17.56 17.59 17.73 17.35 17.02 17.27 17.17 16.60 15.60 15.33 15.71 15.49 15.82 16.10 16.05 15.09 14.67 14.28 14.82 14.26 13.92 14.54 14.75 14.68 14.79 15.07 15.37 15.08 14.51 13.41 13.75 13.56 15.05 14.96 14.29 12.85 13.05 10.67 11.88 13.77 13.44 14.78 14.62 14.62 14.62 15.35 15.35 15.35 15.35 15.35 15.02 15.02 15.02 15.02 15.02 15.02 16.24 99999.90
18.23 18.26 18.22 17.88 17.76 17.83 17.83 17.77 17.48 17.63 17.40 17.40 17.13 17.52 17.72 17.62 17.46 17.56 17.45 17.73 17.59 17.73 17.91 17.62 17.44 17.17 16.61 16.66 16.35 16.45 15.89 16.74 16.96 16.83 16.22 15.61 14.66 14.53 14.42 13.06 13.70 13.87 14.12 14.49 14.42 14.25 13.80 13.94 13.71 13.89 13.19 12.84 14.68 13.94 13.56 12.71 11.60 10.68 13.74 13.19 12.52 14.26 14.26 15.35 15.35 15.35 15.35 17.59 15.02 15.02 15.02 15.02 15.02 15.02 15.02 16.24 99999.90
18.11 18.12 18.03 18.08 17.99 18.00 17.59 17.77 17.46 17.27 17.25 17.27 17.51 17.29 17.27 17.31 17.27 17.41 17.47 17.84 17.02 17.15 17.42 16.99 16.83 17.27 16.75 16.72 16.31 16.10 16.20 16.76 16.32 16.33 16.04 15.97 15.64 15.67 14.75 14.35 14.39 13.93 14.63 14.63 14.93 13.80 13.75 14.09 14.91 14.98 14.10 13.77 14.20 14.63 15.20 15.32 14.32 13.71 15.02 13.72 10.54 11.65 15.35 15.35 15.35 17.59 17.59 15.02 15.02 15.02 15.02 15.02 15.02 15.02 15.02 16.24 99999.90
18.11 18.21 18.21 18.10 17.85 17.92 17.86 17.85 17.84 17.61 17.04 17.44 17.47 17.67 17.35 17.40 17.32 17.47 17.25 17.22 17.77 17.43 17.23 17.35 17.15 17.07 16.58 16.74 16.74 16.50 16.17 16.25 16.56 16.34 16.00 15.60 14.96 14.67 14.45 14.77 14.28 14.86 14.56 14.27 14.34 15.31 15.24 15.55 14.66 13.69 12.22 11.86 12.84 13.70 14.13 14.57 14.50 15.58 14.51 13.42 11.98 12.58 15.34 15.34 17.59 17.59 15.02 15.02 15.02 15.02 15.02 15.02 15.02 15.02 15.02 16.24 99999.90
18.02 18.07 18.27 18.23 18.08 18.13 17.93 18.03 17.95 17.72 17.67 17.58 17.19 17.48 17.74 17.60 17.53 17.46 17.37 17.32 17.03 17.00 17.38 17.19 16.67 16.77 17.08 16.81 16.40 16.54 16.44 15.99 15.96 16.15 15.98 15.78 16.27 15.36 14.80 15.26 14.64 14.32 14.01 14.16 14.97 14.77 14.50 14.41 13.85 13.74 13.38 12.71 13.44 14.42 14.60 13.79 13.52 13.07 14.53 12.40 11.28 13.21 16.07 17.59 17.59 15.02 15.02 15.02 15.02 15.02 15.02 15.02 15.02 15.02 15.02 16.24 99999.90
18.01 18.05 18.12 18.07 18.18 18.12 17.91 17.86 17.99 17.94 17.98 17.91 17.74 17.53 17.66 17.45 17.37 17.39 17.26 17.41 17.68 17.32 17.10 17.55 17.14 17.06 16.97 16.69 16.51 16.32 16.14 16.02 16.29 16.49 16.29 15.80 15.69 14.79 14.64 15.08 15.41 15.12 15.13 15.42 15.52 15.77 14.90 14.88 14.06 14.22 14.18 14.00 13.39 14.59 14.24 14.15 15.07 13.74 13.40 12.88 11.31 13.39 14.49 16.04 15.02 15.02 15.02 15.02 15.02 15.02 15.02 15.02 15.02 15.02 15.02 16.24 99999.90
18.15 18.12 18.04 18.02 18.01 18.15 18.09 17.92 17.70 17.57 17.66 17.77 17.63 17.76 17.76 17.09 17.34 17.62 17.36 17.42 17.53 17.46 17.52 17.54 17.44 17.21 17.11 16.99 16.66 16.17 16.38 15.87 16.33 16.23 16.11 16.17 16.07 16.35 15.13 14.57 14.26 15.06 14.52 14.41 14.62 14.87 14.58 14.50 14.19 14.72 14.49 14.54 13.66 12.60 12.85 12.79 12.39 12.81 11.55 11.58 12.28 13.79 14.87 15.74 15.02 15.02 15.02 15.02 15.02 15.02 15.02 15.02 15.02 16.24 16.24 16.24 99999.90
18.26 18.26 18.15 18.11 18.02 17.96 17.99 17.99 17.98 17.76 17.69 17.40 17.23 17.51 17.42 17.37 17.67 17.23 17.00 17.42 17.78 17.35 17.58 17.49 17.25 17.43 17.15 16.67 16.60 16.40 16.24 15.84 16.14 16.85 16.45 16.40 16.37 16.25 15.51 14.79 14.52 14.21 14.08 13.66 13.74 13.92 13.28 13.97 14.41 15.02 14.94 15.36 13.93 13.02 12.55 12.64 11.22 11.68 10.38 10.72 12.71 13.66 12.41 15.29 15.91 15.91 15.91 15.91 15.91 15.91 16.24 16.24 16.24 16.24 16.24 16.24 99999.90
18.20 18.21 18.21 18.16 18.13 18.16 18.03 17.92 17.74 17.77 17.71 17.75 17.61 17.63 17.20 17.66 17.55 17.55 17.40 17.30 17.13 17.07 17.25 17.13 17.32 17.10 16.63 16.72 16.79 16.67 16.47 16.47 16.27 16.03 16.33 16.31 16.81 16.69 15.84 15.10 14.81 14.51 14.20 14.04 13.12 13.33 13.88 13.85 13.18 13.78 13.29 14.15 14.04 13.02 12.29 12.15 11.50 11.74 11.22 12.47 15.12 13.38 13.38 14.96 15.91 15.91 15.91 16.24 16.24 16.24 16.24 16.24 16.24 16.24 16.24 16.24 99999.90
18.12 18.17 18.17 18.17 18.13 18.16 18.02 17.99 18.08 18.03 17.78 17.58 17.53 17.44 17.60 17.61 17.62 17.27 17.38 17.51 17.31 17.27 17.29 17.01 16.75 16.92 16.63 17.31 16.97 17.01 16.46 16.22 16.02 16.44 16.41 16.32 16.42 16.25 15.94 15.56 14.84 14.43 14.11 13.40 13.16 13.56 13.80 12.95 12.85 13.77 14.47 14.10 14.17 13.62 13.23 13.44 13.23 11.53 11.44 13.16 13.97 13.73 14.04 14.32 15.10 15.10 16.24 16.24 16.24 16.24 16.24 16.24 16.24 16.24 16.24 16.24 99999.90
18.19 18.17 18.17 18.14 18.13 18.15 18.04 18.03 17.97 18.00 17.90 17.76 17.84 17.50 17.36 17.30 17.70 17.62 17.69 17.46 17.07 17.28 17.40 17.37 17.31 17.18 17.21 16.96 16.85 16.99 16.66 16.15 16.48 16.54 16.20 16.74 16.15 16.39 16.00 15.54 14.39 14.45 14.24 13.76 13.71 13.14 12.62 12.31 12.85 12.81 12.56 12.62 13.19 12.48 12.62 12.17 13.44 11.13 11.97 11.80 11.98 12.36 12.94 12.59 14.90 16.24 16.24 16.24 16.24 16.24 16.24 16.24 16.24 16.24 16.24 16.24 99999.90
18.21 18.20 18.19 18.15 18.16 18.06 18.16 18.01 18.01 17.91 18.04 17.92 17.75 17.69 17.62 17.67 17.50 17.55 17.70 17.75 17.61 17.60 17.44 17.46 17.52 17.17 17.37 16.98 16.70 16.59 15.89 16.20 16.15 16.23 16.18 15.97 15.98 15.92 15.93 15.51 14.19 14.14 13.29 12.78 13.17 12.07 12.46 12.64 13.91 14.79 14.09 13.03 11.84 10.94 11.04 10.35 12.57 13.03 11.62 10.58 10.52 11.45 11.12 11.74 13.82 16.24 16.24 16.24 16.24 16.24 16.24 16.24 16.24 16.24 16.24 16.24 99999.90
18.18 18.19 18.18 18.18 18.14 18.11 18.02 17.93 17.83 18.08 17.91 17.96 18.01 17.54 17.32 17.48 17.65 17.42 17.67 17.68 17.82 17.82 17.82 17.45 17.33 17.05 16.94 16.79 17.25 16.45 16.24 15.85 15.97 16.00 16.02 15.92 15.64 15.58 15.24 14.20 13.51 12.94 13.11 13.01 13.02 13.43 13.73 13.92 13.66 13.42 12.16 11.46 11.23 10.40 9.71 10.30 11.00 11.01 10.46 10.06 12.25 11.59 10.99 11.75 14.03 14.03 14.03 16.24 16.24 16.24 16.24 16.24 16.24 16.24 16.24 16.24 99999.90
18.16 18.17 18.17 18.17 18.15 18.09 18.12 18.09 17.99 17.96 17.90 18.06 17.96 17.69 17.73 17.61 17.23 17.75 17.77 17.78 17.68 17.63 17.57 17.32 17.39 16.97 16.81 16.78 16.72 15.86 15.74 15.58 15.29 15.32 15.94 15.83 14.94 14.21 13.82 12.73 12.74 12.07 11.76 12.10 11.87 12.37 12.31 12.07 12.42 11.99 12.19 12.61 11.12 10.68 11.37 11.13 9.78 9.76 9.24 10.59 12.65 11.18 10.88 12.10 12.96 12.96 12.96 12.96 12.96 16.24 16.24 16.24 16.24 16.24 16.24 16.24 15.31
18.12 18.12 18.13 18.14 18.14 18.12 18.09 18.09 18.01 17.96 17.94 17.82 17.75 17.91 17.70 17.69 17.48 17.25 17.05 17.37 17.51 17.80 17.60 17.39 17.08 17.07 16.81 16.65 16.50 15.90 15.96 15.61 15.48 14.73 14.78 14.31 13.71 13.21 13.11 13.12 12.35 12.18 11.42 11.78 11.36 11.31 11.74 12.00 12.37 11.56 11.74 12.31 12.66 12.21 11.81 10.50 9.09 9.51 10.37 10.99 10.87 10.00 10.08 11.77 12.50 12.50 12.50 12.50 12.50 12.50 12.50 12.50 12.50 16.24 16.24 16.24 15.31
18.07 18.08 18.10 18.11 18.11 18.10 18.08 18.03 17.98 18.06 18.04 17.81 17.97 17.84 17.68 17.57 17.44 17.32 17.19 17.31 17.41 17.15 17.06 17.34 16.91 16.88 16.88 16.14 16.16 16.13 15.57 15.23 14.80 14.22 14.14 12.96 12.93 12.92 13.31 12.70 11.91 11.37 11.06 11.58 11.40 11.77 12.12 11.54 11.73 12.09 12.45 13.01 12.85 12.09 11.30 10.31 10.38 10.37 11.42 11.20 10.28 9.22 10.55 11.89 12.83 12.83 12.83 12.83 12.83 12.83 12.83 12.83 12.83 12.83 12.83 15.31 15.31
18.07 18.07 18.07 18.08 18.09 18.09 18.07 18.05 18.02 18.00 17.88 17.82 17.98 17.77 17.85 17.71 17.51 17.32 17.23 17.38 17.11 17.03 17.27 17.48 16.84 16.60 16.37 16.35 15.93 15.96 15.59 14.93 14.74 14.04 13.49 13.03 13.26 13.06 12.97 12.31 11.13 10.91 11.35 10.95 11.00 11.18 11.12 11.04 11.55 12.67 13.01 13.11 12.89 12.38 11.57 9.80 8.91 8.46 9.88 10.97 10.43 9.31 10.54 10.65 11.60 11.60 11.60 11.60 11.60 11.60 11.60 11.60 11.60 15.31 15.31 15.31 15.31
18.04 18.05 18.06 18.07 18.07 18.06 18.05 18.02 18.04 18.01 17.96 17.91 17.79 17.77 17.89 17.83 17.86 17.74 17.73 17.34 17.00 17.30 17.43 17.24 17.10 16.30 16.62 16.27 15.89 16.16 15.19 15.34 14.85 14.40 13.80 13.24 13.36 12.68 12.28 12.05 11.14 11.01 10.68 11.21 10.96 11.62 11.59 11.78 11.06 12.96 12.34 12.93 13.45 12.08 10.70 9.92 8.31 8.67 10.51 10.97 12.93 12.89 11.27 11.08 11.60 11.60 11.60 11.60 11.60 11.60 11.60 15.31 15.31 15.31 15.31 15.31 15.31
18.03 18.04 18.06 18.06 18.05 18.04 18.04 18.03 18.02 17.97 17.99 17.98 17.93 17.80 17.82 17.74 17.65 17.60 17.67 17.58 17.41 17.12 17.02 16.60 16.71 16.36 16.39 15.97 15.62 15.90 15.35 14.75 15.06 14.74 13.64 12.91 12.85 12.65 12.31 11.30 10.84 10.33 11.03 11.24 11.44 11.51 11.64 10.77 11.35 12.81 13.45 12.91 11.94 11.13 10.84 8.64 8.82 10.90 11.02 11.10 11.71 12.85 11.91 10.95 10.95 10.95 11.60 11.60 11.60 15.31 15.31 15.31 15.31 15.31 15.31 15.31 15.31
17.99 18.00 18.02 18.03 18.02 18.01 18.02 18.02 17.99 18.02 17.97 17.93 17.80 17.88 17.76 17.78 17.82 17.73 17.51 17.69 17.73 17.49 17.14 16.75 16.63 16.54 16.42 16.26 15.73 15.51 15.48 15.16 14.14 14.30 13.59 13.21 13.13 12.92 12.64 11.93 11.39 10.90 11.47 10.84 11.27 11.51 11.77 12.34 11.81 12.11 12.64 12.53 12.35 10.76 10.15 9.84 10.29 9.56 10.09 12.88 12.71 11.37 11.05 10.53 10.53 10.53 10.53 10.53 15.31 15.31 15.31 15.31 15.31 15.31 15.31 15.31 15.31
17.94 17.98 18.00 18.00 18.01 18.00 18.00 17.97 17.94 17.97 17.98 17.97 17.94 17.93 17.73 17.91 17.64 17.80 17.78 17.80 17.80 17.59 17.18 16.75 16.85 16.73 16.68 16.18 15.94 15.29 15.19 14.77 14.59 14.16 13.18 12.58 12.79 13.00 13.08 12.17 11.24 11.64 11.42 11.94 11.81 11.20 12.10 11.71 11.15 11.35 10.67 10.38 10.64 10.75 11.21 11.79 10.82 9.10 9.28 13.09 12.09 11.15 10.14 10.53 10.53 10.53 11.06 11.06 15.31 15.31 15.31 15.31 15.31 15.31 15.31 15.31 15.31
17.96 17.96 17.97 17.97 17.98 17.98 17.97 17.95 17.91 17.93 17.92 17.95 17.92 17.95 17.92 17.70 17.76 17.85 17.66 17.73 17.83 17.69 17.27 16.87 16.78 16.53 16.62 16.46 16.05 15.16 14.74 14.67 14.17 14.46 13.01 12.85 12.54 12.53 12.47 11.50 11.08 11.52 12.36 12.11 11.78 11.48 11.81 11.33 11.07 10.85 11.29 10.80 10.86 10.18 10.92 11.03 11.59 11.03 11.76 11.17 9.67 10.05 10.44 10.44 10.44 11.06 11.06 11.06 15.31 15.31 15.31 15.31 15.31 15.31 15.31 11.22 11.22
17.96 17.92 17.95 17.96 17.90 17.97 17.96 17.95 17.88 17.90 17.86 17.83 17.82 17.98 17.86 17.75 17.71 17.68 17.85 17.77 17.73 17.59 17.27 17.04 16.93 16.84 16.19 16.26 15.90 15.62 14.82 14.72 14.54 14.16 13.26 13.08 12.31 12.01 11.60 10.89 11.95 11.02 12.23 12.00 12.12 12.09 12.16 11.58 10.98 11.31 10.29 10.92 11.95 11.37 10.39 9.53 11.60 12.96 12.53 9.75 10.20 10.31 10.86 10.86 12.39 11.06 11.06 11.06 15.31 15.31 15.31 15.31 15.31 11.22 11.22 11.22 11.22
17.94 17.91 17.91 17.90 17.91 17.94 17.95 17.95 17.91 17.91 17.86 17.81 17.81 17.72 17.77 17.83 17.73 17.64 17.77 17.76 17.69 17.59 17.37 17.00 16.49 16.78 16.66 16.19 15.77 15.28 14.96 14.34 14.60 13.86 13.58 12.72 11.95 11.64 10.82 10.81 10.60 11.24 12.34 12.08 12.21 11.76 12.12 11.20 11.21 11.40 10.76 11.18 11.58 10.98 11.13 10.31 11.17 11.38 8.98 8.74 9.60 10.80 11.67 12.39 12.39 11.06 11.06 11.06 15.31 15.31 15.31 11.22 11.22 11.22 11.22 11.22 11.22
17.89 17.90 17.88 17.90 17.90 17.90 17.94 17.94 17.92 17.92 17.83 17.88 17.74 17.53 17.76 17.68 17.75 17.69 17.75 17.67 17.69 17.63 17.41 17.12 16.90 16.89 16.71 16.47 16.08 15.69 15.13 14.72 14.23 14.04 13.80 12.56 11.88 10.99 11.00 10.62 10.82 11.38 11.76 12.02 11.27 11.64 10.82 10.15 11.69 10.78 10.68 10.19 10.11 11.22 11.68 12.30 11.76 8.74 8.29 8.63 9.16 9.52 10.10 10.58 11.84 11.84 11.06 10.37 13.17 13.17 11.22 11.22 11.22 11.22 11.22 11.22 11.22
17.88 17.90 17.89 17.90 17.90 17.89 17.92 17.89 17.86 17.88 17.88 17.87 17.83 17.70 17.75 17.68 17.75 17.69 17.68 17.72 17.64 17.50 17.30 17.06 16.92 16.66 16.84 16.79 15.49 15.83 15.34 14.64 13.91 14.17 13.65 12.44 11.81 10.98 10.43 10.36 11.62 11.87 11.56 12.23 11.23 11.18 11.55 11.11 11.86 10.64 10.57 10.59 10.84 11.04 12.22 11.30 9.15 8.87 8.99 8.14 9.02 9.22 9.54 10.67 10.79 12.62 12.52 10.37 10.23 11.22 11.22 11.22 11.22 11.22 11.22 11.22 11.22
17.81 17.86 17.88 17.88 17.90 17.89 17.89 17.87 17.88 17.85 17.85 17.86 17.85 17.80 17.79 17.72 17.72 17.75 17.77 17.81 17.68 17.47 17.12 16.74 16.64 16.71 16.87 16.74 16.29 16.10 14.85 15.20 14.52 13.59 13.40 12.86 11.60 11.03 10.42 10.61 11.43 12.14 11.82 12.97 12.22 11.73 11.64 11.51 11.80 10.56 12.53 12.12 11.67 12.21 11.40 10.57 9.96 9.17 9.35 9.06 9.99 9.27 10.80 10.49 10.86 12.28 12.88 12.88 11.40 9.18 9.18 9.18 9.18 9.18 9.18 9.18 9.18
17.78 17.78 17.82 17.85 17.86 17.88 17.87 17.87 17.88 17.87 17.85 17.84 17.85 17.83 17.81 17.72 17.67 17.78 17.76 17.77 17.65 17.40 16.82 16.85 16.51 16.73 16.33 16.68 16.09 15.82 15.15 15.13 14.95 13.82 13.07 12.36 12.31 11.82 10.89 10.51 11.46 11.86 12.46 12.95 13.21 12.26 11.53 11.15 11.33 12.31 12.51 11.27 11.31 12.08 11.20 10.99 10.76 10.90 9.53 9.26 9.90 10.41 11.04 10.66 11.75 12.18 12.69 12.69 11.40 9.18 9.18 9.18 9.18 9.18 9.18 9.18 9.18
