BOM_solar_grid_data_201906/2019062620190626.grid
ncols 839
nrows 679
xllcenter 112.0500
yllcenter -43.9500
cellsize 0.0500
nodata_value 99999.90
[rows 140 to 174 of 679, columns 154 to 230 of 839]
99999.90 99999.90 99999.90 99999.90 99999.90 99999.90 99999.90 99999.90 99999.90 99999.90 99999.90 99999.90 99999.90 99999.90 99999.90 99999.90 99999.90 99999.90 99999.90 99999.90 99999.90 99999.90 99999.90 99999.90 99999.90 99999.90 99999.90 99999.90 99999.90 99999.90 99999.90 99999.90 99999.90 99999.90 99999.90 99999.90 99999.90 99999.90 18.05 17.95 17.95 17.95 17.95 17.95 17.95 17.95 17.77 18.16 18.16 18.16 18.16 18.29 18.29 18.21 18.08 18.12 18.08 18.11 18.06 18.13 18.09 18.05 18.09 18.19 18.23 18.25 18.19 18.00 18.09 18.21 18.21 18.06 18.06 18.06 18.16 18.16 18.16
99999.90 99999.90 99999.90 99999.90 99999.90 99999.90 99999.90 99999.90 99999.90 99999.90 99999.90 99999.90 99999.90 99999.90 99999.90 99999.90 99999.90 99999.90 99999.90 99999.90 99999.90 99999.90 99999.90 99999.90 99999.90 99999.90 99999.90 99999.90 99999.90 99999.90 99999.90 99999.90 99999.90 99999.90 99999.90 99999.90 99999.90 99999.90 18.05 17.95 17.95 17.95 17.95 17.95 17.95 17.95 17.95 17.77 17.77 18.16 18.16 18.16 18.21 18.09 18.12 18.13 18.08 18.05 18.05 17.99 18.10 18.13 17.94 18.15 18.10 18.12 18.14 18.17 18.18 18.15 18.06 18.06 18.06 18.13 18.25 18.25 18.25
99999.90 99999.90 99999.90 99999.90 99999.90 99999.90 99999.90 99999.90 99999.90 99999.90 99999.90 99999.90 99999.90 99999.90 99999.90 99999.90 99999.90 99999.90 99999.90 99999.90 99999.90 99999.90 99999.90 99999.90 99999.90 99999.90 99999.90 99999.90 99999.90 99999.90 99999.90 99999.90 99999.90 99999.90 99999.90 99999.90 99999.90 99999.90 18.05 17.95 17.95 17.95 17.95 17.95 17.95 17.95 17.95 17.95 17.77 17.77 17.66 17.66 18.18 18.01 18.03 18.10 18.06 18.01 18.03 18.01 18.06 18.02 18.04 18.06 18.06 18.12 18.10 18.23 18.16 18.09 18.05 18.05 18.13 18.13 17.83 18.25 18.25
99999.90 99999.90 99999.90 99999.90 99999.90 99999.90 99999.90 99999.90 99999.90 99999.90 99999.90 99999.90 99999.90 99999.90 99999.90 99999.90 99999.90 99999.90 99999.90 99999.90 99999.90 99999.90 99999.90 99999.90 99999.90 99999.90 99999.90 99999.90 99999.90 99999.90 99999.90 99999.90 99999.90 99999.90 99999.90 99999.90 99999.90 99999.90 18.05 17.95 17.95 17.95 17.95 17.95 17.95 17.95 17.95 17.95 17.95 17.77 17.77 18.19 18.14 18.16 18.05 18.03 18.03 17.99 17.97 17.99 18.05 18.04 18.04 18.12 18.01 18.00 18.10 18.15 18.13 18.16 18.16 18.13 18.13 17.83 17.83 18.25 17.99
99999.90 99999.90 99999.90 99999.90 99999.90 99999.90 99999.90 99999.90 99999.90 99999.90 99999.90 99999.90 99999.90 99999.90 99999.90 99999.90 99999.90 99999.90 99999.90 99999.90 99999.90 99999.90 99999.90 99999.90 99999.90 99999.90 99999.90 99999.90 99999.90 99999.90 99999.90 99999.90 99999.90 99999.90 99999.90 99999.90 99999.90 99999.90 18.05 17.95 17.95 17.95 17.95 17.95 17.95 17.95 17.95 17.95 17.95 17.95 18.13 18.11 18.10 18.10 18.09 18.14 18.10 17.97 17.95 17.93 17.97 17.94 18.02 17.98 18.05 18.06 18.02 17.93 17.93 17.99 18.11 18.05 17.83 17.83 17.83 15.49 16.91
99999.90 99999.90 99999.90 99999.90 99999.90 99999.90 99999.90 99999.90 99999.90 99999.90 99999.90 99999.90 99999.90 99999.90 99999.90 99999.90 99999.90 99999.90 99999.90 99999.90 99999.90 99999.90 99999.90 99999.90 99999.90 99999.90 99999.90 99999.90 99999.90 99999.90 99999.90 99999.90 99999.90 99999.90 99999.90 99999.90 99999.90 99999.90 18.05 18.05 18.05 18.17 18.17 18.17 18.17 18.17 18.17 18.17 18.17 18.17 18.08 18.06 18.11 18.16 18.09 18.00 18.03 17.97 17.96 18.00 17.99 17.88 17.94 18.00 18.08 18.01 18.02 17.89 17.86 17.90 18.03 17.49 17.58 17.58 15.49 15.49 17.29
99999.90 99999.90 99999.90 99999.90 99999.90 99999.90 99999.90 99999.90 99999.90 99999.90 99999.90 99999.90 99999.90 99999.90 99999.90 99999.90 99999.90 99999.90 99999.90 99999.90 99999.90 99999.90 99999.90 99999.90 99999.90 99999.90 99999.90 99999.90 99999.90 99999.90 99999.90 99999.90 99999.90 99999.90 99999.90 99999.90 99999.90 99999.90 18.05 18.05 18.05 18.05 18.05 18.05 18.17 18.17 18.17 18.17 18.17 18.17 18.09 18.09 18.12 18.09 18.08 18.03 18.00 17.99 18.03 17.99 17.97 17.96 18.01 17.91 17.97 17.99 17.97 17.96 17.93 17.96 18.09 17.14 16.21 15.49 15.49 15.49 17.29
99999.90 99999.90 99999.90 99999.90 99999.90 99999.90 99999.90 99999.90 99999.90 99999.90 99999.90 99999.90 99999.90 99999.90 99999.90 99999.90 99999.90 99999.90 99999.90 99999.90 99999.90 99999.90 99999.90 99999.90 99999.90 99999.90 99999.90 99999.90 99999.90 99999.90 99999.90 99999.90 99999.90 99999.90 99999.90 99999.90 99999.90 99999.90 18.05 18.05 18.05 18.05 18.05 18.05 18.05 18.05 18.05 18.13 18.13 18.13 18.11 18.05 18.06 18.10 18.04 18.00 18.00 17.95 17.93 17.95 17.97 18.02 18.03 17.98 17.97 17.95 17.98 17.98 18.02 18.04 18.07 17.62 15.57 16.61 16.61 18.03 16.53
99999.90 99999.90 99999.90 99999.90 99999.90 99999.90 99999.90 99999.90 99999.90 99999.90 99999.90 99999.90 99999.90 99999.90 99999.90 99999.90 99999.90 99999.90 99999.90 99999.90 99999.90 99999.90 99999.90 99999.90 99999.90 99999.90 99999.90 99999.90 99999.90 99999.90 99999.90 99999.90 99999.90 99999.90 99999.90 99999.90 99999.90 99999.90 18.05 18.05 18.05 18.05 18.05 18.05 18.05 18.05 18.05 18.05 18.12 18.12 18.08 18.02 17.98 18.03 17.96 17.96 18.01 17.90 17.87 17.97 18.02 17.98 17.93 17.95 17.94 17.96 17.99 17.99 18.05 17.97 17.99 17.99 17.92 18.03 18.03 18.03 16.81
99999.90 99999.90 99999.90 99999.90 99999.90 99999.90 99999.90 99999.90 99999.90 99999.90 99999.90 99999.90 99999.90 99999.90 99999.90 99999.90 99999.90 99999.90 99999.90 99999.90 99999.90 99999.90 99999.90 99999.90 99999.90 99999.90 99999.90 99999.90 99999.90 99999.90 99999.90 99999.90 99999.90 99999.90 99999.90 99999.90 99999.90 99999.90 18.05 18.05 18.05 18.05 18.05 18.05 18.05 18.05 18.05 18.05 18.05 18.02 17.96 17.95 17.97 17.95 17.91 17.87 17.89 17.92 17.93 17.95 17.98 17.97 17.93 17.91 17.86 17.79 17.89 17.95 18.00 17.96 17.97 17.99 17.97 17.91 17.87 17.61 17.61
99999.90 99999.90 99999.90 99999.90 99999.90 99999.90 99999.90 99999.90 99999.90 99999.90 99999.90 99999.90 99999.90 99999.90 99999.90 99999.90 99999.90 99999.90 99999.90 99999.90 99999.90 99999.90 99999.90 99999.90 99999.90 99999.90 99999.90 99999.90 99999.90 99999.90 99999.90 99999.90 99999.90 99999.90 99999.90 99999.90 99999.90 99999.90 18.05 18.05 18.05 18.05 18.05 18.05 18.05 18.05 18.05 18.05 18.05 17.99 17.98 17.98 17.90 17.83 17.80 17.81 17.92 17.96 17.92 17.88 17.89 17.89 17.83 17.87 17.82 17.89 17.90 17.85 17.91 17.96 17.85 17.89 17.94 17.93 17.72 17.36 17.36
99999.90 99999.90 99999.90 99999.90 99999.90 99999.90 99999.90 99999.90 99999.90 99999.90 99999.90 99999.90 99999.90 99999.90 99999.90 99999.90 99999.90 99999.90 99999.90 99999.90 99999.90 99999.90 99999.90 99999.90 99999.90 99999.90 99999.90 99999.90 99999.90 99999.90 99999.90 99999.90 99999.90 99999.90 99999.90 99999.90 99999.90 99999.90 18.05 18.05 18.05 18.05 18.05 18.05 18.05 18.05 18.05 18.05 18.05 17.98 17.93 17.89 17.80 17.85 17.83 17.81 17.86 17.87 17.93 17.83 17.78 17.76 17.82 17.81 17.85 17.90 17.83 17.83 17.80 17.87 17.66 17.86 17.87 17.79 17.37 17.15 17.69
99999.90 99999.90 99999.90 99999.90 99999.90 99999.90 99999.90 99999.90 99999.90 99999.90 99999.90 99999.90 99999.90 99999.90 99999.90 99999.90 99999.90 99999.90 99999.90 99999.90 99999.90 99999.90 99999.90 99999.90 99999.90 99999.90 99999.90 99999.90 99999.90 99999.90 99999.90 99999.90 99999.90 99999.90 99999.90 99999.90 99999.90 99999.90 18.05 18.05 18.05 18.05 18.05 18.05 18.05 18.05 18.05 17.95 17.95 17.95 17.93 17.90 17.89 17.90 17.85 17.80 17.84 17.84 17.88 17.88 17.76 17.66 17.73 17.79 17.78 17.84 17.87 17.76 17.71 17.81 17.75 17.79 17.84 17.58 17.15 17.36 17.61
99999.90 99999.90 99999.90 99999.90 99999.90 99999.90 99999.90 99999.90 99999.90 99999.90 99999.90 99999.90 99999.90 99999.90 99999.90 99999.90 99999.90 99999.90 99999.90 99999.90 99999.90 99999.90 99999.90 99999.90 99999.90 99999.90 99999.90 99999.90 99999.90 99999.90 99999.90 99999.90 99999.90 99999.90 99999.90 99999.90 99999.90 99999.90 18.05 18.05 18.05 18.05 18.05 18.05 18.05 17.95 17.95 17.95 17.95 17.95 17.92 17.98 17.89 17.93 17.92 17.89 17.79 17.72 17.77 17.77 17.89 17.76 17.80 17.83 17.82 17.90 17.79 17.71 17.71 17.70 17.72 17.88 17.82 17.84 17.77 17.76 17.80
99999.90 99999.90 99999.90 99999.90 99999.90 99999.90 99999.90 99999.90 99999.90 99999.90 99999.90 99999.90 99999.90 99999.90 99999.90 99999.90 99999.90 99999.90 99999.90 99999.90 99999.90 99999.90 99999.90 99999.90 99999.90 99999.90 99999.90 99999.90 99999.90 99999.90 99999.90 99999.90 99999.90 99999.90 99999.90 99999.90 99999.90 99999.90 18.05 18.05 18.05 18.05 18.05 17.95 17.95 17.95 17.95 17.95 17.86 17.86 17.86 17.92 17.91 17.91 17.91 17.87 17.89 17.81 17.78 17.78 17.70 17.79 17.86 17.87 17.83 17.90 17.86 17.79 17.74 17.56 17.67 17.65 17.77 17.83 17.77 17.68 17.62
99999.90 99999.90 99999.90 99999.90 99999.90 99999.90 99999.90 99999.90 99999.90 99999.90 99999.90 99999.90 99999.90 99999.90 99999.90 99999.90 99999.90 99999.90 99999.90 99999.90 99999.90 99999.90 99999.90 99999.90 99999.90 99999.90 99999.90 99999.90 99999.90 99999.90 99999.90 99999.90 99999.90 99999.90 99999.90 99999.90 99999.90 99999.90 18.05 18.05 18.05 17.95 17.95 17.95 17.95 17.95 17.90 17.90 17.90 17.90 17.90 17.91 17.89 17.85 17.88 17.82 17.84 17.88 17.93 17.88 17.73 17.81 17.86 17.85 17.81 17.77 17.72 17.66 17.69 17.66 17.62 17.56 17.66 17.63 17.68 17.67 17.64
99999.90 99999.90 99999.90 99999.90 99999.90 99999.90 99999.90 99999.90 99999.90 99999.90 99999.90 99999.90 99999.90 99999.90 99999.90 99999.90 99999.90 99999.90 99999.90 99999.90 99999.90 99999.90 99999.90 99999.90 99999.90 99999.90 99999.90 99999.90 99999.90 99999.90 99999.90 99999.90 99999.90 99999.90 99999.90 99999.90 99999.90 17.71 18.05 17.95 17.95 17.95 17.92 17.92 17.92 17.92 17.92 17.92 17.92 17.92 17.92 17.87 17.84 17.81 17.72 17.79 17.81 17.81 17.81 17.82 17.75 17.90 17.82 17.89 17.76 17.76 17.79 17.63 17.67 17.77 17.71 17.73 17.84 17.84 17.83 17.76 17.64
99999.90 99999.90 99999.90 99999.90 99999.90 99999.90 99999.90 99999.90 99999.90 99999.90 99999.90 99999.90 99999.90 99999.90 99999.90 99999.90 99999.90 99999.90 99999.90 99999.90 99999.90 99999.90 99999.90 99999.90 99999.90 99999.90 99999.90 99999.90 99999.90 99999.90 99999.90 99999.90 99999.90 99999.90 99999.90 99999.90 17.69 17.71 18.05 17.95 17.86 17.86 17.86 17.86 17.86 17.86 17.86 17.86 17.86 17.86 17.86 17.86 17.83 17.84 17.81 17.83 17.42 17.60 17.69 17.75 17.72 17.70 17.55 17.68 17.74 17.75 17.72 17.72 17.57 17.55 17.61 17.67 17.80 17.82 17.89 17.77 17.65
99999.90 99999.90 99999.90 99999.90 99999.90 99999.90 99999.90 99999.90 99999.90 99999.90 99999.90 99999.90 99999.90 99999.90 99999.90 99999.90 99999.90 99999.90 99999.90 99999.90 99999.90 99999.90 99999.90 99999.90 99999.90 99999.90 99999.90 99999.90 99999.90 99999.90 99999.90 99999.90 99999.90 99999.90 99999.90 17.66 17.69 17.69 17.71 17.71 17.82 17.82 17.82 17.82 17.82 17.82 17.82 17.82 17.82 17.82 17.82 17.85 17.73 17.66 17.56 17.41 17.47 17.53 17.37 17.63 17.74 17.70 17.69 17.72 17.77 17.74 17.74 17.69 17.64 17.63 17.64 17.69 17.73 17.65 17.75 17.74 17.73
99999.90 99999.90 99999.90 99999.90 99999.90 99999.90 99999.90 99999.90 99999.90 99999.90 99999.90 99999.90 99999.90 99999.90 99999.90 99999.90 99999.90 99999.90 99999.90 99999.90 99999.90 99999.90 99999.90 99999.90 99999.90 99999.90 99999.90 99999.90 99999.90 99999.90 99999.90 99999.90 17.54 17.54 17.54 17.54 17.54 17.54 17.54 17.54 17.71 17.82 17.82 17.82 17.82 17.82 17.82 17.82 17.82 17.82 17.82 17.85 17.73 16.86 17.52 17.57 17.49 17.46 17.62 17.76 17.74 17.75 17.75 17.71 17.66 17.65 17.66 17.70 17.64 17.64 17.67 17.59 17.62 17.65 17.68 17.62 17.68
99999.90 99999.90 99999.90 99999.90 99999.90 99999.90 99999.90 99999.90 99999.90 99999.90 99999.90 99999.90 99999.90 99999.90 99999.90 99999.90 99999.90 99999.90 99999.90 99999.90 99999.90 99999.90 99999.90 99999.90 99999.90 99999.90 99999.90 99999.90 99999.90 99999.90 99999.90 17.44 17.54 17.54 17.54 17.54 17.54 17.54 17.54 17.54 17.71 17.71 17.58 17.58 17.82 17.82 17.82 17.82 17.82 17.82 17.82 17.85 17.01 17.01 17.50 17.66 17.75 17.72 17.75 17.67 17.66 17.68 17.66 17.54 17.50 17.54 17.66 17.73 17.61 17.62 17.69 17.67 17.73 17.65 17.73 17.78 17.67
99999.90 99999.90 99999.90 99999.90 99999.90 99999.90 99999.90 99999.90 99999.90 99999.90 99999.90 99999.90 99999.90 99999.90 99999.90 99999.90 99999.90 99999.90 99999.90 99999.90 99999.90 99999.90 99999.90 99999.90 99999.90 99999.90 99999.90 99999.90 99999.90 99999.90 99999.90 17.44 17.44 17.54 17.54 17.54 17.54 17.54 17.54 17.54 17.54 17.71 17.71 17.58 17.58 17.34 17.34 17.34 17.34 17.40 17.01 17.01 16.99 16.99 17.86 17.84 17.75 17.64 17.72 17.67 17.68 17.64 17.64 17.56 17.46 17.55 17.61 17.69 17.60 17.63 17.65 17.63 17.63 17.65 17.71 17.79 17.77
99999.90 99999.90 99999.90 99999.90 99999.90 99999.90 99999.90 99999.90 99999.90 99999.90 99999.90 99999.90 99999.90 99999.90 99999.90 99999.90 99999.90 99999.90 99999.90 99999.90 99999.90 99999.90 99999.90 99999.90 99999.90 99999.90 99999.90 99999.90 99999.90 99999.90 99999.90 17.44 17.44 17.44 17.54 17.54 17.54 17.54 17.54 17.54 17.54 17.69 17.71 17.71 17.58 17.58 17.34 17.34 17.34 17.34 17.40 17.01 17.01 17.77 17.79 17.79 17.59 17.64 17.50 17.59 17.62 17.59 17.57 17.66 17.61 17.64 17.63 17.55 17.58 17.60 17.62 17.61 17.69 17.67 17.69 17.76 17.71
99999.90 99999.90 99999.90 99999.90 99999.90 99999.90 99999.90 99999.90 99999.90 99999.90 99999.90 99999.90 99999.90 99999.90 99999.90 99999.90 99999.90 99999.90 99999.90 99999.90 99999.90 99999.90 99999.90 99999.90 99999.90 99999.90 99999.90 99999.90 99999.90 99999.90 17.19 17.44 17.44 17.44 17.44 17.54 17.54 17.54 17.54 17.54 17.54 17.54 17.69 17.71 17.71 17.58 17.58 17.34 17.34 17.34 17.40 17.40 17.75 17.79 17.72 17.71 17.55 17.49 17.55 17.49 17.37 17.33 17.57 17.67 17.74 17.71 17.60 17.56 17.51 17.43 17.47 17.56 17.63 17.65 17.76 17.75 17.70
99999.90 99999.90 99999.90 99999.90 99999.90 99999.90 99999.90 99999.90 99999.90 99999.90 99999.90 99999.90 99999.90 99999.90 99999.90 99999.90 99999.90 99999.90 99999.90 99999.90 99999.90 99999.90 99999.90 99999.90 99999.90 99999.90 99999.90 99999.90 17.43 17.43 17.43 17.44 17.44 17.44 17.44 17.44 17.54 17.54 17.54 17.54 17.54 17.54 17.69 17.69 17.71 17.71 17.58 17.58 17.34 17.34 17.66 17.74 17.77 17.70 17.48 17.63 17.63 17.61 17.49 17.41 17.41 17.40 17.49 17.56 17.67 17.66 17.63 17.62 17.54 17.33 17.38 17.48 17.57 17.73 17.80 17.71 17.67
99999.90 99999.90 99999.90 99999.90 99999.90 99999.90 99999.90 99999.90 99999.90 99999.90 99999.90 99999.90 99999.90 99999.90 99999.90 99999.90 99999.90 99999.90 99999.90 99999.90 99999.90 99999.90 99999.90 99999.90 99999.90 99999.90 99999.90 99999.90 17.43 17.43 17.43 17.44 17.44 17.44 17.44 17.44 17.44 17.54 17.54 17.54 17.54 17.54 17.54 17.69 17.69 17.71 17.71 17.58 17.58 17.51 17.66 17.53 17.63 17.55 17.57 17.57 17.64 17.72 17.62 17.56 17.46 17.43 17.43 17.52 17.56 17.55 17.57 17.64 17.65 17.53 17.60 17.57 17.67 17.72 17.71 17.77 17.65
99999.90 99999.90 99999.90 99999.90 99999.90 99999.90 99999.90 99999.90 99999.90 99999.90 99999.90 99999.90 99999.90 99999.90 99999.90 99999.90 99999.90 99999.90 99999.90 99999.90 99999.90 99999.90 99999.90 99999.90 99999.90 99999.90 99999.90 99999.90 17.43 17.43 17.43 17.43 17.44 17.44 17.44 17.44 17.44 17.44 17.54 17.54 17.54 17.54 17.54 17.66 17.69 17.69 17.71 17.71 17.69 17.52 17.49 17.46 17.58 17.64 17.50 17.52 17.55 17.59 17.63 17.64 17.47 17.38 17.46 17.49 17.59 17.59 17.62 17.59 17.59 17.56 17.56 17.61 17.64 17.63 17.67 17.74 17.74
99999.90 99999.90 99999.90 99999.90 99999.90 99999.90 99999.90 99999.90 99999.90 99999.90 99999.90 99999.90 99999.90 99999.90 99999.90 99999.90 99999.90 99999.90 99999.90 99999.90 99999.90 99999.90 99999.90 99999.90 99999.90 99999.90 99999.90 99999.90 17.43 17.43 17.43 17.43 17.43 17.44 17.44 17.44 17.44 17.44 17.44 17.54 17.54 17.54 17.54 17.58 17.66 17.69 17.69 17.67 17.56 17.37 17.38 17.51 17.62 17.65 17.52 17.43 17.47 17.45 17.57 17.58 17.49 17.53 17.58 17.57 17.61 17.58 17.54 17.63 17.69 17.63 17.60 17.65 17.73 17.75 17.62 17.63 17.72
99999.90 99999.90 99999.90 99999.90 99999.90 99999.90 99999.90 99999.90 99999.90 99999.90 99999.90 99999.90 99999.90 99999.90 99999.90 99999.90 99999.90 99999.90 99999.90 99999.90 99999.90 99999.90 99999.90 99999.90 99999.90 99999.90 99999.90 17.22 17.43 17.43 17.43 17.43 17.43 17.43 17.43 17.44 17.44 17.44 17.44 17.44 17.54 17.54 17.54 17.58 17.66 17.66 17.64 17.41 17.36 17.39 17.45 17.53 17.61 17.62 17.65 17.61 17.61 17.49 17.37 17.41 17.31 17.34 17.50 17.63 17.62 17.56 17.50 17.59 17.76 17.64 17.60 17.63 17.70 17.70 17.65 17.71 17.77
99999.90 99999.90 99999.90 99999.90 99999.90 99999.90 99999.90 99999.90 99999.90 99999.90 99999.90 99999.90 99999.90 99999.90 99999.90 99999.90 99999.90 99999.90 99999.90 99999.90 99999.90 99999.90 99999.90 99999.90 99999.90 99999.90 99999.90 17.22 17.43 17.43 17.43 17.43 17.43 17.43 17.43 17.43 17.44 17.44 17.44 17.44 17.44 17.54 17.54 17.58 17.64 17.66 17.61 17.56 17.53 17.42 17.45 17.52 17.54 17.57 17.54 17.61 17.61 17.54 17.43 17.45 17.46 17.41 17.47 17.54 17.55 17.59 17.60 17.65 17.61 17.61 17.70 17.69 17.75 17.74 17.70 17.69 17.64
99999.90 99999.90 99999.90 99999.90 99999.90 99999.90 99999.90 99999.90 99999.90 99999.90 99999.90 99999.90 99999.90 99999.90 99999.90 99999.90 99999.90 99999.90 99999.90 99999.90 99999.90 99999.90 99999.90 99999.90 99999.90 99999.90 17.03 17.22 17.43 17.43 17.43 17.43 17.43 17.43 17.43 17.43 17.43 17.44 17.44 17.44 17.44 17.44 17.56 17.57 17.54 17.62 17.70 17.64 17.58 17.57 17.59 17.63 17.63 17.60 17.53 17.61 17.54 17.52 17.59 17.64 17.49 17.49 17.53 17.54 17.53 17.53 17.51 17.57 17.50 17.59 17.69 17.71 17.72 17.70 17.69 17.69 17.66
99999.90 99999.90 99999.90 99999.90 99999.90 99999.90 99999.90 99999.90 99999.90 99999.90 99999.90 99999.90 99999.90 99999.90 99999.90 99999.90 99999.90 99999.90 99999.90 99999.90 99999.90 99999.90 99999.90 99999.90 99999.90 99999.90 17.03 17.22 17.43 17.43 17.43 17.43 17.43 17.43 17.43 17.43 17.43 17.43 17.19 17.46 17.46 17.46 17.53 17.47 17.54 17.67 17.65 17.66 17.69 17.67 17.66 17.66 17.61 17.49 17.46 17.58 17.55 17.50 17.48 17.51 17.51 17.42 17.46 17.41 17.44 17.51 17.49 17.57 17.54 17.57 17.59 17.64 17.67 17.64 17.66 17.64 17.62
99999.90 99999.90 99999.90 99999.90 99999.90 99999.90 99999.90 99999.90 99999.90 99999.90 99999.90 99999.90 99999.90 99999.90 99999.90 99999.90 99999.90 99999.90 99999.90 99999.90 99999.90 99999.90 99999.90 99999.90 99999.90 16.89 17.03 17.22 17.43 17.43 17.43 17.43 17.43 17.43 17.43 17.43 17.43 17.43 17.43 17.19 17.44 17.44 17.42 17.54 17.54 17.57 17.60 17.60 17.62 17.69 17.70 17.72 17.66 17.46 17.47 17.59 17.60 17.53 17.56 17.50 17.58 17.45 17.42 17.42 17.48 17.51 17.42 17.50 17.62 17.53 17.50 17.54 17.57 17.61 17.57 17.63 17.59
99999.90 99999.90 99999.90 99999.90 99999.90 99999.90 99999.90 99999.90 99999.90 99999.90 99999.90 99999.90 99999.90 99999.90 99999.90 99999.90 99999.90 99999.90 99999.90 99999.90 99999.90 99999.90 99999.90 99999.90 16.81 16.89 17.03 17.22 17.43 17.43 17.43 17.43 17.43 17.43 17.43 17.43 17.43 17.43 17.43 17.19 17.19 17.56 17.61 17.57 17.54 17.56 17.52 17.56 17.52 17.58 17.59 17.61 17.62 17.57 17.53 17.58 17.60 17.57 17.52 17.52 17.50 17.44 17.48 17.41 17.52 17.51 17.39 17.52 17.64 17.53 17.49 17.50 17.60 17.47 17.56 17.52 17.57
99999.90 99999.90 99999.90 99999.90 99999.90 99999.90 99999.90 99999.90 99999.90 99999.90 99999.90 99999.90 99999.90 99999.90 99999.90 99999.90 99999.90 99999.90 99999.90 99999.90 99999.90 99999.90 99999.90 99999.90 16.81 16.81 17.03 17.22 17.22 17.22 17.43 17.43 17.43 17.43 17.43 17.43 17.43 17.43 17.43 17.49 17.53 17.50 17.54 17.53 17.54 17.47 17.41 17.51 17.40 17.48 17.56 17.58 17.52 17.50 17.55 17.58 17.54 17.52 17.48 17.34 17.46 17.48 17.56 17.49 17.45 17.55 17.49 17.56 17.58 17.47 17.50 17.57 17.69 17.56 17.51 17.45 17.50
