BOM_solar_grid_data_201906/2019060520190605.grid
ncols 839
nrows 679
xllcenter 112.0500
yllcenter -43.9500
cellsize 0.0500
nodata_value 99999.90
[rows 34 to 67 of 679, columns 385 to 461 of 839]
19.25 19.58 19.58 19.23 19.23 18.32 18.32 18.32 17.50 17.50 14.56 15.66 15.66 15.66 15.66 15.66 15.66 15.66 15.66 15.66 15.32 15.32 15.32 15.32 15.32 15.32 14.65 16.12 15.13 15.73 17.05 16.96 17.14 16.25 16.36 16.28 15.16 15.13 15.85 15.85 15.82 16.47 17.27 17.27 15.98 15.98 14.18 14.27 14.27 15.15 15.15 15.15 15.15 15.15 13.26 13.26 13.26 13.26 13.77 13.77 13.77 13.77 14.11 14.11 13.53 13.53 13.53 13.53 13.53 13.68 13.68 13.68 13.68 13.68 13.68 12.56 12.56
19.25 19.25 19.58 19.58 19.23 19.23 18.32 18.32 18.32 17.50 15.66 15.66 15.66 15.66 15.66 15.66 15.66 15.66 15.66 15.32 15.32 15.32 15.32 15.32 15.32 15.32 16.75 16.75 16.64 15.90 16.31 17.08 17.04 16.21 15.66 16.27 14.66 15.29 15.99 16.27 15.82 16.47 17.27 17.27 15.98 15.98 14.18 14.27 14.27 14.60 14.83 14.83 14.83 14.52 13.26 13.26 13.26 13.26 13.77 13.77 13.77 13.77 14.11 14.11 13.53 13.53 13.53 13.53 13.53 13.68 13.68 13.68 13.68 13.68 12.56 12.56 12.56
19.32 19.25 19.25 19.58 19.58 19.23 19.23 18.32 18.32 18.00 18.24 15.66 15.66 15.66 15.66 15.66 15.66 15.66 15.66 15.32 15.32 15.32 15.32 15.32 15.32 16.75 16.75 16.75 16.08 15.37 15.80 16.72 16.46 16.26 15.64 16.18 15.28 16.01 16.33 16.06 16.19 16.70 16.66 17.07 16.06 16.04 14.18 14.89 14.24 14.71 15.12 15.12 14.52 14.59 13.26 13.26 13.26 13.77 13.77 13.77 13.77 14.11 14.11 14.11 13.53 13.53 13.53 13.53 13.53 13.68 13.68 13.68 13.68 13.68 12.56 12.56 12.56
19.32 19.32 19.25 19.25 19.58 19.58 19.23 18.00 18.00 18.00 18.24 17.47 17.96 18.03 16.94 16.94 16.94 16.94 16.94 16.95 15.32 15.32 15.32 14.01 14.01 14.01 14.01 15.12 15.12 14.86 15.56 16.47 15.74 16.10 16.01 15.64 16.24 16.72 15.84 16.44 16.65 16.84 16.59 15.87 16.20 16.02 15.23 15.94 14.54 14.54 14.08 14.52 14.52 14.59 13.26 13.26 13.26 13.77 13.77 13.77 14.11 14.11 14.11 13.65 13.12 13.53 13.53 13.53 13.53 13.68 13.68 13.68 13.68 12.56 12.56 12.56 12.56
19.04 19.04 19.04 19.04 19.04 19.04 19.04 18.00 18.00 18.00 18.24 17.47 17.96 18.03 18.03 16.94 16.94 16.94 16.94 16.95 13.62 13.62 13.62 14.01 14.01 14.01 14.01 14.01 14.31 13.76 14.77 16.08 16.07 16.72 16.59 16.11 16.10 15.93 15.71 16.21 17.00 16.46 15.48 15.77 16.07 15.39 15.27 15.97 15.02 14.60 14.23 14.51 14.62 14.59 14.93 13.97 12.90 13.77 13.77 13.77 14.11 14.11 14.11 13.65 13.12 12.32 13.53 13.53 13.53 13.68 13.68 13.68 12.56 12.56 12.56 12.56 12.56
19.04 19.04 19.04 19.04 19.04 19.04 19.04 18.00 18.00 18.00 18.24 17.47 17.96 18.03 18.03 16.94 16.94 16.94 16.94 16.95 13.62 13.62 13.62 13.62 13.71 13.71 13.71 13.71 13.79 12.87 13.53 15.00 16.33 16.43 16.05 15.93 16.00 15.64 15.50 15.88 16.89 16.52 15.30 15.75 15.99 15.09 15.23 16.24 15.36 14.98 14.39 14.56 14.52 14.76 14.62 13.77 14.45 13.75 13.75 14.21 14.11 14.11 13.10 13.65 13.12 11.24 12.32 13.53 13.53 13.68 13.68 13.68 12.56 12.56 12.56 12.56 12.56
19.04 19.04 19.04 19.04 19.04 19.04 18.00 18.00 18.00 18.00 18.24 17.47 17.96 18.03 18.03 16.94 16.94 16.94 16.94 16.95 16.80 13.62 13.62 13.62 13.62 13.44 13.44 13.44 12.91 12.43 13.17 14.05 15.16 15.65 15.83 15.42 16.78 15.98 15.41 15.93 16.15 16.09 15.53 15.70 15.77 15.61 15.55 16.09 15.63 15.08 14.77 15.27 14.63 14.73 15.41 15.19 15.18 14.36 14.36 14.21 14.11 14.11 13.10 13.65 13.12 11.24 12.32 12.32 12.78 13.33 13.33 12.52 12.56 12.56 12.56 12.56 12.56
19.04 19.04 19.04 19.04 19.04 18.74 18.00 18.00 18.00 18.00 18.24 17.47 17.96 18.03 18.03 17.63 16.94 16.94 16.94 16.95 16.80 15.40 13.62 13.62 13.62 14.17 13.34 13.44 12.88 12.69 13.08 14.15 14.38 14.13 14.66 14.56 15.44 16.39 15.26 16.10 15.94 16.01 15.90 15.35 14.94 15.35 15.48 15.67 15.93 15.07 15.15 15.88 14.87 14.54 15.72 16.51 15.79 14.66 14.08 14.03 14.20 13.53 13.10 13.65 13.12 11.24 11.42 11.99 13.37 12.45 12.52 12.52 12.56 12.56 12.56 11.79 11.79
19.04 19.04 19.04 19.04 18.74 18.62 18.65 18.00 18.00 18.00 18.24 17.47 17.96 18.03 18.03 17.63 16.94 16.94 16.94 16.95 16.80 15.94 15.40 13.62 13.62 14.17 13.34 13.00 12.88 13.22 13.37 13.61 14.08 13.56 14.21 13.97 14.24 14.12 14.75 15.10 15.62 14.74 15.16 14.17 14.67 15.55 15.38 16.26 15.80 14.96 14.68 16.14 15.37 14.24 14.87 15.96 15.06 15.16 14.73 14.26 14.64 14.17 13.79 14.43 13.56 11.87 11.63 12.17 13.52 12.91 11.71 11.26 12.56 11.79 11.79 11.79 11.37
18.74 18.74 18.74 18.74 18.74 18.62 18.65 18.00 18.00 18.00 18.24 17.47 17.96 18.03 18.03 17.63 17.63 16.94 16.94 16.95 16.80 15.94 15.40 15.40 14.99 15.05 13.65 12.76 13.03 13.15 13.75 13.47 13.70 13.90 13.64 13.74 14.29 14.23 13.73 14.95 15.25 14.17 14.09 14.73 15.09 15.40 15.21 16.24 15.56 14.86 14.48 16.49 16.40 15.27 15.12 14.86 14.35 15.90 15.47 15.19 15.22 14.13 13.92 15.02 13.57 11.91 11.38 12.37 13.67 12.37 12.52 10.96 12.08 11.79 11.79 11.37 12.24
18.65 18.65 18.74 18.74 18.89 18.62 18.65 18.45 18.00 18.00 18.24 17.47 17.96 18.03 18.03 17.63 17.63 16.94 16.94 16.95 16.80 15.94 15.94 16.03 16.00 14.98 14.32 13.45 13.70 13.82 13.88 14.01 13.90 13.81 13.85 13.56 14.66 14.62 13.70 14.90 14.80 14.16 13.83 13.99 14.74 15.01 15.00 16.08 15.48 14.95 14.97 16.69 16.73 16.61 15.68 14.04 14.80 15.25 15.24 15.40 15.24 13.82 14.51 15.20 13.57 12.21 12.78 12.50 12.97 12.55 12.71 11.43 11.10 11.55 11.37 11.37 12.24
18.73 18.59 18.74 18.74 18.89 18.62 18.65 18.45 18.00 18.00 18.24 17.47 17.96 18.03 18.03 17.63 17.63 17.02 17.45 17.53 16.80 15.88 15.88 16.03 16.16 15.29 14.96 14.33 14.38 14.15 14.12 14.66 14.12 14.18 14.29 13.34 13.91 13.99 13.96 14.48 14.70 14.16 14.05 14.28 14.80 15.11 15.38 16.64 15.81 14.57 14.97 15.83 16.23 16.62 15.73 13.96 14.49 14.93 14.68 14.98 14.67 13.15 14.25 14.88 13.24 13.56 13.88 13.18 13.09 12.76 12.76 11.53 10.99 11.57 11.41 11.98 12.24
19.42 18.65 18.60 18.94 18.89 18.62 18.65 18.45 18.24 18.29 18.46 17.71 17.37 17.65 17.02 17.12 16.99 17.27 17.50 17.55 16.71 16.19 16.19 15.97 15.98 15.63 15.19 15.27 14.69 14.78 14.19 14.50 14.73 14.60 14.55 13.71 13.55 14.08 14.25 14.63 14.99 14.42 14.04 14.46 13.72 14.17 14.67 15.39 15.44 15.05 15.07 15.70 16.09 15.75 15.74 15.03 15.40 15.68 14.89 14.92 14.35 12.67 13.42 14.74 14.95 14.94 15.26 13.63 13.32 12.32 12.53 12.63 11.63 10.86 11.60 11.75 11.30
19.09 18.64 18.58 18.49 18.63 18.60 18.29 17.90 18.21 18.02 18.55 18.34 17.81 17.60 17.07 17.48 17.01 17.07 17.12 16.87 17.52 17.13 16.39 15.66 15.88 14.81 15.19 14.99 15.25 14.54 14.45 14.19 14.99 14.33 14.13 14.01 13.72 13.54 14.01 14.89 14.97 14.64 15.03 14.56 13.49 13.93 13.92 14.65 15.46 15.96 16.06 15.64 15.69 15.57 15.47 15.72 15.85 15.76 15.00 14.79 14.46 12.83 14.38 15.42 15.61 16.03 15.71 14.78 14.44 13.14 12.81 13.55 12.65 11.19 11.48 11.83 10.31
18.90 18.96 18.59 18.65 18.46 18.43 18.43 18.09 17.92 17.89 18.45 18.44 18.02 17.69 17.32 17.46 17.23 17.25 16.92 16.34 17.29 17.48 17.03 16.50 15.69 15.38 15.87 15.27 14.75 14.34 14.65 14.20 15.19 14.42 13.36 12.38 12.93 12.56 13.12 14.77 14.78 15.16 15.16 15.22 14.08 13.56 13.65 14.39 14.62 15.70 15.92 15.35 15.68 15.22 15.12 15.64 16.08 15.38 14.46 14.62 14.67 14.05 15.26 15.85 15.76 16.67 16.46 15.61 14.62 13.69 13.08 13.13 12.36 13.26 12.64 12.10 11.29
18.55 18.94 18.81 18.60 18.40 17.96 18.31 18.18 18.12 17.94 18.09 18.38 18.28 18.30 17.64 17.97 17.26 17.76 16.43 16.15 17.06 17.28 16.90 16.73 15.68 15.59 15.76 15.26 15.43 14.92 14.07 14.15 14.35 14.63 12.37 12.00 12.30 12.83 12.61 13.05 14.05 14.63 14.73 14.95 13.93 13.43 13.83 14.29 14.02 14.95 15.51 15.35 15.77 15.30 14.90 15.69 15.44 14.56 14.00 13.69 14.48 14.15 15.08 15.61 15.77 16.51 16.44 16.27 14.78 14.63 13.65 13.78 12.80 14.11 12.99 12.93 11.54
18.37 18.41 18.80 18.82 18.75 18.37 18.49 18.51 18.46 18.19 17.94 18.38 18.44 18.41 18.11 18.38 18.01 17.94 16.67 16.68 17.01 17.24 16.19 16.57 16.30 16.59 15.78 15.74 16.01 15.40 14.56 14.34 14.30 13.94 13.64 13.31 12.69 12.80 12.72 12.15 12.54 14.31 14.80 14.19 13.28 13.08 13.89 14.06 14.37 14.43 14.76 14.89 15.30 15.03 14.33 14.68 14.75 14.83 14.30 12.92 13.49 13.56 14.05 15.06 15.42 15.73 15.71 15.46 14.59 14.63 14.50 14.18 12.62 13.35 13.74 12.73 11.52
17.99 18.19 18.33 18.60 18.60 18.63 18.50 18.54 18.62 18.55 18.27 18.15 18.44 18.20 18.35 18.66 18.27 18.14 17.41 17.41 17.10 17.09 16.85 16.71 16.45 16.73 15.92 17.02 16.12 16.39 15.64 14.12 13.82 13.23 14.44 14.52 13.72 12.89 12.65 12.71 12.51 14.23 14.64 14.34 13.13 13.39 14.34 13.47 13.97 13.81 14.01 14.93 14.56 14.66 13.84 13.22 14.68 14.68 13.65 13.91 12.80 13.48 13.35 14.60 14.67 15.13 15.39 15.22 14.53 14.46 14.46 14.02 13.56 13.61 13.38 12.56 11.25
18.13 18.14 18.06 18.42 18.37 18.58 18.62 18.44 18.69 18.67 18.69 18.15 18.05 18.08 17.95 18.40 18.28 18.18 17.89 18.05 17.87 17.18 17.46 16.43 16.47 16.17 16.24 17.06 16.45 16.70 16.19 15.02 14.27 13.58 14.15 14.27 14.30 13.74 13.44 13.22 12.92 13.82 14.21 14.10 13.34 13.16 13.76 13.80 13.99 14.50 14.27 14.72 14.13 14.26 13.52 12.80 14.13 13.42 13.09 13.94 13.14 12.58 13.61 14.07 14.65 13.95 14.31 14.67 14.32 14.93 14.54 14.06 13.34 13.25 13.30 11.92 11.24
18.33 18.26 17.59 18.00 18.55 18.33 18.42 18.47 18.53 18.76 18.73 18.26 18.51 17.92 17.78 18.11 18.18 17.92 18.04 17.97 18.32 17.83 17.45 16.22 16.09 15.12 16.11 16.35 16.68 17.42 16.82 15.75 14.67 14.35 14.17 13.88 14.31 13.92 13.82 13.97 13.41 13.91 13.51 13.28 13.62 13.12 13.19 12.87 13.31 14.16 13.47 14.26 13.20 13.71 13.13 12.85 14.18 14.47 13.83 13.56 13.22 12.77 13.39 13.50 14.19 14.26 14.12 13.61 13.75 14.89 15.06 14.02 12.70 13.07 13.26 12.18 11.89
18.10 18.03 17.49 17.90 18.84 18.58 18.55 18.54 18.49 18.53 18.59 18.46 18.86 18.61 18.20 18.25 18.40 18.18 17.53 17.43 17.93 17.91 17.97 16.83 15.98 14.91 15.67 15.63 16.26 16.88 17.17 16.27 15.00 14.72 14.26 14.27 13.84 14.14 14.49 14.04 13.15 13.74 13.57 13.22 13.29 13.47 13.58 12.86 13.03 13.09 14.15 13.27 12.64 13.12 13.70 12.89 13.87 14.93 14.80 14.34 13.82 13.21 13.35 13.76 13.84 13.53 13.51 13.10 13.19 14.29 14.87 13.71 12.55 12.56 12.94 12.48 12.07
17.65 18.04 17.88 18.11 18.47 18.24 18.76 18.69 18.57 18.56 18.65 18.72 18.75 18.92 18.49 18.31 18.33 18.57 17.90 17.14 17.13 17.82 17.80 17.10 16.36 15.34 15.77 15.73 15.40 16.43 17.64 16.48 15.89 15.61 15.29 14.52 14.11 13.78 14.48 14.66 13.59 13.91 13.43 13.59 13.34 13.82 14.04 13.14 13.07 13.48 14.08 13.23 12.96 13.54 13.99 12.98 13.71 14.31 14.64 14.71 13.60 13.89 14.21 13.23 13.63 12.94 13.61 13.70 12.83 13.67 14.34 13.01 11.97 12.81 12.82 12.47 12.17
17.70 17.86 17.91 17.95 18.31 18.33 18.83 18.82 18.53 18.41 18.58 18.81 18.49 18.36 18.28 18.35 18.22 18.07 18.07 17.32 17.63 17.75 17.71 17.35 16.77 15.97 16.58 16.44 15.76 15.50 16.41 16.35 16.20 15.69 15.72 15.41 14.32 13.74 14.84 15.09 13.99 14.24 13.91 14.14 13.30 13.73 14.39 13.38 13.82 13.83 14.66 14.11 12.91 14.60 14.25 13.15 12.75 13.90 14.07 15.28 14.64 14.88 14.74 13.42 13.15 12.90 14.05 14.28 13.16 13.85 13.66 12.86 11.86 12.71 12.83 12.46 12.36
18.06 17.86 17.59 17.92 18.06 18.52 18.73 18.87 18.90 18.67 18.49 18.60 18.55 18.28 18.37 18.04 18.08 18.24 18.15 17.97 17.92 17.81 17.98 17.95 17.26 16.77 16.36 16.29 16.33 15.19 15.33 16.26 16.39 16.29 15.38 15.24 14.38 14.61 16.06 15.62 15.30 14.90 14.67 14.44 13.67 13.40 13.48 13.59 13.58 13.73 14.46 13.79 13.25 14.72 13.90 12.95 13.92 13.76 14.40 14.79 15.09 15.51 14.84 14.08 13.87 12.98 13.36 13.69 12.63 12.34 12.93 12.35 11.61 12.14 12.25 12.14 12.17
18.10 17.84 17.62 17.96 17.92 18.17 18.29 18.55 18.71 18.72 18.82 18.77 18.42 18.12 17.47 17.71 18.04 17.66 18.19 18.12 18.26 17.84 18.39 17.91 17.49 17.22 16.24 16.31 16.35 15.75 14.94 15.95 15.83 16.14 15.91 15.46 14.33 15.01 15.10 15.47 15.54 15.25 14.69 15.16 14.67 13.33 13.12 13.76 13.51 13.72 13.78 13.13 13.80 15.01 13.50 13.12 14.47 14.35 14.77 15.11 15.26 15.50 14.72 14.73 14.32 13.59 13.64 13.61 12.55 11.25 12.07 11.54 11.59 11.87 11.70 11.72 11.72
18.16 17.71 17.30 17.50 17.55 17.42 17.77 18.02 18.51 18.03 18.54 18.36 18.56 18.12 17.63 17.47 17.84 17.32 17.85 18.03 17.90 18.06 18.24 18.00 17.94 17.69 16.95 16.79 15.95 15.79 15.25 15.43 14.99 15.23 15.91 15.00 14.78 14.93 14.52 15.31 15.40 15.07 15.15 15.24 14.91 13.66 13.13 13.82 14.05 14.00 13.86 12.96 13.84 14.86 13.73 13.34 13.13 14.29 15.51 15.33 14.60 14.73 14.46 14.55 14.29 14.16 14.06 13.85 12.73 11.95 11.47 10.64 11.63 11.55 11.33 11.35 11.47
17.69 17.53 17.59 17.02 17.21 17.30 17.82 18.01 17.97 17.74 18.21 18.32 18.76 18.28 17.88 17.84 17.86 17.31 17.64 18.23 17.86 18.01 17.72 17.82 17.95 17.60 17.46 17.17 16.25 15.59 15.17 15.46 15.09 14.89 15.18 15.09 14.81 14.49 14.59 14.52 15.15 14.70 14.79 14.92 14.52 13.03 13.93 14.01 14.27 13.90 13.46 12.51 13.60 14.34 14.00 13.02 12.60 14.18 15.17 15.64 15.02 15.00 14.29 13.39 14.37 14.00 13.81 13.45 12.75 12.58 12.25 11.24 11.50 11.93 11.75 11.09 11.50
17.95 17.66 17.70 17.21 17.05 17.27 17.47 17.68 17.51 17.36 18.03 18.58 18.62 18.64 18.44 18.02 17.78 17.38 18.02 18.20 17.48 17.86 17.78 18.00 18.12 17.73 17.57 17.60 16.98 16.10 15.87 16.22 15.30 15.06 14.97 14.93 14.50 14.04 14.40 14.46 15.15 14.47 14.29 14.51 14.30 13.25 13.91 14.17 13.71 13.41 12.97 12.49 13.60 13.31 14.33 13.74 12.70 14.16 15.03 15.66 15.65 15.35 14.15 13.55 13.98 13.87 13.35 12.81 12.31 12.33 12.56 11.72 11.70 12.56 12.31 11.01 11.42
18.05 18.03 18.05 17.63 16.83 16.74 17.28 17.41 17.31 17.74 17.98 18.36 18.33 18.51 19.03 17.73 17.80 18.12 18.41 18.10 17.99 17.70 17.45 17.92 18.12 17.62 17.72 17.97 17.17 16.22 16.68 17.01 16.09 15.30 15.42 15.29 14.72 13.25 13.18 14.12 15.26 14.91 14.42 14.40 13.97 14.08 14.24 13.71 12.91 13.34 12.41 12.52 13.48 13.31 14.44 13.98 13.05 14.64 15.06 15.39 15.94 15.18 13.91 14.11 13.93 13.18 12.54 12.61 12.63 12.55 12.11 12.54 11.83 12.62 12.43 11.41 11.33
16.80 17.62 18.41 18.02 16.91 17.14 17.28 17.50 16.83 17.07 17.41 17.95 18.09 18.55 18.71 18.19 17.97 18.19 18.29 17.91 17.69 18.11 17.26 17.55 17.55 17.74 17.62 17.57 17.21 16.54 16.78 16.61 16.41 15.77 15.67 15.56 15.34 14.24 13.53 14.13 13.91 14.37 14.89 14.00 14.10 14.80 14.14 13.59 13.68 12.65 12.86 12.26 12.18 12.69 12.82 12.71 13.51 14.08 15.27 15.39 15.24 14.55 13.72 13.60 13.58 13.52 12.48 12.84 12.79 13.10 12.21 12.98 11.55 12.16 11.20 11.63 11.05
14.96 15.61 17.41 18.02 17.14 16.90 17.07 17.43 17.17 16.68 17.03 17.54 17.70 17.97 18.20 17.86 18.09 18.30 17.85 17.73 17.67 17.85 17.70 17.22 16.83 17.27 17.63 17.38 17.03 17.16 17.05 16.82 16.09 16.10 15.68 15.91 14.71 15.08 14.07 14.21 14.32 13.79 13.67 13.95 14.06 14.50 14.47 13.63 13.45 12.90 13.47 12.47 12.16 12.36 12.84 12.48 12.70 13.31 14.53 14.32 14.15 14.81 14.36 13.88 13.97 13.71 13.24 12.79 12.74 12.79 12.50 13.40 11.88 11.90 11.76 11.31 11.53
15.45 15.48 16.50 16.79 16.97 17.45 17.70 17.74 17.29 16.68 17.07 17.55 16.96 17.35 17.42 17.42 18.02 17.92 17.64 17.30 17.44 17.28 17.74 17.48 17.23 16.51 16.82 17.07 16.66 17.21 17.20 17.30 16.26 15.91 15.90 15.56 14.23 14.59 14.18 14.18 14.79 14.29 12.88 12.87 13.62 14.00 14.23 13.51 13.14 13.04 13.77 12.40 12.97 12.64 12.92 12.82 12.92 12.75 12.89 13.41 13.80 13.81 14.07 14.39 14.19 13.65 12.55 12.85 12.88 12.59 13.06 13.32 12.43 12.93 12.29 11.55 12.06
15.51 15.63 16.13 16.04 16.42 16.35 17.38 18.18 17.71 17.15 17.06 17.21 16.91 16.41 16.15 17.02 17.95 17.98 17.51 17.51 17.34 16.92 17.41 17.58 17.64 16.59 15.99 16.04 16.40 16.93 17.22 16.72 16.56 16.01 15.67 15.01 14.23 13.90 14.02 14.06 14.71 14.35 13.25 12.69 13.72 13.17 13.30 13.12 12.90 12.93 13.53 13.30 13.58 12.68 13.11 13.00 12.67 12.52 12.93 13.51 12.91 12.80 13.19 14.14 14.03 13.63 12.41 12.29 12.79 12.58 12.72 13.20 12.73 13.15 12.99 12.69 12.86
15.66 16.05 16.06 16.37 15.23 16.01 16.90 17.73 17.85 17.29 16.97 16.70 16.26 16.02 16.00 16.88 17.52 18.21 17.78 17.39 17.40 16.68 17.05 17.47 17.82 17.06 16.38 16.26 16.28 16.28 16.70 15.97 16.44 16.39 15.44 14.73 14.02 13.34 14.12 14.41 13.84 14.89 14.54 13.45 13.57 13.24 13.19 12.86 12.50 12.88 13.32 13.71 13.18 12.89 12.58 12.89 13.36 13.16 13.25 12.34 12.14 12.35 12.43 13.42 13.18 13.34 12.81 12.31 13.12 12.72 12.85 12.99 12.81 13.19 13.04 12.88 12.38
