BOM_solar_grid_data_201906/2019060920190609.grid
ncols 839
nrows 679
xllcenter 112.0500
yllcenter -43.9500
cellsize 0.0500
nodata_value 99999.90
[rows 210 to 244 of 679, columns 77 to 153 of 839]
16.82 16.82 16.82 16.82 16.82 16.82 16.82 16.95 16.95 16.95 16.98 16.98 16.96 16.96 16.95 16.95 16.95 16.95 16.95 16.95 16.66 16.73 16.73 16.73 16.73 16.73 17.01 17.01 16.98 16.98 16.96 16.98 16.94 16.94 16.94 16.84 16.93 16.93 16.93 16.95 17.00 17.00 16.98 16.95 16.90 16.86 16.79 16.81 16.81 16.89 16.94 16.89 16.81 16.68 16.44 16.25 16.23 16.29 16.27 16.62 15.61 16.29 16.53 15.85 15.35 15.07 15.18 15.71 15.26 15.00 14.41 14.06 13.13 12.64 13.26 13.83 13.29
16.82 16.82 16.82 16.82 16.82 16.82 16.82 16.95 16.95 16.95 16.98 16.98 16.98 16.96 16.96 16.95 16.95 16.95 16.95 16.95 16.66 16.66 16.73 16.73 16.73 17.01 17.01 17.01 16.98 16.98 16.96 16.98 16.94 16.94 16.94 16.84 16.95 16.93 16.93 16.95 16.95 16.88 16.99 17.01 17.04 16.90 16.92 16.88 16.83 16.85 16.93 16.93 16.79 16.69 16.64 16.33 16.25 16.45 16.51 16.49 15.72 15.87 16.18 16.15 15.75 15.27 15.13 15.55 15.34 15.25 15.13 14.31 13.60 12.89 13.29 13.96 13.48
16.82 16.82 16.82 16.82 16.82 16.82 16.82 16.95 16.95 16.95 16.95 16.98 16.98 16.94 16.96 16.96 16.95 16.95 16.95 16.95 16.66 16.66 16.73 16.73 16.73 17.01 17.01 17.03 16.98 16.98 16.96 16.98 17.02 16.94 16.94 16.84 16.95 16.93 16.93 17.01 16.92 16.94 17.01 17.05 17.04 17.03 16.89 16.83 16.88 16.86 16.91 16.97 16.83 16.69 16.65 16.63 16.49 16.54 16.65 16.51 16.04 15.59 16.12 16.24 15.98 15.65 14.85 15.15 15.55 15.35 15.42 14.74 14.22 13.41 12.96 13.64 13.76
16.82 16.82 16.82 16.82 16.82 16.82 16.82 16.95 16.95 16.95 16.95 16.98 16.98 16.98 16.94 16.96 16.96 17.05 17.05 16.90 16.66 16.66 16.90 16.83 16.92 17.01 17.01 17.03 16.98 16.98 16.96 16.98 17.02 16.94 16.94 16.84 16.95 17.00 16.99 17.06 16.95 16.99 16.99 17.04 17.00 16.98 17.00 16.89 16.93 16.85 16.91 16.96 17.01 16.85 16.78 16.70 16.61 16.56 16.52 16.47 16.35 16.11 15.66 16.21 16.54 16.06 15.21 14.97 15.24 14.81 14.86 14.85 14.13 13.89 13.92 13.81 13.54
16.82 16.82 16.82 16.82 16.82 16.82 16.82 16.95 16.95 16.95 16.95 16.97 16.98 16.98 16.94 16.94 16.76 16.91 16.99 16.90 16.93 16.99 16.82 16.81 16.89 16.99 17.03 17.03 16.98 16.98 16.96 16.98 17.02 17.02 17.01 17.03 16.98 16.65 16.87 16.92 16.95 16.98 16.97 16.97 16.99 16.99 16.97 16.97 16.95 16.87 16.89 16.92 16.96 16.88 16.82 16.76 16.71 16.79 16.53 16.35 16.63 16.49 16.09 16.05 16.14 15.86 15.30 14.68 15.40 14.90 14.73 14.86 14.38 14.03 14.12 13.76 13.47
16.86 16.82 16.82 16.82 16.82 16.82 16.82 16.95 16.94 16.95 16.95 16.97 16.98 16.98 17.00 17.01 17.02 16.92 16.93 16.92 16.85 16.69 16.73 16.73 16.70 16.80 16.95 16.72 16.99 17.00 17.02 17.02 16.94 16.86 16.93 16.80 16.74 16.58 16.77 16.95 16.95 16.94 16.95 16.95 16.96 16.97 16.99 16.99 16.97 16.92 16.90 16.91 16.85 16.83 16.71 16.70 16.77 16.87 16.75 16.31 16.49 16.34 16.14 16.13 16.20 15.77 15.14 15.09 15.15 15.07 14.55 14.54 14.63 14.07 13.92 13.93 13.45
16.86 16.86 16.82 16.82 16.82 16.82 16.82 16.95 16.94 16.95 16.95 16.97 16.99 16.94 16.95 16.94 16.95 16.95 16.92 16.83 16.70 16.72 16.76 16.70 16.78 16.82 16.81 16.66 16.52 16.88 16.86 16.69 16.54 16.41 16.77 16.56 16.83 16.85 16.89 16.94 16.89 16.88 16.96 16.93 16.92 16.95 16.95 16.97 16.95 16.97 16.94 16.93 16.88 16.91 16.80 16.79 16.68 16.87 16.77 16.63 16.56 16.56 16.12 15.96 15.78 15.98 15.16 15.13 14.82 14.64 14.22 14.41 14.88 14.40 13.98 13.67 13.85
16.84 16.86 16.86 16.82 16.82 16.82 16.82 16.95 16.94 16.98 16.97 16.93 16.98 16.99 16.96 16.94 16.99 17.01 16.95 16.86 16.73 16.77 16.76 16.76 16.77 16.67 16.77 16.62 16.66 16.76 16.53 16.64 16.62 16.55 16.83 16.63 16.66 16.86 16.87 16.94 16.83 16.88 16.92 16.90 16.92 16.94 16.94 16.91 16.93 16.95 16.94 16.91 16.90 16.92 16.81 16.82 16.74 16.83 16.80 16.93 16.87 16.64 16.35 15.55 15.34 15.97 15.67 15.03 15.05 14.58 14.37 14.18 14.53 14.27 14.29 14.15 13.70
16.84 16.86 16.86 16.86 16.82 16.87 16.87 16.92 16.97 16.94 16.86 16.89 16.89 16.94 16.93 16.93 16.94 16.96 16.94 16.81 16.72 16.76 16.69 16.66 16.73 16.75 16.72 16.71 16.75 16.74 16.72 16.77 16.84 16.89 16.88 16.76 16.84 16.92 16.91 16.90 16.90 16.92 16.92 16.90 16.93 16.91 16.92 16.91 16.90 16.91 16.88 16.89 16.91 16.89 16.80 16.83 16.76 16.75 16.80 16.81 16.69 16.19 16.53 15.67 15.19 15.64 15.98 15.77 15.43 14.87 14.39 14.24 14.10 14.20 14.18 13.93 13.85
16.84 16.84 16.86 16.86 16.82 16.82 16.89 16.91 16.94 16.84 16.79 16.82 16.81 16.84 16.85 16.84 16.87 16.86 16.87 16.87 16.73 16.73 16.71 16.73 16.77 16.70 16.61 16.59 16.73 16.75 16.78 16.78 16.81 16.83 16.89 16.86 16.88 16.91 16.92 16.90 16.89 16.91 16.93 16.92 16.92 16.91 16.92 16.92 16.91 16.93 16.90 16.89 16.88 16.83 16.87 16.88 16.80 16.64 16.65 16.73 16.78 16.43 16.25 15.79 15.38 15.83 15.63 15.87 15.55 15.15 14.62 14.29 14.26 13.97 14.04 13.93 13.90
16.84 16.84 16.86 16.86 16.87 16.88 16.88 16.87 16.86 16.79 16.72 16.80 16.80 16.82 16.86 16.86 16.86 16.82 16.77 16.78 16.79 16.79 16.72 16.73 16.77 16.62 16.40 16.61 16.67 16.74 16.77 16.75 16.76 16.82 16.83 16.86 16.86 16.88 16.88 16.87 16.91 16.91 16.90 16.90 16.89 16.89 16.87 16.85 16.85 16.88 16.87 16.89 16.84 16.80 16.80 16.85 16.85 16.83 16.61 16.54 16.87 16.81 16.37 15.81 15.44 15.83 15.59 15.39 15.65 15.13 14.98 14.62 14.40 14.17 14.11 13.87 13.80
16.84 16.84 16.87 16.87 16.84 16.86 16.84 16.85 16.83 16.74 16.67 16.76 16.77 16.81 16.83 16.82 16.82 16.77 16.76 16.76 16.79 16.82 16.72 16.74 16.77 16.74 16.70 16.78 16.75 16.74 16.70 16.76 16.77 16.83 16.84 16.85 16.84 16.82 16.86 16.87 16.88 16.89 16.88 16.87 16.86 16.85 16.87 16.85 16.86 16.85 16.90 16.88 16.86 16.80 16.73 16.81 16.80 16.83 16.60 16.21 16.73 16.73 16.48 16.10 15.79 15.74 15.93 15.35 15.27 14.65 15.06 14.75 14.50 14.18 14.33 14.17 13.91
16.78 16.82 16.83 16.84 16.83 16.85 16.79 16.79 16.74 16.64 16.62 16.73 16.73 16.81 16.80 16.78 16.75 16.70 16.72 16.77 16.81 16.81 16.75 16.69 16.68 16.72 16.75 16.76 16.72 16.72 16.69 16.70 16.81 16.81 16.79 16.80 16.79 16.80 16.83 16.88 16.89 16.90 16.88 16.91 16.84 16.82 16.82 16.82 16.82 16.83 16.83 16.82 16.83 16.88 16.79 16.70 16.79 16.82 16.71 16.50 16.61 16.60 16.68 16.56 16.14 15.95 16.20 15.65 15.24 14.47 15.14 15.12 14.66 14.36 14.25 14.67 14.22
16.83 16.81 16.82 16.82 16.82 16.83 16.79 16.76 16.65 16.60 16.62 16.62 16.73 16.78 16.77 16.75 16.69 16.72 16.72 16.79 16.77 16.79 16.79 16.69 16.61 16.71 16.68 16.67 16.69 16.70 16.68 16.63 16.70 16.75 16.74 16.75 16.77 16.78 16.80 16.84 16.87 16.87 16.87 16.85 16.80 16.80 16.82 16.81 16.79 16.81 16.80 16.77 16.79 16.84 16.83 16.79 16.77 16.78 16.67 16.62 16.65 16.57 16.68 16.59 16.46 16.34 16.30 16.23 15.72 14.51 14.99 15.18 15.12 14.42 13.95 14.21 14.10
16.84 16.81 16.81 16.82 16.80 16.76 16.75 16.73 16.67 16.67 16.63 16.63 16.69 16.74 16.75 16.75 16.72 16.69 16.73 16.72 16.74 16.68 16.66 16.62 16.62 16.59 16.67 16.64 16.66 16.71 16.72 16.61 16.63 16.72 16.72 16.72 16.73 16.72 16.76 16.77 16.84 16.87 16.86 16.81 16.79 16.80 16.80 16.80 16.82 16.81 16.77 16.79 16.78 16.85 16.84 16.78 16.76 16.77 16.73 16.66 16.73 16.62 16.45 16.54 16.37 16.21 16.08 16.09 16.03 14.79 14.64 15.44 15.38 14.91 14.21 14.29 13.93
16.79 16.78 16.78 16.77 16.76 16.74 16.70 16.72 16.68 16.65 16.58 16.68 16.73 16.74 16.73 16.71 16.68 16.67 16.70 16.70 16.65 16.61 16.54 16.57 16.55 16.50 16.58 16.62 16.67 16.63 16.64 16.65 16.66 16.64 16.65 16.65 16.68 16.69 16.72 16.73 16.78 16.82 16.77 16.76 16.78 16.76 16.77 16.83 16.79 16.79 16.79 16.82 16.76 16.80 16.80 16.77 16.77 16.76 16.76 16.74 16.70 16.67 16.63 16.43 16.42 16.28 16.04 15.92 16.19 15.14 14.59 15.08 15.43 14.77 14.45 14.57 14.11
16.76 16.75 16.75 16.73 16.74 16.73 16.71 16.71 16.70 16.63 16.61 16.68 16.73 16.71 16.70 16.65 16.63 16.63 16.66 16.65 16.53 16.53 16.55 16.54 16.51 16.47 16.65 16.59 16.56 16.63 16.61 16.53 16.60 16.60 16.61 16.65 16.64 16.65 16.68 16.69 16.73 16.73 16.72 16.73 16.74 16.75 16.78 16.79 16.77 16.80 16.78 16.78 16.76 16.74 16.72 16.70 16.74 16.74 16.74 16.74 16.72 16.72 16.58 16.44 16.46 16.45 16.34 16.02 15.95 15.19 14.72 14.93 15.19 14.91 14.58 14.64 14.31
16.74 16.73 16.72 16.70 16.70 16.71 16.68 16.67 16.65 16.62 16.67 16.70 16.68 16.68 16.68 16.67 16.66 16.67 16.61 16.54 16.57 16.63 16.63 16.59 16.52 16.48 16.58 16.49 16.55 16.53 16.55 16.46 16.47 16.52 16.62 16.59 16.55 16.62 16.65 16.66 16.68 16.68 16.70 16.71 16.71 16.74 16.74 16.76 16.72 16.74 16.75 16.71 16.70 16.73 16.72 16.71 16.72 16.71 16.75 16.72 16.72 16.72 16.66 16.44 16.53 16.48 16.26 16.31 15.71 15.10 14.93 15.62 15.18 14.93 14.61 14.97 14.60
16.68 16.71 16.69 16.69 16.69 16.69 16.66 16.64 16.63 16.60 16.63 16.66 16.65 16.65 16.65 16.64 16.66 16.67 16.64 16.56 16.57 16.62 16.64 16.63 16.44 16.54 16.55 16.45 16.46 16.44 16.52 16.46 16.49 16.46 16.48 16.48 16.54 16.61 16.60 16.65 16.63 16.66 16.68 16.69 16.70 16.71 16.71 16.74 16.75 16.75 16.74 16.73 16.70 16.73 16.72 16.72 16.72 16.66 16.74 16.72 16.74 16.72 16.70 16.53 16.35 16.49 16.32 16.18 16.12 15.39 15.30 15.90 15.50 15.09 14.70 14.88 14.56
16.65 16.67 16.67 16.68 16.68 16.66 16.65 16.64 16.63 16.58 16.64 16.63 16.62 16.61 16.62 16.56 16.62 16.64 16.65 16.62 16.63 16.62 16.64 16.61 16.54 16.58 16.60 16.56 16.52 16.51 16.52 16.42 16.34 16.47 16.54 16.44 16.48 16.51 16.54 16.57 16.60 16.65 16.63 16.66 16.68 16.68 16.68 16.72 16.73 16.72 16.71 16.71 16.68 16.71 16.73 16.75 16.75 16.71 16.65 16.63 16.72 16.73 16.72 16.64 16.36 16.40 16.34 16.17 15.69 15.17 15.22 15.78 15.32 15.67 15.12 14.78 14.70
16.65 16.65 16.62 16.63 16.64 16.63 16.64 16.64 16.59 16.49 16.60 16.59 16.58 16.57 16.54 16.50 16.56 16.57 16.61 16.62 16.63 16.64 16.63 16.62 16.64 16.65 16.60 16.58 16.58 16.58 16.60 16.49 16.37 16.40 16.50 16.42 16.41 16.42 16.45 16.50 16.56 16.58 16.60 16.61 16.63 16.65 16.66 16.70 16.71 16.70 16.70 16.69 16.66 16.71 16.70 16.74 16.73 16.70 16.65 16.60 16.59 16.72 16.67 16.67 16.53 16.13 16.39 16.07 15.96 15.92 16.09 15.76 15.60 15.74 15.53 14.98 14.60
16.63 16.64 16.61 16.60 16.62 16.61 16.61 16.61 16.52 16.41 16.46 16.39 16.45 16.46 16.53 16.58 16.60 16.55 16.59 16.59 16.61 16.66 16.63 16.62 16.62 16.63 16.61 16.59 16.55 16.57 16.54 16.54 16.54 16.47 16.41 16.39 16.33 16.37 16.40 16.43 16.44 16.46 16.54 16.62 16.62 16.62 16.64 16.63 16.66 16.67 16.68 16.64 16.63 16.64 16.64 16.66 16.69 16.70 16.69 16.64 16.54 16.60 16.55 16.60 16.52 16.45 16.25 16.10 15.82 15.90 16.27 15.98 15.89 15.62 15.72 15.24 14.58
16.60 16.60 16.61 16.60 16.57 16.58 16.59 16.59 16.53 16.42 16.28 16.26 16.27 16.42 16.42 16.53 16.55 16.52 16.51 16.56 16.64 16.65 16.60 16.59 16.61 16.60 16.63 16.60 16.54 16.55 16.54 16.53 16.52 16.51 16.44 16.34 16.29 16.30 16.44 16.48 16.52 16.53 16.55 16.61 16.60 16.61 16.61 16.60 16.63 16.62 16.57 16.57 16.58 16.59 16.64 16.64 16.66 16.63 16.64 16.63 16.57 16.52 16.67 16.57 16.48 16.40 16.20 16.04 15.99 15.93 16.29 16.12 16.33 15.65 15.60 15.39 14.98
16.59 16.57 16.58 16.59 16.56 16.58 16.58 16.57 16.49 16.52 16.46 16.36 16.38 16.41 16.43 16.47 16.48 16.43 16.57 16.59 16.58 16.55 16.53 16.53 16.56 16.53 16.57 16.59 16.58 16.56 16.55 16.55 16.52 16.49 16.45 16.40 16.34 16.34 16.40 16.36 16.40 16.50 16.48 16.53 16.58 16.58 16.58 16.58 16.55 16.53 16.54 16.55 16.55 16.58 16.58 16.60 16.63 16.62 16.62 16.62 16.64 16.67 16.64 16.61 16.55 16.42 16.27 15.95 15.82 15.79 15.96 15.77 16.29 16.10 15.67 15.15 14.97
16.58 16.55 16.51 16.52 16.50 16.52 16.50 16.49 16.56 16.53 16.47 16.50 16.39 16.49 16.44 16.45 16.50 16.50 16.47 16.46 16.42 16.41 16.44 16.50 16.45 16.46 16.49 16.54 16.57 16.58 16.55 16.51 16.52 16.49 16.49 16.46 16.42 16.49 16.42 16.38 16.40 16.48 16.49 16.48 16.52 16.56 16.56 16.55 16.53 16.54 16.54 16.54 16.54 16.53 16.57 16.58 16.58 16.60 16.59 16.60 16.55 16.60 16.62 16.54 16.60 16.31 16.11 15.80 15.94 16.09 16.15 15.53 15.81 15.97 15.76 15.23 14.73
16.57 16.48 16.44 16.48 16.50 16.48 16.49 16.50 16.50 16.50 16.48 16.49 16.38 16.44 16.44 16.35 16.46 16.49 16.46 16.35 16.24 16.38 16.39 16.32 16.44 16.46 16.45 16.46 16.50 16.48 16.47 16.50 16.51 16.49 16.47 16.45 16.45 16.47 16.43 16.46 16.43 16.43 16.45 16.39 16.26 16.43 16.49 16.53 16.54 16.52 16.53 16.53 16.52 16.52 16.55 16.57 16.52 16.55 16.58 16.58 16.53 16.55 16.59 16.55 16.53 16.48 16.13 15.56 15.84 16.02 16.29 15.95 15.91 16.26 16.04 15.50 15.15
16.49 16.49 16.46 16.46 16.46 16.45 16.41 16.48 16.49 16.49 16.51 16.49 16.48 16.38 16.31 16.42 16.32 16.45 16.41 16.36 16.35 16.32 16.29 16.43 16.40 16.27 16.39 16.46 16.48 16.44 16.40 16.45 16.42 16.47 16.48 16.45 16.43 16.30 16.45 16.51 16.47 16.46 16.45 16.43 16.41 16.37 16.43 16.50 16.50 16.50 16.49 16.47 16.51 16.51 16.53 16.55 16.48 16.46 16.54 16.57 16.56 16.55 16.51 16.54 16.44 16.52 16.08 15.76 15.68 15.79 16.08 16.15 15.86 16.10 16.18 15.78 15.61
16.43 16.47 16.43 16.41 16.40 16.42 16.41 16.47 16.49 16.49 16.46 16.43 16.44 16.33 16.32 16.23 16.41 16.36 16.39 16.37 16.38 16.29 16.41 16.42 16.29 16.23 16.38 16.34 16.27 16.36 16.33 16.38 16.44 16.45 16.45 16.46 16.46 16.42 16.43 16.44 16.44 16.46 16.45 16.46 16.47 16.44 16.44 16.45 16.47 16.47 16.41 16.42 16.48 16.49 16.46 16.51 16.50 16.45 16.47 16.53 16.49 16.57 16.52 16.48 16.48 16.42 16.15 15.93 15.97 15.81 15.82 16.17 15.64 15.96 16.30 15.94 15.66
16.43 16.44 16.43 16.40 16.36 16.36 16.33 16.35 16.43 16.43 16.43 16.34 16.32 16.30 16.17 16.34 16.20 16.28 16.09 16.28 16.24 16.25 16.40 16.38 16.33 16.31 16.30 16.23 16.23 16.22 16.21 16.30 16.35 16.41 16.40 16.45 16.43 16.42 16.41 16.38 16.40 16.43 16.43 16.36 16.40 16.44 16.45 16.46 16.45 16.44 16.40 16.37 16.41 16.47 16.47 16.48 16.48 16.44 16.44 16.49 16.49 16.52 16.51 16.47 16.47 16.37 16.20 16.28 15.98 15.85 15.80 15.90 15.58 15.85 16.13 15.95 15.82
16.43 16.38 16.40 16.34 16.32 16.32 16.31 16.33 16.36 16.33 16.34 16.37 16.28 16.16 16.09 16.10 16.13 16.02 16.16 16.05 16.08 16.17 16.28 16.35 16.32 16.36 16.27 16.26 16.15 16.16 16.23 16.28 16.30 16.33 16.39 16.44 16.42 16.39 16.36 16.35 16.38 16.39 16.39 16.42 16.41 16.44 16.45 16.45 16.45 16.44 16.44 16.43 16.42 16.41 16.44 16.45 16.44 16.32 16.39 16.40 16.43 16.47 16.44 16.34 16.41 16.38 16.26 16.38 16.11 15.84 15.77 15.55 15.62 15.83 15.81 16.09 16.01
16.46 16.48 16.34 16.30 16.28 16.26 16.19 16.21 16.21 16.27 16.28 16.36 16.34 16.03 15.93 15.85 15.92 16.11 15.91 15.99 15.98 16.15 16.24 16.18 16.35 16.23 16.27 16.26 16.16 16.14 16.24 16.26 16.20 16.25 16.35 16.35 16.35 16.19 16.10 16.16 16.31 16.39 16.38 16.41 16.40 16.42 16.42 16.41 16.41 16.41 16.41 16.42 16.42 16.41 16.37 16.34 16.39 16.36 16.40 16.34 16.36 16.40 16.39 16.27 16.21 16.33 16.35 16.42 16.19 15.90 15.88 15.52 15.58 15.69 15.75 15.76 16.04
16.41 16.46 16.46 16.34 16.28 16.23 16.22 16.13 16.14 16.19 16.23 16.25 16.26 16.29 15.98 15.96 15.75 15.99 16.06 16.17 16.11 16.12 16.06 16.15 16.03 16.22 16.04 16.21 16.11 16.28 16.26 16.17 16.29 16.24 16.26 16.23 16.00 15.63 15.68 15.91 16.16 16.31 16.30 16.40 16.38 16.38 16.38 16.38 16.39 16.40 16.39 16.40 16.37 16.35 16.35 16.36 16.36 16.34 16.37 16.35 16.33 16.36 16.38 16.35 16.26 16.18 16.23 16.33 16.35 15.93 15.95 15.49 15.47 15.57 15.55 15.61 15.83
16.43 16.36 16.44 16.42 16.34 16.25 16.22 16.09 16.09 16.12 16.10 16.10 16.20 16.13 16.00 16.04 15.95 15.71 15.83 15.98 15.77 15.92 15.67 15.98 15.79 15.77 15.73 15.90 15.99 15.99 16.09 16.19 16.09 16.14 16.24 16.17 16.04 15.70 15.58 15.55 15.68 15.95 16.10 16.25 16.36 16.35 16.36 16.36 16.37 16.37 16.38 16.39 16.37 16.35 16.35 16.32 16.30 16.31 16.32 16.35 16.37 16.38 16.38 16.39 16.27 16.22 16.07 16.14 16.33 15.97 16.07 15.74 15.32 15.46 15.48 15.69 15.84
16.40 16.41 16.35 16.39 16.36 16.29 16.23 16.14 16.07 16.05 15.98 15.88 16.18 16.19 15.97 16.02 15.92 15.98 15.63 15.70 15.82 15.44 15.46 15.24 15.53 15.38 15.42 15.22 15.30 15.90 15.87 15.95 15.96 15.73 15.97 15.83 15.53 15.05 16.00 15.97 15.51 15.80 16.04 16.24 16.33 16.33 16.32 16.33 16.34 16.33 16.33 16.35 16.36 16.35 16.35 16.34 16.34 16.31 16.29 16.29 16.31 16.31 16.33 16.32 16.32 16.27 16.23 16.18 16.28 16.28 15.90 16.03 15.45 15.50 15.66 15.66 15.72
16.38 16.40 16.37 16.35 16.34 16.29 16.27 16.28 16.23 16.06 16.02 15.80 15.94 16.18 16.19 16.07 15.89 15.89 15.77 15.62 15.55 15.48 15.16 14.96 14.81 14.91 14.85 14.87 15.22 14.95 15.27 15.35 15.89 15.57 15.09 15.42 15.29 15.04 15.56 15.63 15.85 15.68 16.12 16.27 16.28 16.28 16.29 16.30 16.31 16.31 16.31 16.31 16.33 16.32 16.32 16.32 16.31 16.32 16.31 16.31 16.30 16.31 16.30 16.30 16.31 16.22 16.23 16.21 16.16 16.28 16.25 15.62 15.61 15.51 15.62 15.61 15.84
