BOM_solar_grid_data_201906/2019060120190601.grid
ncols 839
nrows 679
xllcenter 112.0500
yllcenter -43.9500
cellsize 0.0500
nodata_value 99999.90
[rows 442 to 475 of 679, columns 616 to 692 of 839]
5.42 5.46 5.39 5.76 5.83 5.80 6.22 6.17 6.18 5.79 5.97 5.91 6.11 5.88 6.03 5.69 5.61 6.07 6.15 5.78 5.85 5.75 6.06 5.93 5.88 6.22 6.67 6.21 6.49 6.46 6.24 6.27 6.16 6.26 6.12 5.90 6.05 6.26 6.40 6.60 6.99 7.00 7.18 7.78 7.72 8.10 8.36 8.55 8.94 9.21 9.42 10.82 10.72 10.91 11.07 10.76 10.41 10.93 10.05 10.39 10.57 10.38 10.86 11.14 10.91 11.64 11.57 11.86 11.32 11.22 11.21 11.31 11.09 11.11 11.06 11.49 11.34
5.40 5.57 5.55 5.58 5.72 5.79 5.84 6.21 6.06 5.63 5.70 5.85 6.01 6.06 5.81 5.46 5.95 5.81 5.83 5.96 6.28 6.09 6.22 5.97 6.36 6.14 5.95 6.92 6.51 6.74 6.55 6.45 6.11 6.32 6.31 6.08 6.37 6.22 6.59 6.74 6.67 7.16 7.24 7.13 7.76 8.63 8.11 8.22 8.83 9.83 10.33 10.28 10.70 10.92 10.69 10.60 9.91 10.53 10.16 10.56 10.36 10.66 10.79 11.06 11.11 11.32 11.86 11.86 11.52 11.06 11.29 11.46 11.51 11.09 11.46 11.42 11.42
5.36 5.50 5.50 5.61 5.71 5.58 5.64 5.90 5.97 5.78 5.86 5.95 5.63 6.19 5.87 5.86 5.81 5.65 5.90 5.61 5.64 6.14 6.66 6.29 6.31 6.63 6.34 6.54 6.56 6.45 6.00 6.44 6.48 6.73 6.30 6.45 6.34 6.20 6.73 6.76 6.96 7.21 7.46 7.44 8.44 7.88 7.43 8.15 8.56 9.24 9.51 9.83 11.15 10.96 10.85 10.15 10.12 10.88 10.40 10.26 10.37 10.69 10.80 11.16 11.47 11.05 11.56 11.83 11.92 11.21 11.20 11.31 11.37 11.46 11.32 11.52 11.75
5.37 5.55 5.66 5.71 5.67 5.80 5.84 6.06 6.00 5.90 5.95 5.90 5.94 6.48 6.11 5.87 5.71 5.78 5.92 5.85 6.04 6.00 6.14 6.13 6.52 6.50 6.58 7.11 6.66 6.31 6.47 6.45 6.10 6.50 6.46 6.51 6.66 6.67 6.71 6.70 7.06 7.64 6.93 7.35 8.22 7.57 8.31 8.62 8.97 9.24 9.40 10.45 10.79 10.86 10.28 9.91 10.30 10.25 10.56 10.49 10.74 10.69 11.15 11.24 11.19 11.37 11.70 11.76 11.99 11.70 11.27 11.44 11.42 11.49 11.36 11.77 11.92
5.33 5.43 5.51 5.75 5.63 5.76 5.89 6.00 5.98 6.22 6.02 5.98 6.01 5.84 5.93 5.66 5.77 6.22 6.52 6.60 6.35 5.53 5.65 5.62 6.09 6.35 6.36 6.34 6.55 7.00 6.76 6.70 6.49 6.94 6.76 6.81 6.63 7.04 7.07 7.26 6.99 7.09 7.10 7.72 7.96 8.02 7.78 8.29 8.42 9.18 9.63 9.82 10.40 10.98 9.87 9.63 10.08 10.16 10.47 10.78 10.74 10.56 10.95 11.23 11.31 11.28 11.33 11.47 11.54 11.66 11.47 11.44 11.37 11.31 11.21 11.60 11.61
5.09 5.02 5.34 5.58 5.42 5.68 5.84 5.96 6.08 6.15 5.98 5.72 5.70 5.95 6.20 6.01 5.93 6.01 6.43 6.79 6.79 6.47 6.15 5.91 6.14 6.82 6.62 6.30 6.87 7.03 7.37 7.05 6.97 6.79 7.08 7.24 7.12 6.95 7.02 7.07 6.82 7.10 7.94 7.80 8.04 8.08 8.29 9.12 8.64 8.64 9.51 10.13 10.61 10.63 10.05 10.12 10.22 10.20 10.42 10.89 10.51 10.38 10.34 11.14 11.16 11.36 11.17 11.34 11.67 11.71 11.43 11.24 11.08 11.21 11.20 11.52 11.36
4.90 5.05 5.32 5.38 5.49 5.67 5.66 5.88 5.87 6.08 6.00 6.03 5.78 5.97 5.99 6.40 6.37 6.03 5.70 6.03 6.33 6.65 6.62 6.05 6.15 6.19 7.14 7.21 6.63 6.99 6.50 6.57 7.06 7.24 6.93 7.22 7.64 7.49 7.17 7.19 7.51 7.85 7.72 7.60 7.59 8.76 9.19 8.43 8.50 8.79 10.25 10.01 10.24 10.57 10.71 10.02 9.80 10.33 9.98 10.43 10.25 10.71 10.33 10.66 11.27 11.16 11.21 11.62 11.74 11.68 11.43 11.25 10.95 11.03 11.31 11.64 11.62
4.86 5.05 5.12 5.13 5.47 5.64 5.73 5.75 5.85 5.94 5.79 5.88 5.86 5.86 5.96 6.51 6.39 6.48 6.25 5.72 5.59 5.73 5.80 6.51 7.02 6.63 6.36 6.72 7.22 6.80 6.96 6.61 6.66 7.35 7.12 6.93 7.33 7.39 7.58 7.36 7.41 7.46 7.86 7.99 7.90 7.82 8.16 8.68 8.49 9.45 9.18 9.46 10.06 10.59 10.67 10.42 9.66 10.10 9.97 10.49 10.47 10.50 10.47 10.99 11.34 11.45 11.45 11.39 11.64 11.71 11.39 11.25 11.31 11.00 11.20 11.89 11.77
4.90 5.01 5.39 5.33 5.64 5.75 5.87 5.77 5.87 5.76 5.79 5.89 5.82 5.81 6.15 6.66 6.69 6.00 5.71 5.62 5.52 5.96 6.33 5.96 6.40 6.72 6.47 7.50 6.94 7.10 7.02 6.96 7.46 7.89 7.54 7.66 7.53 7.34 7.83 8.13 7.54 7.43 8.09 8.27 7.83 8.05 9.28 8.83 9.21 9.34 8.04 8.96 9.46 10.47 10.20 10.09 10.09 9.89 9.86 10.03 10.79 10.37 10.76 10.87 11.38 11.38 11.39 11.26 11.51 11.55 11.16 11.30 11.48 11.30 11.29 11.52 11.79
4.84 4.95 5.21 5.16 5.59 5.69 5.68 5.80 5.86 6.07 6.12 6.29 6.05 5.64 5.78 6.12 6.44 6.34 6.28 6.18 6.43 6.35 6.32 6.59 6.72 6.60 6.92 6.18 6.58 7.63 7.74 7.38 7.59 7.99 7.73 8.02 8.35 8.46 8.67 8.52 8.18 7.60 8.61 9.09 8.35 8.70 8.60 8.38 8.37 8.82 8.52 9.00 9.88 9.90 10.21 10.05 9.66 9.74 10.00 10.68 10.83 11.01 10.75 10.96 11.32 11.16 11.10 11.30 11.37 11.54 11.51 11.55 11.17 10.82 11.27 11.27 11.35
4.83 4.78 4.74 4.79 5.33 5.43 5.54 5.67 6.11 6.27 6.15 6.09 6.00 6.03 5.83 6.02 6.16 5.82 6.14 6.28 6.26 6.61 7.33 7.77 7.15 6.40 6.79 7.55 8.37 7.97 8.25 7.97 7.80 7.94 7.95 7.96 8.57 8.37 8.59 8.51 8.38 8.39 9.14 9.52 8.85 8.70 8.76 8.85 8.99 8.93 8.82 9.46 9.60 9.68 9.81 9.70 9.80 10.09 10.36 10.68 10.75 11.02 10.95 10.88 11.28 11.22 11.12 11.54 11.49 11.44 11.51 11.37 11.23 10.99 11.19 11.32 11.32
4.80 4.84 4.88 4.87 5.05 5.42 5.65 5.67 6.06 6.25 5.94 6.07 5.93 5.71 5.47 5.51 5.93 6.26 6.71 6.67 7.28 6.93 7.13 6.76 7.29 7.22 6.89 6.88 7.60 8.57 8.54 7.94 8.09 8.29 8.59 8.70 8.74 8.29 8.69 8.67 8.68 8.49 8.86 9.13 8.69 8.79 8.99 9.25 9.26 8.31 8.49 9.12 9.40 9.58 9.68 9.56 9.69 10.06 10.31 10.62 10.66 10.99 11.05 10.89 10.99 11.03 11.29 11.40 11.32 11.56 11.50 11.16 11.16 11.01 11.16 11.37 11.76
4.90 4.92 5.06 5.02 4.91 5.36 5.57 5.86 6.01 6.14 6.30 6.05 5.81 5.77 5.91 6.18 6.17 6.79 6.97 6.49 6.25 5.98 6.39 6.31 6.50 6.66 6.83 7.02 8.60 8.80 9.10 8.65 8.81 9.36 8.92 8.62 8.84 9.09 9.24 9.28 9.07 8.61 8.77 9.19 8.70 8.50 9.23 9.33 9.63 8.76 9.20 9.17 8.98 9.47 9.74 9.42 10.13 10.40 10.51 10.67 10.62 10.87 11.19 10.81 11.11 10.94 11.31 11.27 11.06 11.35 11.31 10.97 11.20 11.03 11.28 11.45 11.65
5.43 5.52 5.70 5.25 5.17 5.55 5.53 5.75 5.86 5.80 5.67 5.69 5.35 5.28 5.58 6.01 6.53 6.92 7.21 7.22 6.97 6.73 6.72 6.59 6.62 6.87 7.34 7.37 8.29 8.61 9.36 9.41 9.23 9.20 9.73 9.58 9.74 9.63 10.25 10.06 9.52 9.12 9.60 9.67 9.31 8.99 9.08 8.93 9.20 9.31 9.18 9.49 9.60 9.14 9.74 10.16 10.06 10.28 10.24 11.02 10.69 10.28 11.01 11.18 10.65 10.97 11.11 11.20 11.30 11.27 11.06 11.24 11.19 11.18 11.35 11.59 11.61
5.38 5.42 5.44 5.48 5.81 5.97 5.79 5.86 5.81 5.75 5.46 5.68 5.55 6.00 6.14 5.93 5.88 6.51 6.75 7.41 6.95 6.34 6.22 6.84 7.48 7.67 7.96 8.13 9.14 9.47 9.70 9.60 9.69 9.73 9.51 9.95 9.95 10.34 10.12 10.50 9.87 9.15 9.24 9.50 9.36 9.09 9.30 9.50 9.29 9.05 8.99 9.09 9.32 9.68 9.80 9.80 9.98 10.37 10.39 10.81 10.82 10.55 10.60 11.34 10.83 10.84 11.00 11.05 11.08 10.92 11.14 11.20 11.18 11.25 11.41 11.56 11.63
5.31 5.32 5.22 5.36 5.67 5.85 6.20 5.92 5.82 5.81 5.86 5.82 5.85 5.87 6.03 6.40 6.56 6.70 6.17 6.43 6.78 6.52 7.14 7.07 7.66 8.30 8.24 8.91 9.04 9.51 9.52 9.32 9.73 9.64 10.23 10.43 10.58 10.73 10.37 10.41 10.24 9.87 9.37 9.38 9.73 9.34 9.46 9.62 9.68 9.83 8.96 9.33 9.27 9.13 9.79 10.63 10.37 10.37 10.25 10.73 10.77 10.80 10.31 10.52 11.01 10.78 11.05 11.05 10.82 11.16 11.17 11.39 11.34 11.22 11.37 11.30 11.36
5.61 5.38 5.27 5.36 5.61 5.90 5.81 5.84 5.85 5.46 5.71 5.63 5.77 5.93 6.38 6.35 6.26 6.75 6.24 6.09 7.12 6.92 7.65 7.41 8.17 8.29 8.28 9.26 9.82 9.94 9.91 9.66 9.93 10.32 10.61 10.78 11.01 10.76 10.44 10.46 10.62 10.11 10.09 9.98 9.79 9.59 9.63 9.70 10.03 10.15 9.54 9.52 9.50 9.58 9.35 9.30 9.94 10.00 10.48 11.06 10.78 10.78 10.58 10.34 10.96 11.04 10.86 10.75 10.89 10.99 11.08 11.34 11.21 11.27 11.20 11.29 11.60
5.71 5.65 5.43 5.53 5.71 5.90 5.75 5.73 6.06 6.04 6.22 5.95 5.96 6.10 6.43 6.90 6.34 6.47 6.68 6.89 6.61 7.24 7.95 8.02 8.21 8.40 8.56 9.47 9.94 9.85 9.69 9.80 10.05 10.74 10.62 10.79 11.02 10.91 10.68 10.79 10.99 10.06 10.02 9.65 9.29 9.19 9.53 9.59 9.52 9.81 9.95 9.41 9.53 9.21 9.51 9.61 9.99 10.43 10.75 10.79 10.93 10.76 10.65 10.90 10.93 10.88 10.71 10.86 11.00 10.98 10.96 11.00 11.03 11.28 11.12 11.49 11.55
5.57 5.69 5.85 5.93 5.81 5.90 5.83 5.64 5.81 5.90 6.15 6.06 5.72 5.94 6.01 6.40 5.84 6.60 7.17 7.57 7.81 7.87 8.35 8.11 8.60 9.05 9.14 9.52 9.45 9.94 9.49 9.77 10.00 10.29 10.33 10.83 10.92 10.88 10.54 10.48 10.81 10.52 9.88 9.74 9.71 9.35 9.46 9.68 9.69 9.50 9.91 10.08 10.37 9.57 9.73 10.00 10.18 10.05 10.53 10.55 10.91 10.76 10.85 11.25 10.87 10.94 10.90 10.90 11.31 11.09 10.87 10.85 11.31 11.56 11.61 11.67 11.54
5.52 5.73 5.55 5.70 5.65 5.90 5.85 5.77 5.53 5.92 5.82 5.78 5.60 5.78 6.17 6.22 6.32 6.19 6.84 7.50 8.24 7.94 8.24 8.28 8.66 9.06 9.31 9.24 9.33 9.41 9.09 9.28 9.64 9.70 10.29 10.59 10.83 10.80 10.67 10.42 10.58 10.63 10.06 10.15 9.94 9.62 10.06 9.83 9.85 9.62 9.90 10.26 10.37 10.32 10.06 9.57 9.36 9.69 10.06 10.38 10.81 10.59 10.94 11.27 11.22 10.92 10.90 11.20 11.33 11.30 11.12 11.12 11.47 11.49 11.75 11.63 11.49
5.66 5.63 5.56 5.45 5.85 5.88 6.01 6.07 6.28 6.30 6.19 5.83 5.80 5.98 6.13 5.98 5.95 6.43 6.78 6.84 7.80 8.18 7.70 7.83 8.38 8.72 8.94 9.34 9.54 9.68 9.48 9.53 9.68 10.08 10.32 10.75 10.84 10.77 10.59 10.64 10.59 10.45 10.21 10.04 9.84 9.76 9.80 9.50 9.53 9.36 9.37 9.75 10.30 10.43 9.93 9.47 10.01 9.47 9.87 10.25 10.39 10.36 11.21 11.15 11.00 11.28 11.08 11.28 11.38 11.32 11.34 11.48 11.66 11.70 11.75 11.65 11.67
5.92 5.68 5.45 5.36 5.51 5.89 5.83 5.81 6.21 6.43 6.37 6.39 5.56 5.76 6.12 5.76 6.08 6.58 7.64 7.89 7.28 7.90 7.85 8.12 8.31 8.79 8.94 9.19 9.41 9.59 9.63 9.99 10.10 9.95 10.31 10.91 10.69 10.52 10.66 10.69 10.51 10.44 9.96 10.23 10.17 9.92 9.60 9.23 9.11 9.23 9.06 9.45 9.58 10.24 9.86 9.49 9.71 9.56 10.05 10.33 10.46 10.51 10.45 11.23 11.37 11.18 11.35 11.37 11.43 11.46 11.45 11.49 11.70 11.74 11.75 11.74 11.70
5.64 5.82 5.68 5.71 5.76 5.72 6.05 6.35 6.37 6.14 6.35 6.68 6.48 6.39 6.28 6.05 6.57 6.91 7.80 7.64 7.48 7.14 7.72 7.86 8.32 8.96 8.91 9.45 9.54 9.55 9.63 9.66 9.57 9.91 10.14 10.52 10.68 10.48 10.67 10.61 10.62 10.70 10.23 10.38 10.40 10.17 9.88 9.09 9.48 9.13 8.89 9.03 9.29 9.92 10.15 9.72 10.43 10.07 10.14 10.56 11.00 10.81 10.55 10.49 11.09 11.33 11.39 11.54 11.53 11.57 11.61 11.55 11.71 11.75 11.73 11.75 11.75
5.66 5.85 5.75 5.73 5.87 6.10 6.70 7.03 6.69 6.18 6.41 6.81 6.62 6.57 6.33 6.33 7.44 7.82 7.88 7.90 8.18 7.91 8.12 8.68 8.70 8.87 8.71 9.00 8.88 9.43 9.45 8.99 9.39 9.70 9.62 10.49 10.74 10.62 10.77 10.66 10.53 10.43 10.07 10.29 10.29 10.29 9.68 9.02 9.31 9.18 8.80 8.65 9.22 9.69 10.40 10.78 10.27 10.25 10.14 10.34 11.02 10.71 11.21 11.07 11.15 11.02 11.63 11.69 11.69 11.62 11.62 11.54 11.68 11.74 11.72 11.75 11.74
6.00 6.09 5.72 5.54 6.03 6.31 6.58 6.43 6.18 5.83 5.89 6.35 6.70 6.77 6.63 6.60 6.97 7.52 7.45 8.00 8.15 9.05 8.57 8.43 8.67 8.92 8.86 8.63 8.90 9.34 9.18 9.24 9.06 9.53 10.15 10.34 10.86 10.72 10.71 10.55 10.39 9.96 9.67 9.84 10.16 9.96 9.55 9.61 9.53 9.40 9.07 9.20 9.30 9.59 9.92 10.61 10.92 10.73 10.37 10.36 11.04 11.17 11.34 11.49 11.36 11.37 11.62 11.61 11.63 11.61 11.54 11.58 11.60 11.70 11.70 11.72 11.70
5.86 5.47 5.36 5.80 6.64 6.89 6.68 5.99 6.50 6.13 5.97 6.33 6.52 6.48 6.65 6.82 7.02 6.80 7.58 7.48 7.93 8.14 9.31 8.82 8.27 8.18 8.66 8.50 9.19 9.53 9.62 9.57 9.45 9.84 10.07 10.23 10.54 10.55 10.58 10.41 10.13 10.05 9.81 9.91 9.93 9.84 9.40 9.42 9.34 9.40 9.31 8.89 9.17 9.45 9.98 10.46 10.86 10.84 10.73 10.43 11.00 11.15 11.39 11.45 11.62 11.62 11.55 11.54 11.57 11.65 11.58 11.60 11.56 11.69 11.68 11.70 11.69
5.31 5.23 5.54 5.98 6.44 6.67 6.14 5.88 6.09 6.23 5.72 6.38 6.38 6.34 6.06 6.54 6.90 7.00 7.16 7.57 7.84 8.43 8.80 8.61 8.29 8.14 8.36 8.80 8.93 9.29 9.25 9.56 9.41 9.32 9.29 10.17 10.22 10.35 10.49 10.33 10.30 10.36 9.90 9.66 9.60 9.35 9.50 9.30 9.37 9.25 9.65 9.50 9.70 9.67 10.04 10.30 10.67 10.97 10.64 10.70 10.87 11.16 11.31 11.43 11.62 11.59 11.63 11.63 11.62 11.62 11.64 11.61 11.66 11.67 11.67 11.67 11.66
5.35 5.38 5.91 6.22 6.57 6.87 6.60 6.21 5.97 6.14 6.11 6.00 6.55 6.29 6.18 6.64 6.37 7.09 7.01 7.65 8.03 8.80 8.73 8.62 8.80 8.76 8.58 8.72 8.93 9.21 9.47 9.72 9.53 9.14 9.73 9.91 10.27 10.42 10.85 10.89 10.76 10.65 10.05 9.53 9.35 9.42 9.70 9.34 9.68 9.61 9.78 9.72 9.66 10.15 10.26 10.46 10.58 10.76 10.66 10.67 11.01 11.28 11.26 11.54 11.47 11.55 11.60 11.66 11.64 11.54 11.63 11.67 11.66 11.65 11.65 11.65 11.64
5.43 5.59 5.63 6.26 6.55 6.81 6.45 6.36 6.83 6.98 6.44 6.00 6.47 6.44 6.15 7.23 7.37 6.65 7.26 7.34 7.91 8.30 9.05 8.96 8.27 9.04 8.95 9.11 9.07 9.02 9.22 9.53 9.79 9.24 9.69 10.10 10.61 10.79 10.63 10.87 10.81 10.72 10.26 9.54 9.46 9.47 9.67 9.51 9.44 9.54 9.52 9.59 9.97 9.96 9.97 10.04 10.26 10.34 10.33 10.84 11.22 11.23 11.27 11.59 11.59 11.44 11.60 11.62 11.61 11.60 11.61 11.63 11.60 11.62 11.62 11.62 11.62
5.68 6.03 6.39 6.73 7.01 6.98 6.26 6.29 6.62 6.10 6.50 6.10 6.03 6.18 6.17 7.09 7.20 6.85 7.05 7.82 7.91 8.34 8.75 9.18 9.53 9.56 9.27 9.22 9.18 9.03 9.42 9.69 10.09 9.59 9.75 10.06 10.28 10.47 10.57 10.66 10.59 10.47 10.33 9.70 9.56 9.69 9.68 9.59 9.46 9.26 9.18 9.54 9.52 9.47 9.63 10.01 10.04 9.99 9.90 10.19 10.90 11.42 11.42 11.55 11.60 11.58 11.60 11.60 11.60 11.60 11.59 11.58 11.55 11.60 11.60 11.61 11.61
6.33 6.58 7.01 7.11 7.09 6.77 6.04 6.62 6.92 6.38 6.21 6.50 6.50 6.83 6.75 7.00 7.24 6.85 7.27 7.63 8.16 8.30 9.23 9.82 9.72 9.73 9.68 9.63 9.24 9.65 9.42 9.76 9.48 9.89 9.43 9.76 9.87 10.28 10.09 10.47 10.45 10.23 10.08 9.65 9.64 9.62 9.47 9.40 9.37 9.26 9.42 9.43 9.12 9.16 9.81 9.92 9.78 9.81 9.94 10.24 10.67 11.29 11.39 11.54 11.56 11.55 11.56 11.56 11.55 11.53 11.56 11.51 11.53 11.58 11.56 11.57 11.59
6.20 6.57 6.71 6.68 6.61 6.13 5.51 6.07 6.43 6.15 6.40 6.53 6.77 6.65 6.99 6.93 7.28 6.70 7.67 7.81 8.53 8.18 8.59 9.23 9.24 9.98 10.03 9.70 9.72 9.50 9.54 9.93 9.76 9.67 9.62 9.91 10.07 10.11 10.21 10.41 10.57 10.38 10.16 9.83 9.38 9.27 9.28 9.22 9.24 9.40 9.30 9.04 8.95 9.20 9.80 9.74 9.70 9.86 10.10 10.41 10.73 10.98 11.34 11.56 11.54 11.53 11.48 11.47 11.39 11.33 11.51 11.48 11.50 11.53 11.54 11.55 11.56
5.89 6.33 6.49 6.51 6.24 6.15 6.21 6.01 6.59 6.35 6.62 6.85 7.12 6.85 7.25 7.31 7.44 7.95 7.28 7.94 8.53 8.44 9.02 8.99 9.65 9.64 9.22 9.24 9.60 9.62 9.69 9.85 9.94 9.76 9.86 9.67 10.02 10.29 10.29 10.40 10.26 10.31 10.18 9.75 9.52 9.17 9.03 9.42 9.49 9.33 9.35 9.13 9.38 9.56 9.78 9.80 9.98 9.90 10.22 10.76 10.97 10.96 11.33 11.52 11.47 11.49 11.48 11.34 11.25 11.24 11.39 11.41 11.39 11.41 11.45 11.53 11.53
5.80 6.42 6.76 6.74 5.93 5.93 5.74 5.67 6.32 6.31 6.19 6.93 7.24 8.00 7.64 7.04 7.34 7.67 7.91 7.88 8.53 8.27 9.00 9.52 9.41 9.39 9.79 9.39 9.44 9.82 9.88 9.87 9.81 9.78 9.71 9.68 10.18 10.37 10.45 10.42 10.32 10.50 10.32 10.18 9.97 9.29 9.44 9.58 9.43 9.42 9.51 9.42 9.60 9.77 9.81 9.57 10.03 10.26 10.35 10.76 10.90 11.07 11.35 11.46 11.36 11.17 11.23 11.22 11.25 11.25 11.32 11.43 11.34 11.38 11.47 11.50 11.52
