BOM_solar_grid_data_201906/2019061420190614.grid
ncols 839
nrows 679
xllcenter 112.0500
yllcenter -43.9500
cellsize 0.0500
nodata_value 99999.90
[rows 204 to 237 of 679, columns 539 to 615 of 839]
17.07 17.17 17.18 17.18 17.17 17.16 17.15 17.15 17.14 17.13 17.13 17.09 17.12 17.11 17.12 17.12 17.09 17.08 17.05 17.07 17.07 17.09 17.12 17.13 17.07 17.12 17.17 17.10 17.01 16.89 16.90 16.96 17.07 17.00 17.05 17.10 17.13 17.15 17.16 17.17 17.14 17.16 17.16 16.90 16.98 17.17 17.21 17.20 17.19 17.17 17.07 17.15 17.19 17.17 17.07 17.01 16.87 16.51 16.52 16.50 16.96 16.81 17.04 17.15 17.18 17.19 17.19 17.15 17.16 17.17 17.16 17.15 17.17 17.18 17.19 17.19 17.17
17.10 17.10 17.15 17.16 17.16 17.14 17.14 17.13 17.10 17.13 17.12 17.09 17.07 17.07 17.11 17.11 17.06 17.07 17.05 17.10 17.09 17.10 17.10 17.10 17.08 17.10 17.15 17.05 16.75 16.77 16.73 16.97 16.91 16.99 16.98 16.98 17.14 17.13 17.13 17.07 17.11 17.14 17.06 17.10 16.95 17.16 17.12 17.13 17.17 17.19 17.18 17.05 17.17 17.17 17.11 17.14 17.07 16.89 16.88 16.56 16.64 16.71 16.84 16.94 17.12 17.18 17.17 17.18 17.16 17.20 17.19 17.19 17.18 17.17 17.14 17.13 17.13
17.10 17.08 17.09 17.11 17.10 17.10 17.11 17.10 17.08 17.07 17.07 17.03 16.99 17.05 17.08 17.07 17.01 17.02 17.02 17.05 17.06 17.05 17.08 17.06 17.05 17.09 17.05 17.00 16.95 16.78 16.58 16.79 16.69 16.90 16.84 16.85 17.06 17.08 17.07 16.94 16.96 17.10 16.94 17.05 17.09 16.93 17.05 17.09 17.08 17.16 17.15 17.16 17.10 17.14 17.15 17.13 17.13 17.11 17.09 16.91 16.57 16.62 16.95 16.71 16.93 17.08 17.15 17.16 17.15 17.17 17.19 17.17 17.15 17.14 17.12 17.10 17.10
17.08 17.07 17.07 17.07 17.07 17.08 17.08 17.08 17.08 17.02 17.02 17.03 17.01 17.05 17.05 17.04 17.03 17.01 17.02 17.01 17.05 17.06 17.08 17.07 16.99 17.02 17.07 17.00 16.82 16.78 16.45 16.49 16.68 16.77 16.71 16.70 16.95 17.05 17.00 16.80 16.99 17.03 16.95 17.09 17.08 17.05 17.05 17.08 17.12 17.13 17.14 17.15 17.13 17.13 17.13 17.13 17.11 17.09 17.10 17.06 16.53 16.52 16.66 16.69 16.53 17.04 17.13 17.14 17.13 17.14 17.16 17.16 17.16 17.14 17.09 17.08 17.07
16.97 17.04 17.06 17.06 17.03 17.09 17.07 17.08 17.06 16.96 17.04 17.00 17.00 17.01 17.05 17.03 17.01 17.00 17.03 17.00 17.02 17.02 16.99 17.03 16.97 16.99 17.00 16.87 16.97 16.63 16.42 16.32 16.72 16.73 16.91 16.65 16.74 16.97 16.98 17.07 17.08 16.94 16.98 17.07 17.02 17.03 17.14 17.06 16.95 17.07 17.11 17.08 17.11 17.12 17.12 17.12 17.09 17.07 17.10 17.10 16.63 16.59 16.88 16.83 16.95 16.89 17.09 17.11 17.12 17.11 17.13 17.13 17.13 17.14 17.08 17.10 17.09
17.00 17.01 17.06 17.05 17.03 17.05 17.06 17.04 17.09 17.04 17.01 17.00 16.97 16.95 17.03 17.00 16.99 17.02 17.00 16.99 17.02 17.02 16.96 17.00 16.99 16.97 16.92 16.97 16.76 16.48 16.36 16.34 16.72 16.79 16.71 16.54 16.86 17.01 17.00 16.95 16.91 16.95 16.83 17.08 17.03 16.92 17.12 17.11 17.05 16.78 16.87 16.94 17.06 17.10 17.10 17.11 17.08 17.05 17.06 17.07 16.78 16.73 16.94 16.95 17.04 16.94 16.94 17.09 17.09 17.09 17.10 17.11 17.11 17.11 17.11 17.11 17.09
16.89 16.96 17.00 17.04 17.05 17.04 17.02 16.98 17.06 17.03 16.99 16.96 16.89 16.92 16.97 16.98 16.99 16.98 16.94 16.95 16.96 16.96 16.95 16.97 16.98 16.88 16.88 16.87 16.82 16.78 16.90 16.82 16.69 16.97 16.90 16.75 16.93 16.91 16.88 16.74 16.76 16.77 16.94 16.90 16.89 16.96 16.97 17.03 17.05 16.97 16.81 16.94 16.99 17.05 17.06 17.08 17.06 17.04 17.03 16.93 16.96 16.77 16.83 16.60 16.86 17.01 16.98 16.96 16.99 17.03 17.05 17.06 17.08 17.09 17.10 17.11 17.07
16.95 16.96 16.99 17.03 17.04 17.01 17.00 16.88 16.82 17.01 17.00 16.93 16.89 16.87 16.91 16.94 16.95 16.96 16.93 16.95 16.93 16.94 16.88 16.93 16.93 16.90 16.85 16.87 16.93 16.87 16.86 16.77 16.79 16.75 16.69 16.65 16.63 16.40 16.41 16.45 16.74 16.99 16.90 16.85 16.97 16.97 16.97 17.02 16.92 17.02 16.99 16.99 16.65 16.83 17.00 17.05 17.05 17.01 17.04 17.03 17.04 16.86 16.79 16.53 16.57 16.55 16.63 16.95 16.98 16.99 17.01 17.02 17.05 17.05 17.07 17.09 17.05
16.95 16.96 16.96 16.98 16.97 16.95 16.98 16.95 16.93 16.97 16.95 16.91 16.82 16.83 16.85 16.94 16.92 16.92 16.93 16.94 16.90 16.88 16.89 16.90 16.92 16.91 16.87 16.85 16.80 16.78 16.73 16.44 16.63 16.80 16.88 16.68 16.77 16.59 16.33 16.58 16.74 16.93 16.85 16.78 16.98 16.83 16.89 17.04 17.00 16.81 16.88 16.78 16.68 16.86 16.85 16.83 16.87 16.88 17.01 17.01 16.98 16.96 16.92 16.40 16.48 16.41 16.79 16.91 16.90 16.86 16.97 17.00 16.99 16.99 16.99 17.01 17.01
16.85 16.91 16.91 16.93 16.93 16.96 16.96 16.93 16.89 16.97 16.93 16.86 16.82 16.78 16.79 16.91 16.90 16.91 16.90 16.92 16.88 16.87 16.89 16.85 16.89 16.88 16.87 16.82 16.77 16.78 16.72 16.65 16.78 16.88 16.82 16.69 16.75 16.47 16.46 16.64 16.73 16.92 16.87 16.82 16.96 16.93 16.85 17.02 17.00 16.83 16.91 16.76 16.54 16.96 16.96 16.70 16.72 16.51 16.70 16.94 16.94 16.94 16.94 16.75 16.47 16.74 16.82 16.80 16.91 16.95 16.91 16.88 16.93 16.92 16.97 16.97 16.94
16.84 16.83 16.85 16.85 16.87 16.94 16.93 16.77 16.93 16.97 16.93 16.76 16.88 16.71 16.76 16.82 16.87 16.88 16.87 16.89 16.90 16.88 16.82 16.80 16.83 16.84 16.87 16.82 16.71 16.73 16.72 16.54 16.79 16.85 16.81 16.84 16.87 16.81 16.78 16.72 16.76 16.89 16.93 16.86 16.91 16.90 16.89 16.99 16.92 16.86 16.79 16.87 16.65 16.61 16.86 16.87 16.78 16.59 16.70 16.83 16.77 16.72 16.88 16.95 16.49 16.54 16.94 16.95 16.66 16.81 16.88 16.78 16.86 16.87 16.93 16.93 16.97
16.87 16.87 16.76 16.71 16.83 16.92 16.88 16.72 16.83 16.90 16.84 16.80 16.86 16.76 16.79 16.78 16.83 16.86 16.89 16.88 16.88 16.85 16.81 16.84 16.86 16.87 16.89 16.88 16.84 16.78 16.68 16.52 16.84 16.85 16.81 16.78 16.89 16.76 16.48 16.30 16.59 16.78 16.81 16.57 16.55 16.85 16.94 16.93 16.79 16.60 16.68 16.81 16.81 16.67 16.63 16.87 16.87 16.79 16.69 16.86 16.84 16.78 16.89 16.93 16.77 16.53 16.88 16.92 16.66 16.91 16.94 16.90 16.90 16.94 16.97 16.94 16.86
16.83 16.90 16.89 16.72 16.82 16.89 16.87 16.86 16.84 16.90 16.82 16.72 16.81 16.77 16.80 16.80 16.77 16.80 16.83 16.84 16.85 16.81 16.80 16.84 16.82 16.81 16.81 16.85 16.82 16.80 16.67 16.67 16.77 16.80 16.79 16.84 16.82 16.73 16.46 16.51 16.56 16.76 16.46 16.27 16.48 16.72 16.95 16.75 16.69 16.71 16.55 16.77 16.86 16.83 16.61 16.72 16.68 16.77 16.53 16.65 16.78 16.60 16.54 16.70 16.74 16.75 16.36 16.44 16.53 16.80 16.94 16.95 16.95 16.96 16.96 16.95 16.89
16.61 16.83 16.82 16.81 16.85 16.85 16.83 16.79 16.82 16.85 16.75 16.69 16.76 16.76 16.81 16.80 16.77 16.79 16.85 16.82 16.79 16.78 16.77 16.80 16.80 16.80 16.76 16.80 16.81 16.72 16.75 16.71 16.75 16.79 16.79 16.83 16.85 16.68 16.57 16.29 16.47 16.61 16.24 16.41 16.76 16.78 16.84 16.78 16.67 16.62 16.68 16.74 16.79 16.83 16.70 16.59 16.47 16.70 16.57 16.57 16.65 16.66 16.53 16.52 16.58 16.66 16.50 16.54 16.33 16.76 16.89 16.92 16.93 16.94 16.93 16.93 16.91
16.75 16.72 16.80 16.84 16.82 16.77 16.75 16.79 16.76 16.84 16.75 16.67 16.75 16.74 16.79 16.75 16.74 16.79 16.82 16.83 16.79 16.74 16.72 16.73 16.71 16.76 16.74 16.78 16.78 16.79 16.79 16.79 16.75 16.74 16.75 16.82 16.78 16.82 16.81 16.72 16.59 16.67 16.59 16.68 16.86 16.86 16.88 16.69 16.62 16.56 16.63 16.59 16.62 16.77 16.69 16.42 16.59 16.67 16.55 16.54 16.66 16.56 16.53 16.51 16.42 16.71 16.80 16.68 16.36 16.71 16.89 16.89 16.91 16.91 16.91 16.90 16.90
16.63 16.53 16.72 16.78 16.78 16.68 16.73 16.75 16.73 16.77 16.73 16.68 16.73 16.75 16.76 16.74 16.75 16.77 16.81 16.80 16.76 16.74 16.70 16.68 16.66 16.70 16.72 16.78 16.77 16.77 16.76 16.73 16.73 16.76 16.74 16.76 16.73 16.79 16.80 16.77 16.65 16.54 16.62 16.83 16.85 16.82 16.68 16.70 16.56 16.55 16.48 16.49 16.39 16.40 16.56 16.53 16.24 16.44 16.40 16.43 16.39 16.42 16.28 16.27 16.29 16.40 16.52 16.81 16.56 16.33 16.70 16.85 16.85 16.85 16.86 16.85 16.85
16.48 16.63 16.66 16.71 16.73 16.61 16.66 16.64 16.68 16.66 16.72 16.59 16.66 16.75 16.74 16.74 16.73 16.73 16.76 16.75 16.72 16.68 16.64 16.61 16.53 16.50 16.69 16.78 16.76 16.73 16.76 16.70 16.71 16.73 16.76 16.72 16.72 16.77 16.77 16.58 16.61 16.43 16.48 16.81 16.83 16.79 16.54 16.60 16.56 16.55 16.41 16.41 16.24 16.11 16.10 16.38 16.24 16.44 16.40 16.30 16.24 16.34 16.15 16.34 16.40 16.46 16.57 16.76 16.62 16.24 16.43 16.66 16.72 16.83 16.77 16.81 16.83
16.43 16.51 16.45 16.59 16.61 16.54 16.59 16.62 16.68 16.63 16.74 16.66 16.65 16.75 16.74 16.73 16.73 16.72 16.75 16.76 16.71 16.68 16.63 16.53 16.48 16.55 16.68 16.73 16.75 16.72 16.74 16.64 16.68 16.67 16.69 16.71 16.71 16.70 16.73 16.44 16.43 16.62 16.76 16.74 16.73 16.61 16.55 16.47 16.43 16.43 16.40 16.22 16.23 16.15 15.98 16.12 16.03 16.25 16.51 16.42 16.06 15.90 15.96 16.34 16.29 16.44 16.60 16.43 16.56 16.42 16.46 16.55 16.57 16.64 16.71 16.81 16.76
16.08 15.95 16.22 16.55 16.49 16.51 16.61 16.62 16.66 16.71 16.74 16.68 16.68 16.70 16.72 16.72 16.72 16.73 16.74 16.71 16.67 16.68 16.41 16.38 16.02 16.34 16.60 16.65 16.71 16.73 16.62 16.59 16.62 16.66 16.70 16.73 16.71 16.68 16.72 16.66 16.49 16.35 16.59 16.61 16.55 16.56 16.46 16.32 16.27 16.28 16.19 16.04 16.07 16.02 15.88 15.97 15.73 15.99 16.17 16.39 16.14 16.00 15.75 15.99 16.18 16.35 16.54 16.50 16.61 16.52 16.52 16.58 16.67 16.72 16.73 16.76 16.75
16.37 16.37 16.33 16.36 16.40 16.50 16.61 16.63 16.58 16.63 16.70 16.63 16.50 16.59 16.65 16.65 16.71 16.68 16.70 16.59 16.57 16.59 16.43 16.57 16.25 16.03 16.58 16.57 16.64 16.63 16.59 16.60 16.62 16.67 16.72 16.72 16.67 16.68 16.72 16.60 16.55 16.37 16.63 16.44 16.49 16.43 16.21 15.97 16.13 16.08 15.95 15.85 15.86 15.86 15.80 15.86 15.69 15.75 15.95 16.10 16.05 15.98 15.75 15.76 15.98 16.23 16.23 16.49 16.55 16.59 16.52 16.69 16.43 16.57 16.67 16.74 16.68
16.30 15.93 15.98 16.57 16.57 16.49 16.55 16.62 16.57 16.67 16.70 16.67 16.49 16.47 16.44 16.64 16.67 16.67 16.67 16.56 16.60 16.41 16.64 16.60 16.13 16.25 16.57 16.62 16.65 16.59 16.61 16.61 16.63 16.65 16.67 16.68 16.63 16.70 16.72 16.64 16.45 16.43 16.45 16.43 16.49 16.42 16.13 15.98 15.89 15.83 15.74 15.97 15.78 15.73 15.88 15.94 15.64 15.80 15.94 15.84 15.83 15.91 15.91 16.11 16.14 16.26 16.26 16.50 16.49 16.43 16.42 16.54 16.37 16.44 16.56 16.68 16.62
15.80 15.78 16.10 16.36 16.70 16.51 16.50 16.56 16.63 16.63 16.64 16.60 16.53 16.44 16.28 16.50 16.58 16.55 16.53 16.56 16.57 16.59 16.67 16.71 16.52 16.40 16.49 16.58 16.62 16.46 16.51 16.57 16.65 16.66 16.67 16.64 16.62 16.66 16.69 16.68 16.62 16.47 16.20 16.23 16.23 16.31 16.02 15.87 15.87 15.89 15.91 16.09 15.71 15.75 15.79 15.72 15.60 15.78 15.73 15.74 15.81 15.85 15.75 15.84 15.90 16.00 16.07 16.41 16.42 16.34 16.50 16.56 16.40 16.37 16.37 16.44 16.53
15.97 16.01 16.36 16.60 16.52 16.55 16.51 16.53 16.61 16.59 16.64 16.59 16.49 16.43 16.45 16.43 16.47 16.44 16.29 16.33 16.41 16.33 16.60 16.54 16.39 16.43 16.46 16.50 16.57 16.48 16.41 16.44 16.64 16.65 16.64 16.64 16.63 16.64 16.67 16.54 16.36 16.43 16.34 16.27 16.06 16.14 16.06 15.90 15.76 15.87 15.65 15.99 15.65 15.65 15.64 15.56 15.46 15.59 15.60 15.52 15.62 15.77 15.63 15.72 15.94 16.00 15.97 16.02 16.00 16.12 16.42 16.55 16.48 16.30 16.21 16.38 16.40
16.50 16.45 16.46 16.44 16.52 16.51 16.53 16.53 16.44 16.54 16.62 16.59 16.42 16.47 16.46 16.48 16.30 16.54 16.38 16.36 16.38 16.28 16.60 16.41 16.09 16.50 16.49 16.50 16.57 16.38 16.50 16.50 16.62 16.63 16.63 16.63 16.61 16.59 16.60 16.56 16.36 16.37 16.23 16.27 16.12 16.04 15.94 15.89 15.86 15.70 15.70 15.93 15.56 15.64 15.50 15.32 15.50 15.59 15.37 15.32 15.59 15.60 15.82 15.99 15.89 15.96 16.03 16.04 15.86 16.13 16.08 16.19 16.15 16.39 16.40 16.43 16.41
16.55 16.58 16.51 16.35 16.62 16.55 16.58 16.54 16.43 16.44 16.55 16.58 16.39 16.43 16.33 16.46 16.37 16.33 16.40 16.50 16.62 16.52 16.26 16.32 16.27 16.46 16.40 16.55 16.62 16.43 16.46 16.53 16.58 16.61 16.62 16.62 16.60 16.56 16.60 16.53 16.35 16.29 16.17 16.22 16.07 16.06 15.86 15.81 15.96 15.87 15.93 15.97 15.71 16.00 15.39 15.03 15.43 15.48 15.12 15.13 15.51 15.59 15.66 15.82 15.99 16.14 16.11 16.06 16.17 16.04 15.86 16.00 16.03 16.32 16.41 16.44 16.48
16.47 16.38 16.29 16.34 16.62 16.59 16.56 16.50 16.46 16.48 16.51 16.57 16.54 16.46 16.26 16.24 16.39 16.24 16.10 16.33 16.57 16.61 16.45 16.07 16.07 16.40 16.41 16.60 16.61 16.57 16.59 16.61 16.59 16.59 16.60 16.59 16.59 16.56 16.52 16.44 16.29 16.09 16.01 15.99 15.92 15.96 15.82 16.03 16.12 16.10 16.04 16.25 16.13 15.85 15.46 15.34 15.51 15.33 15.05 15.15 15.20 15.26 15.42 15.61 15.77 16.10 16.21 15.94 16.07 15.79 15.67 15.85 15.90 16.18 16.27 16.34 16.40
16.23 16.25 16.09 16.14 16.47 16.43 16.45 16.36 16.42 16.44 16.43 16.56 16.44 16.41 16.35 16.20 16.25 16.41 16.21 16.27 16.38 16.48 16.10 16.26 16.24 16.41 16.45 16.50 16.54 16.57 16.56 16.57 16.57 16.58 16.57 16.56 16.57 16.57 16.48 16.41 16.26 16.05 16.18 15.70 15.97 16.09 15.87 15.91 16.07 16.07 16.05 16.17 16.36 16.34 16.12 15.91 15.73 15.68 15.50 15.57 15.45 15.48 15.59 15.47 15.62 15.93 16.13 16.08 16.13 15.98 15.80 15.97 15.93 16.16 16.27 16.12 16.19
16.16 16.17 16.11 16.08 16.14 16.29 16.30 16.37 16.41 16.41 16.47 16.53 16.29 16.36 16.30 16.25 16.04 16.13 16.13 16.41 16.17 16.06 16.03 16.42 16.50 16.40 16.39 16.35 16.49 16.42 16.54 16.57 16.56 16.56 16.54 16.55 16.54 16.53 16.52 16.49 16.16 15.89 16.28 16.05 15.88 16.03 16.36 16.20 16.38 16.44 16.12 16.17 16.19 16.31 16.03 15.94 15.91 15.86 15.72 15.71 15.66 15.69 15.67 15.50 15.68 15.70 16.01 15.91 16.01 16.01 16.06 15.96 15.97 16.17 16.28 16.17 16.22
16.41 16.34 16.14 16.16 16.41 16.40 16.29 16.25 16.40 16.44 16.49 16.49 16.24 16.28 16.21 16.29 16.16 16.13 15.96 16.26 16.09 15.81 16.21 16.49 16.52 16.52 16.35 16.27 16.25 16.39 16.48 16.45 16.40 16.53 16.53 16.54 16.53 16.52 16.43 16.34 16.18 16.21 16.19 16.29 16.07 16.30 16.53 16.54 16.54 16.54 16.48 16.24 15.96 16.20 16.03 15.90 15.66 15.67 15.61 15.59 15.61 15.57 15.49 15.74 15.76 15.69 15.83 15.89 16.09 16.00 16.21 16.17 16.11 16.27 16.41 16.27 16.25
16.31 16.33 16.39 16.39 16.37 16.40 16.24 16.25 16.35 16.34 16.32 16.22 16.17 16.31 16.30 16.31 16.15 15.99 16.13 16.05 15.95 15.76 15.90 15.86 16.41 16.50 16.37 16.28 16.26 16.41 16.40 16.29 16.43 16.46 16.49 16.50 16.50 16.50 16.38 16.15 16.16 16.41 16.38 16.44 16.41 16.48 16.52 16.52 16.47 16.50 16.50 16.45 16.06 16.20 16.05 15.60 15.73 15.67 15.69 15.74 15.56 15.52 15.54 15.62 15.95 15.84 15.96 15.85 15.93 16.07 16.17 16.13 16.17 16.20 16.36 16.27 16.21
16.18 16.35 16.31 16.39 16.38 16.44 16.29 16.32 16.34 16.38 16.34 16.11 16.20 16.26 16.30 16.38 16.40 15.99 16.18 16.29 16.02 15.57 15.77 15.79 16.22 16.48 16.40 16.45 16.34 16.45 16.39 16.33 16.42 16.44 16.44 16.43 16.45 16.47 16.30 15.79 16.11 16.46 16.47 16.48 16.49 16.50 16.51 16.50 16.49 16.43 16.46 16.38 16.39 16.38 16.21 15.93 16.25 15.83 15.83 15.98 15.89 15.73 15.79 15.65 15.77 16.07 15.91 15.78 15.94 15.96 15.98 15.99 16.02 16.10 16.33 16.16 16.17
16.33 16.33 16.41 16.44 16.38 16.33 16.27 16.37 16.32 16.36 16.32 16.11 16.24 16.21 16.37 16.35 16.24 16.10 16.29 16.35 16.17 15.63 15.44 15.81 15.92 16.12 16.45 16.40 16.44 16.44 16.39 16.33 16.40 16.31 16.26 16.24 16.43 16.32 15.98 15.64 15.84 16.43 16.40 16.39 16.46 16.47 16.47 16.45 16.44 16.37 16.46 16.40 16.46 16.32 16.25 16.42 16.43 16.15 16.23 16.00 15.76 15.78 15.75 15.45 15.77 16.05 16.02 15.71 16.01 16.05 15.95 15.94 15.92 16.13 16.28 16.09 16.05
16.31 16.37 16.37 16.41 16.39 16.32 16.36 16.27 16.24 16.37 16.28 16.22 16.20 16.20 16.27 16.40 16.21 16.27 16.22 15.99 15.98 15.62 15.23 15.68 15.56 15.98 16.39 16.43 16.35 16.38 16.36 16.30 16.31 16.32 16.25 16.27 16.42 16.07 15.88 15.64 15.87 15.96 16.36 16.40 16.45 16.43 16.43 16.40 16.43 16.44 16.44 16.43 16.44 16.43 16.33 16.45 16.44 16.45 16.44 16.16 16.08 15.97 15.79 16.08 15.99 16.12 16.08 16.03 16.10 16.19 16.06 15.96 15.99 16.12 16.32 16.25 16.28
16.35 16.30 16.36 16.41 16.32 16.34 16.34 16.37 16.31 16.27 16.35 16.37 16.19 16.18 16.22 16.37 16.29 16.20 16.37 16.21 16.19 15.71 15.49 15.67 15.54 15.61 16.13 16.31 16.34 16.38 16.39 16.36 16.20 16.16 16.31 16.03 16.32 16.15 15.78 15.78 15.82 16.16 16.41 16.26 16.41 16.41 16.41 16.37 16.41 16.42 16.41 16.41 16.41 16.42 16.41 16.43 16.41 16.41 16.43 16.31 16.27 16.34 16.41 16.20 16.12 16.20 16.01 16.18 16.25 16.04 15.95 16.02 16.00 16.05 16.15 16.12 16.15
