BOM_solar_grid_data_201906/2019060920190609.grid
ncols 839
nrows 679
xllcenter 112.0500
yllcenter -43.9500
cellsize 0.0500
nodata_value 99999.90
[rows 525 to 559 of 679, columns 693 to 769 of 839]
7.35 7.50 6.72 7.27 6.90 5.91 5.39 6.89 7.22 7.04 6.58 6.43 6.89 7.24 7.34 7.62 7.56 7.43 7.45 8.14 7.75 7.23 6.46 6.30 7.38 8.10 8.43 8.28 8.29 8.29 7.42 5.91 4.82 4.61 3.27 4.42 6.81 7.62 8.60 9.23 9.06 8.98 8.85 9.25 9.12 9.43 9.33 9.47 9.65 9.91 9.91 9.81 9.93 9.94 9.93 9.75 9.73 9.55 9.52 9.27 9.28 9.51 9.72 9.72 9.77 9.82 9.72 9.56 9.53 9.53 9.53 9.53 9.53 9.53 9.53 9.53 9.53
7.44 6.53 6.67 6.90 6.60 6.67 6.84 7.24 6.70 5.87 6.38 6.63 7.04 7.55 8.10 8.23 7.35 7.10 7.40 7.41 7.27 6.80 6.89 7.06 7.06 7.41 7.59 7.51 7.54 7.45 7.48 5.95 5.40 4.26 3.66 5.57 7.01 8.11 8.90 9.06 9.25 9.54 9.33 8.99 9.59 9.71 9.70 9.49 9.58 9.78 9.87 9.89 9.91 9.92 9.87 9.78 9.76 9.64 9.70 9.14 9.50 9.51 9.71 9.73 9.78 9.77 9.66 9.47 9.53 9.53 9.53 9.53 9.53 9.53 9.53 9.53 9.53
7.04 7.23 7.15 6.93 6.32 6.50 7.23 8.08 7.27 7.54 6.99 6.95 7.00 7.95 8.22 7.86 7.00 6.49 7.33 5.71 5.40 5.61 5.81 6.54 6.87 7.16 7.21 7.36 6.52 6.59 7.82 7.18 5.14 3.15 3.67 4.98 6.55 8.33 9.14 9.15 9.46 9.22 9.10 9.24 9.75 9.73 9.52 9.45 9.62 9.70 9.88 9.92 9.89 9.88 9.87 9.80 9.34 9.48 9.45 9.36 9.28 9.47 9.80 9.67 9.59 9.62 9.72 9.72 9.72 9.72 9.53 9.53 9.53 9.53 9.53 9.53 9.53
7.33 7.35 6.96 7.29 7.53 7.56 6.99 7.49 6.98 6.46 6.32 5.72 6.37 7.16 7.12 7.05 6.70 6.33 6.48 5.14 4.22 4.56 5.73 6.36 5.28 5.40 5.25 5.84 7.13 6.88 7.16 5.03 2.99 2.81 4.34 6.45 7.61 8.83 9.26 9.47 9.25 9.13 9.03 9.58 9.69 9.90 9.68 9.66 9.68 9.57 9.46 9.64 9.61 9.81 9.83 9.76 9.51 9.45 9.22 9.09 9.56 9.59 9.41 9.48 9.48 9.64 9.72 9.87 9.87 9.87 9.87 9.87 9.53 9.53 9.53 9.53 9.53
7.15 6.50 7.34 7.45 7.64 6.90 7.11 7.12 6.57 6.70 6.90 5.75 5.67 5.50 5.78 6.68 6.62 6.70 5.97 5.06 5.03 5.75 5.30 5.41 4.48 4.64 4.93 4.49 5.76 7.02 6.58 4.39 4.31 5.57 5.91 7.01 8.07 8.87 9.25 9.23 9.13 9.23 9.05 9.56 9.89 9.82 9.85 9.85 9.81 9.65 9.49 9.49 9.50 9.82 9.66 9.72 9.46 9.22 9.24 9.42 9.34 9.80 9.56 9.32 9.34 9.50 9.72 9.87 9.87 9.87 9.87 9.87 9.87 9.87 9.87 9.53 9.53
6.22 6.71 7.26 7.36 7.16 6.89 6.36 7.42 6.91 6.64 7.22 6.77 6.51 6.66 7.21 6.86 6.72 6.62 6.39 6.36 6.34 6.94 5.94 5.16 4.63 4.94 3.53 3.88 6.09 7.24 7.16 6.77 5.56 5.12 6.83 7.55 8.54 9.39 8.96 8.83 9.27 9.39 9.54 9.82 9.85 9.84 9.87 9.86 9.81 9.75 9.53 9.45 9.64 9.64 9.75 9.50 9.18 8.34 8.87 9.43 9.62 9.79 9.52 9.51 9.55 9.56 9.58 9.58 9.58 9.87 9.87 9.87 9.87 9.87 9.87 9.87 9.87
7.59 7.62 7.28 6.49 5.91 5.09 5.89 5.80 7.34 7.52 7.25 6.42 6.63 7.37 7.03 6.48 5.43 5.15 5.89 6.53 6.42 6.02 4.13 3.19 4.33 4.48 4.33 6.11 7.23 7.76 8.10 7.22 6.41 6.80 7.45 8.09 9.01 8.94 8.97 9.32 9.77 9.68 9.76 9.81 9.84 9.79 9.82 9.80 9.81 9.79 9.58 9.68 9.72 9.76 9.69 9.29 9.55 9.21 9.16 9.23 9.61 9.55 9.53 9.36 9.36 9.58 9.64 9.64 9.64 9.64 9.64 9.87 9.87 9.87 9.87 9.87 9.87
7.99 8.08 6.20 5.15 5.57 5.19 5.01 5.10 5.81 7.21 6.32 5.82 5.43 6.22 5.80 5.17 4.27 4.56 4.54 5.99 5.97 5.58 4.95 5.21 5.41 4.87 5.33 5.88 7.29 6.77 7.97 6.96 7.32 7.65 7.77 8.24 8.97 8.99 9.16 9.66 9.73 9.38 9.53 9.67 9.70 9.73 9.80 9.76 9.69 9.75 9.58 9.65 9.80 9.75 9.62 9.30 9.40 9.63 9.70 9.51 9.32 9.25 9.29 9.32 9.52 9.61 9.64 9.64 9.64 9.64 9.64 9.64 9.64 9.64 9.87 9.87 9.87
7.71 5.75 3.26 3.64 4.25 4.72 4.62 5.00 5.11 5.60 5.34 4.53 3.65 3.12 2.73 3.83 3.72 4.59 5.26 5.26 4.76 4.47 5.29 6.21 6.53 7.35 7.60 7.38 6.90 6.76 7.56 7.44 7.86 7.54 7.99 8.50 8.91 8.64 8.95 9.39 9.52 9.20 9.51 9.74 9.77 9.70 9.53 9.70 9.73 9.77 9.53 9.71 9.78 9.70 9.63 9.51 9.63 9.45 9.36 9.46 9.18 9.18 9.23 9.24 9.45 9.46 9.46 9.46 9.64 9.64 9.64 9.64 9.64 9.64 9.64 9.64 9.64
7.51 3.72 2.58 3.99 5.73 4.82 4.56 5.49 6.70 6.13 5.19 4.15 2.15 1.13 1.66 1.72 2.49 3.36 4.44 4.33 4.53 4.12 5.06 5.14 5.13 4.70 5.57 5.52 6.52 6.96 7.54 7.80 7.81 8.37 8.62 8.25 8.64 8.78 9.51 9.14 8.87 9.32 9.60 9.55 9.65 9.62 9.67 9.62 9.69 9.76 9.75 9.75 9.66 9.55 9.51 9.48 9.67 9.19 9.09 9.23 9.09 8.97 9.06 9.23 9.34 9.44 9.44 9.44 9.44 9.44 9.64 9.64 9.64 9.64 9.64 9.64 9.64
7.98 7.10 5.35 5.51 5.98 6.00 6.34 5.40 6.45 6.09 4.82 3.77 2.86 2.78 2.71 2.09 2.13 2.54 3.66 4.45 4.30 4.51 4.39 4.67 4.94 5.43 5.90 6.24 5.67 6.69 7.82 7.52 7.77 8.78 7.87 8.77 9.03 9.35 9.52 9.32 9.19 9.18 9.42 9.45 9.66 9.60 9.65 9.60 9.53 9.65 9.74 9.72 9.41 9.45 9.27 9.28 9.55 9.17 9.06 8.53 8.31 8.83 9.00 9.12 9.26 9.44 9.44 9.44 9.44 9.44 9.44 9.44 9.44 9.64 9.64 9.64 9.64
8.48 8.59 7.85 7.60 7.53 7.14 7.75 6.84 7.50 5.27 3.85 2.56 1.92 2.37 3.99 5.01 3.68 3.23 3.51 4.31 4.81 5.54 5.62 5.65 5.68 6.48 7.05 6.57 6.19 6.17 8.43 7.47 8.31 8.49 7.84 8.40 9.30 9.46 9.41 9.46 9.62 9.60 9.61 9.36 9.64 9.68 9.65 9.48 9.46 9.51 9.64 9.62 9.34 9.36 9.19 9.31 9.29 8.93 8.83 8.31 8.70 8.32 8.92 9.15 9.15 9.15 9.15 9.44 9.44 9.44 9.44 9.44 9.44 9.44 9.44 9.44 9.64
8.99 8.59 7.82 7.08 7.56 6.85 6.62 5.70 5.74 3.37 2.44 1.78 1.95 2.71 3.83 4.40 4.81 4.73 5.48 4.92 5.84 5.82 5.85 6.04 6.87 7.34 6.71 6.92 6.56 7.62 8.17 7.77 8.56 9.05 8.02 8.05 9.50 9.53 9.41 9.25 9.28 9.24 9.29 9.59 9.63 9.66 9.46 9.35 9.46 9.55 9.58 9.43 9.32 9.17 9.20 8.99 8.93 9.20 9.11 8.95 8.88 8.89 8.98 9.08 9.15 9.15 9.15 9.15 9.15 9.44 9.44 9.44 9.44 9.44 9.44 9.44 9.64
7.44 8.15 7.23 6.52 6.81 6.45 5.38 4.56 5.07 3.54 2.40 3.50 4.00 3.55 3.75 4.90 5.96 6.78 6.93 7.13 7.37 8.06 8.27 7.38 7.48 7.44 6.75 6.31 8.01 8.06 8.56 8.58 8.89 9.22 8.05 8.73 9.55 9.63 9.47 9.37 9.03 8.73 9.49 9.38 9.34 9.40 9.17 9.08 9.31 9.56 9.42 9.22 8.99 8.98 8.80 8.72 9.04 9.11 8.91 9.02 9.00 8.85 8.94 9.02 9.02 9.31 9.31 9.31 9.31 9.31 9.31 9.31 9.44 9.44 9.44 9.44 9.64
6.28 7.56 7.13 6.60 6.11 6.64 6.32 4.81 4.22 3.42 3.88 4.58 4.83 5.44 5.81 6.41 7.19 7.65 7.57 7.68 8.54 8.50 8.64 7.31 7.37 6.34 6.04 8.04 8.39 8.79 9.12 9.15 9.21 8.49 8.75 8.69 9.39 9.46 9.48 9.48 9.34 9.41 9.27 8.78 9.31 9.29 9.07 9.18 8.86 9.04 8.31 8.45 9.10 8.90 8.84 9.07 9.14 8.99 8.74 8.92 8.88 9.03 9.15 9.15 9.31 9.31 9.31 9.31 9.31 9.31 9.50 9.50 9.50 9.50 9.50 9.50 9.64
5.12 6.48 6.81 5.86 5.43 4.75 5.17 5.32 4.05 4.61 4.87 5.18 5.67 6.94 7.58 7.77 7.99 8.31 8.38 8.27 8.43 8.79 8.30 7.06 6.22 6.09 7.18 8.06 8.33 9.39 9.51 9.53 9.40 9.12 8.65 9.29 9.27 9.32 9.47 9.35 9.25 9.19 8.85 9.48 9.42 9.46 9.39 8.87 8.74 9.12 8.20 8.77 8.84 8.89 9.07 8.99 9.25 9.17 8.75 8.66 8.90 9.26 9.37 9.08 9.29 9.29 9.29 9.50 9.50 9.50 9.50 9.50 9.50 9.50 9.50 9.50 9.64
5.43 5.78 6.32 5.65 5.58 4.84 5.70 5.92 5.64 5.19 6.22 7.12 7.27 7.88 8.09 8.20 8.36 8.71 8.93 8.76 8.55 8.90 8.12 7.41 7.36 7.34 7.27 7.61 9.00 9.38 9.38 9.42 9.38 8.90 8.17 8.70 9.20 9.43 9.47 9.35 9.41 9.27 9.38 9.39 9.39 9.30 9.07 9.02 8.86 8.42 8.38 8.67 8.80 8.68 9.16 9.11 9.38 8.89 8.52 8.72 8.79 9.27 9.45 9.30 9.29 9.50 9.50 9.50 9.50 9.50 9.50 9.50 9.50 9.50 9.50 9.50 9.64
5.43 6.43 6.23 6.55 6.63 5.44 6.46 6.77 6.53 6.27 6.61 7.84 8.26 8.37 8.60 8.63 8.81 8.86 9.26 9.17 9.18 8.72 8.78 8.39 7.61 8.48 8.65 8.91 9.42 9.49 9.41 9.42 9.23 8.36 8.79 9.31 9.42 9.41 9.42 9.44 9.51 9.49 9.53 9.47 9.34 9.15 9.12 9.02 8.83 8.79 8.82 9.12 8.92 9.14 9.38 9.34 9.20 8.79 8.76 8.79 8.94 9.45 9.47 9.38 9.21 9.50 9.50 9.50 9.50 9.50 9.50 9.50 9.50 9.50 9.50 9.50 99999.90
5.25 6.14 7.05 6.50 7.46 6.93 6.59 7.10 7.42 7.96 8.31 8.42 8.41 8.61 8.55 8.35 8.72 8.98 9.38 9.42 9.39 9.36 9.19 8.85 8.16 8.93 9.11 9.37 9.40 9.33 9.35 9.34 9.15 8.58 9.16 9.35 9.48 9.45 9.46 9.41 9.30 9.38 9.50 9.29 9.11 9.01 9.06 8.79 8.69 8.90 8.95 9.00 9.07 9.28 9.28 9.17 8.98 8.71 8.60 8.87 9.23 9.46 9.49 9.43 9.39 9.47 9.47 9.47 9.47 9.47 9.47 9.47 9.47 9.47 9.47 9.47 99999.90
5.81 5.49 6.16 6.98 7.29 7.47 7.29 7.30 7.96 8.41 8.38 8.50 8.76 9.02 8.95 9.15 9.03 8.88 9.15 9.14 9.21 9.36 9.09 8.93 8.82 9.09 9.21 9.24 9.27 9.43 9.46 9.39 9.19 8.72 9.24 9.34 9.41 9.39 9.32 9.05 8.92 9.27 9.34 8.96 9.13 8.91 8.63 8.73 8.94 9.09 9.25 9.25 9.39 9.34 9.13 8.94 8.56 8.51 8.59 9.06 9.21 9.35 9.47 9.14 9.31 9.48 9.48 9.48 9.48 9.48 9.48 9.48 9.48 9.48 9.48 9.48 99999.90
6.97 6.27 6.18 6.89 7.23 7.71 7.73 7.78 8.09 8.44 8.22 8.58 8.66 8.83 9.19 9.02 9.00 9.27 9.12 8.98 9.39 9.39 9.37 9.26 9.14 9.05 9.21 9.21 9.29 9.40 9.45 9.31 9.34 9.28 9.30 9.28 9.27 9.20 9.01 8.82 8.98 9.31 9.06 9.02 8.75 8.73 8.97 9.10 9.22 9.28 9.37 9.37 9.20 9.04 8.95 8.76 8.63 8.63 8.75 9.01 9.14 9.34 9.36 9.20 9.23 9.48 9.48 9.48 9.48 9.48 9.48 9.48 9.48 9.48 9.48 9.48 99999.90
7.61 7.53 7.56 7.60 7.45 8.21 8.55 7.86 8.03 8.14 8.53 8.78 8.61 8.91 8.89 9.20 9.27 9.05 9.00 9.17 9.40 9.44 9.37 9.29 9.12 9.22 9.21 9.30 9.31 9.36 9.39 9.30 9.40 9.26 9.06 9.07 9.10 9.02 8.83 8.98 9.14 8.79 8.70 8.89 8.90 9.04 9.18 9.19 9.24 9.33 9.24 9.08 9.00 9.01 8.89 8.94 9.01 9.03 8.90 8.98 9.22 9.34 9.44 9.35 9.27 9.27 9.27 9.48 9.48 9.48 9.48 9.48 9.48 9.48 9.48 9.48 99999.90
7.94 6.63 7.25 7.12 7.71 7.69 8.38 8.73 8.83 8.08 8.02 8.26 8.49 9.20 9.30 9.09 9.37 9.31 8.94 9.23 9.28 9.14 9.05 9.26 9.43 9.39 9.38 9.41 9.38 9.36 9.37 9.32 9.13 9.22 9.28 9.27 9.02 9.06 9.15 8.93 8.78 8.55 9.00 9.08 9.05 9.15 9.20 9.22 9.26 9.27 9.03 8.87 8.79 8.93 8.98 8.91 9.10 9.19 8.93 8.93 8.97 9.22 9.35 9.44 9.24 9.24 9.24 9.03 9.03 9.03 9.03 9.03 9.03 9.03 9.03 9.03 99999.90
7.66 7.27 7.05 7.32 8.08 8.28 7.79 8.20 8.51 8.19 8.56 8.53 8.96 9.24 9.02 9.08 9.26 9.16 9.06 9.15 9.17 9.15 9.35 9.42 9.43 9.42 9.41 9.41 9.41 9.41 9.43 9.16 9.03 9.26 9.39 9.13 9.22 9.09 8.86 8.82 8.72 8.96 9.18 9.25 9.22 9.06 9.03 9.01 9.21 9.17 8.97 8.89 8.85 9.01 9.12 9.13 9.24 9.27 9.07 9.04 9.05 9.14 9.23 9.34 9.20 9.20 9.03 9.03 9.03 9.03 9.03 9.03 9.03 9.03 9.03 9.03 99999.90
7.34 7.64 7.73 7.00 7.95 8.39 8.19 8.25 8.59 8.31 8.67 8.44 8.71 8.94 9.14 9.24 9.18 9.12 9.23 9.14 9.30 9.25 9.34 9.41 9.39 9.31 9.34 9.31 9.40 9.36 9.28 9.20 9.38 9.40 9.40 9.31 9.15 8.86 8.84 9.19 9.01 9.12 9.27 9.22 9.16 9.05 9.05 8.99 8.96 8.87 8.95 8.89 8.92 9.00 9.10 9.16 9.10 9.10 9.10 9.23 9.13 8.99 9.09 9.24 9.19 9.03 9.03 9.03 9.03 9.03 9.03 9.03 9.03 9.03 9.03 9.03 99999.90
8.21 8.12 8.01 7.36 8.25 8.36 8.42 8.83 8.74 8.51 8.75 8.52 8.97 9.03 9.12 9.23 9.23 9.13 9.13 9.30 9.25 9.23 9.30 9.32 9.06 8.87 8.73 9.02 9.25 9.02 9.06 9.33 9.37 9.37 9.35 9.26 9.09 9.19 9.25 9.03 8.95 9.15 9.16 9.21 9.17 9.11 9.10 9.07 8.90 8.98 9.04 9.06 8.98 9.05 9.13 9.10 9.16 9.15 9.15 9.16 9.24 8.99 9.09 9.24 9.19 9.03 9.03 9.03 9.03 9.03 9.03 9.03 9.03 9.03 9.03 9.03 99999.90
8.68 8.86 8.28 8.57 8.42 8.76 8.63 8.92 9.10 9.17 9.16 8.93 8.49 8.62 9.16 9.29 9.24 9.27 9.29 9.25 9.25 9.28 9.33 9.35 9.16 8.66 8.82 9.24 8.91 8.99 9.26 9.31 9.27 9.17 9.02 9.01 8.96 8.96 9.10 9.10 9.02 9.01 9.13 9.17 9.13 8.86 8.86 8.86 8.97 8.95 8.94 9.03 8.90 9.03 9.02 9.03 9.07 9.10 9.20 9.23 9.18 9.18 9.09 9.24 9.19 9.03 9.03 9.03 9.03 9.03 9.03 9.03 9.03 9.03 9.03 9.03 99999.90
8.97 9.10 8.90 8.62 8.75 8.91 8.73 8.86 8.93 9.16 9.19 8.92 8.87 9.21 9.32 9.32 9.32 9.31 9.29 9.29 9.16 9.22 9.24 8.89 8.35 8.56 9.18 8.86 8.87 9.17 9.31 9.32 9.24 9.10 8.87 8.74 9.06 9.19 9.16 9.04 8.88 9.01 8.87 8.90 8.81 8.70 8.81 8.65 8.95 8.93 9.12 8.91 9.01 9.03 9.07 9.13 9.14 9.18 9.25 9.26 9.18 9.18 9.18 9.24 9.19 9.03 9.03 9.03 9.03 9.03 9.03 9.03 9.03 9.03 9.03 9.03 99999.90
8.85 8.87 8.60 8.64 9.04 8.94 8.94 8.82 8.97 9.11 9.28 9.03 9.01 9.24 9.30 9.30 9.29 9.28 9.25 9.28 9.20 9.30 9.22 8.48 8.41 8.75 9.02 8.83 9.21 9.23 9.21 9.29 9.17 8.93 8.68 8.97 9.10 9.18 9.12 9.01 9.02 8.98 9.01 8.75 8.48 8.47 8.79 8.92 8.92 8.90 9.02 9.08 9.01 8.99 9.06 9.11 9.16 9.09 9.24 9.26 9.26 9.18 9.18 9.18 9.19 9.03 9.03 9.03 9.03 9.03 9.03 9.03 9.03 9.03 9.03 9.03 99999.90
8.84 8.88 8.85 8.91 8.86 9.02 8.87 9.04 8.99 8.87 8.89 8.82 9.22 9.25 9.30 9.30 9.28 9.26 9.25 9.25 9.28 9.26 9.26 9.04 8.73 8.79 9.16 9.10 9.23 9.17 9.24 9.22 8.99 9.09 9.10 8.97 9.16 9.03 9.01 8.98 8.94 8.88 8.92 8.62 8.77 8.74 8.84 8.91 8.87 8.92 9.01 8.96 8.90 9.03 9.16 9.18 9.07 9.09 9.24 9.24 9.26 9.26 9.18 9.18 9.19 9.03 9.03 9.03 9.03 9.03 9.03 9.03 9.03 9.03 9.03 9.03 99999.90
8.66 8.52 8.69 8.69 8.74 8.85 8.95 9.25 9.14 8.94 8.81 8.84 8.86 8.81 9.12 9.29 9.26 9.23 9.15 9.06 9.03 9.02 9.07 9.02 8.76 9.10 9.08 8.87 9.08 9.17 9.15 9.00 8.88 8.97 8.96 9.05 9.07 8.90 8.71 8.57 8.58 8.77 8.92 8.62 8.77 8.74 8.84 8.91 8.87 8.92 9.01 8.96 8.90 9.03 9.16 9.18 9.07 9.07 9.24 9.24 9.24 9.26 9.26 9.18 9.18 9.03 9.03 9.03 9.03 9.03 9.03 9.03 9.03 9.03 9.03 9.03 99999.90
8.73 8.59 8.66 8.89 8.99 8.99 9.10 9.04 8.96 9.01 8.92 8.86 9.12 9.17 9.25 9.27 9.11 8.71 8.63 8.73 8.57 8.85 9.14 9.01 9.02 8.77 8.67 8.87 8.93 9.17 9.15 9.00 8.88 8.97 8.96 9.05 9.07 8.90 8.71 8.57 8.58 8.77 8.77 8.62 8.77 8.74 8.84 8.91 8.87 8.92 9.01 8.96 8.90 9.03 9.16 9.18 9.07 9.07 9.07 9.24 9.24 9.24 9.26 9.26 9.18 9.03 9.03 9.03 9.03 9.03 9.03 9.03 9.03 9.03 9.03 9.03 99999.90
8.62 8.73 8.51 8.59 9.16 9.14 8.99 8.94 8.94 8.98 8.74 8.03 8.59 8.80 9.04 8.86 8.78 8.73 8.75 8.73 8.98 9.07 8.74 8.29 8.56 8.77 8.67 8.87 8.93 8.93 9.15 9.00 8.88 8.97 8.96 9.05 9.07 8.90 8.71 8.57 8.58 8.77 8.77 8.77 8.77 8.74 8.84 8.91 8.87 8.92 9.01 8.96 8.90 9.03 9.16 9.18 9.07 9.07 9.07 9.24 9.24 9.24 9.24 9.26 9.26 9.18 9.03 9.03 9.03 9.03 9.03 9.03 9.03 9.03 9.03 9.03 99999.90
8.50 8.52 8.58 8.53 8.80 8.85 8.92 8.68 8.02 7.96 8.13 7.85 7.79 8.32 8.94 8.77 8.71 8.42 8.74 8.92 8.65 8.48 8.54 8.29 8.56 8.56 8.67 8.87 8.93 8.93 8.93 9.00 8.88 8.97 8.96 9.05 9.07 8.90 8.71 8.57 8.58 8.77 8.77 8.77 8.77 8.74 8.84 8.91 8.87 8.92 9.01 8.96 8.90 9.03 9.16 9.18 9.07 9.07 9.07 9.07 9.24 9.24 9.24 9.24 9.26 9.26 9.03 9.03 9.03 9.03 9.03 9.03 9.03 9.03 9.03 9.03 99999.90
8.03 8.52 8.39 8.85 8.83 8.69 8.52 8.48 7.78 8.00 8.29 8.08 7.86 8.65 8.94 8.89 9.03 9.01 8.89 8.56 8.34 8.48 8.54 8.54 8.56 8.56 8.56 8.87 8.93 8.93 8.93 9.00 8.88 8.97 8.96 9.05 9.07 8.90 8.71 8.57 8.58 8.77 8.77 8.77 8.77 8.74 8.84 8.91 8.87 8.92 9.01 8.96 8.90 9.03 9.16 9.18 9.07 9.07 9.07 9.07 9.24 9.24 9.24 9.24 9.24 9.26 9.26 9.03 9.03 9.03 9.03 9.03 9.03 9.03 9.03 9.03 99999.90
