BOM_solar_grid_data_201906/2019061520190615.grid
ncols 839
nrows 679
xllcenter 112.0500
yllcenter -43.9500
cellsize 0.0500
nodata_value 99999.90
[rows 408 to 441 of 679, columns 539 to 615 of 839]
10.09 9.70 10.14 9.88 9.59 10.49 11.85 11.87 12.04 12.48 12.61 12.43 12.55 12.42 12.39 12.51 11.92 11.23 11.38 11.86 11.93 12.31 12.46 12.39 12.16 12.27 12.06 11.39 12.03 12.18 11.73 11.36 11.76 11.29 12.02 11.34 11.61 12.37 12.26 12.13 11.72 11.54 11.40 11.59 11.38 11.74 11.47 11.45 11.50 11.93 11.82 12.06 11.88 12.41 12.37 11.67 11.76 11.16 11.47 11.69 11.28 11.92 11.92 12.25 12.29 11.86 11.96 11.66 12.22 12.21 11.95 12.11 12.08 12.33 12.15 12.39 12.39
9.73 9.61 10.50 10.73 10.69 10.93 11.96 12.27 12.46 12.47 12.59 12.52 12.35 12.17 12.62 12.15 11.81 11.48 12.11 11.56 11.51 12.67 11.94 11.32 11.42 12.13 11.70 11.96 11.82 12.39 12.08 11.60 11.17 11.64 11.83 11.97 11.67 11.66 11.61 12.38 12.14 12.07 12.54 11.73 12.21 11.47 11.77 12.22 12.08 12.12 11.80 11.59 11.29 11.76 11.52 12.40 12.04 11.57 11.80 11.54 11.58 11.86 10.96 11.82 11.71 11.95 12.46 12.44 12.46 12.18 12.10 12.15 11.95 12.01 11.95 11.98 12.22
9.07 10.30 10.40 10.53 10.84 11.56 11.94 12.38 12.54 12.57 12.52 12.54 12.57 12.55 12.61 12.48 11.93 12.22 12.58 11.97 12.46 12.51 12.25 12.04 11.50 11.57 11.76 12.34 11.89 11.20 10.78 10.95 11.32 11.56 11.75 11.71 12.17 11.75 12.29 12.13 12.18 12.25 11.99 12.18 11.28 11.68 11.95 11.41 11.51 11.02 11.81 11.79 11.34 11.69 11.78 11.71 11.70 12.18 11.56 11.07 11.62 11.09 11.76 12.09 12.12 12.28 12.39 12.34 12.39 12.54 12.58 12.40 12.51 12.30 12.14 12.26 12.08
9.93 10.91 11.19 11.47 11.70 11.42 12.15 12.37 12.46 12.48 12.47 12.33 12.45 12.56 12.57 12.58 12.55 12.58 12.62 12.53 12.61 12.67 12.20 12.03 12.14 12.58 11.29 9.98 11.15 10.82 10.88 11.24 11.54 12.08 12.35 12.19 11.50 11.95 12.02 12.04 12.12 11.35 11.34 11.41 11.78 11.75 11.37 11.18 11.65 11.53 12.06 11.53 11.97 11.75 12.11 11.81 11.99 11.93 11.43 12.13 11.86 11.06 12.03 10.81 11.36 12.07 12.10 12.35 12.49 12.41 12.43 12.44 12.43 12.47 12.48 12.33 12.30
10.43 10.38 10.85 11.52 11.85 12.20 12.31 12.49 12.47 12.35 12.25 12.57 12.50 12.57 12.55 12.61 12.64 12.56 12.55 12.59 12.61 12.64 12.57 12.50 12.01 10.51 10.63 11.10 10.92 10.63 11.46 11.61 11.76 11.94 11.79 11.77 12.41 12.24 12.13 11.81 11.22 11.27 11.17 11.00 11.14 10.99 10.97 11.66 11.83 11.61 11.68 12.13 12.20 11.75 10.96 11.58 11.14 11.62 12.17 11.77 11.41 12.11 11.46 10.98 11.36 11.33 11.61 12.19 12.28 12.38 12.44 12.38 12.40 12.49 12.44 12.44 12.37
9.77 10.35 11.13 11.54 12.05 12.23 12.36 12.55 12.53 12.22 12.25 12.57 12.58 12.56 12.54 12.56 12.54 12.55 12.57 12.58 12.59 12.62 12.55 11.47 11.03 11.84 11.62 11.79 11.15 11.19 11.55 10.99 11.96 12.10 12.32 12.28 11.76 11.96 12.33 11.86 11.65 11.12 11.26 11.79 11.49 11.45 11.67 11.83 11.80 11.97 11.86 11.82 11.90 11.61 11.83 11.84 11.44 11.12 10.86 11.06 12.07 11.80 11.41 11.95 11.45 11.32 11.42 10.82 11.58 12.13 12.29 11.90 12.39 12.47 12.40 12.44 12.45
10.07 10.92 11.56 11.90 12.13 12.16 12.36 12.51 12.54 12.54 12.54 12.53 12.49 12.54 12.49 12.44 12.46 12.53 12.52 12.56 12.57 12.58 12.30 12.16 12.54 11.90 12.56 11.30 11.15 11.57 11.94 11.59 11.96 11.13 11.29 12.21 12.07 12.19 11.70 11.94 11.87 11.68 11.09 10.55 9.33 10.22 10.98 11.41 11.93 11.26 11.55 11.02 11.68 11.37 11.68 11.53 11.58 11.26 10.70 11.14 10.49 10.92 11.77 11.51 11.63 11.74 10.93 10.94 11.72 11.54 11.94 12.29 12.33 12.29 12.02 12.38 12.43
10.94 11.39 11.72 11.61 11.98 12.16 12.39 12.45 12.47 12.50 12.49 12.52 12.43 12.50 12.48 12.51 12.50 12.49 12.51 12.45 12.59 12.56 12.52 12.42 12.14 12.57 11.01 10.47 11.49 11.85 11.41 11.58 11.49 11.80 12.30 12.29 12.32 11.50 11.45 11.20 11.01 10.82 11.58 11.92 11.74 11.28 11.17 11.33 12.07 11.37 11.64 11.30 11.88 11.89 11.91 11.06 11.44 10.87 11.78 11.74 11.22 10.64 11.26 11.35 11.69 11.80 11.53 11.29 11.03 11.04 11.27 12.13 12.31 12.26 12.42 12.20 12.19
10.91 11.00 10.99 11.15 11.99 12.27 12.35 12.40 12.40 12.46 12.51 12.48 12.53 12.46 12.46 12.44 12.47 12.53 12.51 12.43 12.57 12.51 12.45 12.37 11.87 10.72 10.29 11.16 12.22 12.13 11.62 12.35 12.16 12.37 12.34 11.37 11.15 11.62 11.38 11.89 11.84 11.91 11.94 11.76 11.97 11.97 11.92 11.48 10.72 10.98 11.53 11.96 11.53 11.84 11.67 12.08 11.17 11.05 10.79 10.98 11.13 11.46 11.64 11.38 11.38 11.17 11.47 11.03 10.28 11.51 11.95 11.60 11.64 12.16 12.34 12.28 12.34
10.39 10.41 10.56 11.28 12.11 12.25 12.20 12.30 12.31 12.38 12.41 12.50 12.50 12.42 12.42 12.42 12.40 12.40 12.41 12.43 12.52 12.27 12.39 11.93 11.37 11.43 11.69 12.11 12.25 12.11 12.25 12.07 12.01 12.04 11.54 12.08 12.24 12.39 12.10 11.90 11.76 11.28 11.08 11.49 12.23 12.01 11.89 12.21 11.50 11.51 11.57 11.55 12.09 12.28 12.31 11.89 11.91 11.66 11.54 10.90 10.79 11.53 10.86 10.92 11.72 11.57 10.91 11.43 11.89 11.36 11.67 11.76 12.07 11.73 11.79 11.88 12.06
11.00 11.12 10.87 11.61 11.83 12.12 12.21 12.40 12.40 12.40 12.40 12.46 12.49 12.38 12.37 12.38 12.36 12.39 12.38 12.47 12.43 11.93 12.24 12.24 12.39 12.18 12.01 12.13 11.60 11.29 11.30 12.16 12.29 12.28 11.97 11.99 12.45 12.20 11.78 11.50 11.18 11.86 12.13 11.85 12.04 12.21 11.71 11.45 11.40 11.09 11.29 11.17 11.75 12.30 12.33 12.37 12.32 12.05 11.37 11.39 11.31 10.75 9.96 10.86 11.19 11.61 11.25 11.20 10.68 10.92 11.17 11.48 12.08 12.00 11.81 11.67 11.86
11.28 11.18 11.35 11.27 11.84 12.28 12.26 12.39 12.38 12.33 12.34 12.27 12.40 12.33 12.44 12.13 12.45 12.45 12.45 12.47 12.08 12.18 12.49 12.38 12.38 12.21 11.99 10.31 10.96 11.74 11.70 12.40 11.96 11.96 12.07 12.05 11.62 11.46 11.81 11.84 12.09 12.32 12.15 11.86 11.63 11.38 11.07 10.61 11.47 11.12 11.88 12.11 11.78 12.39 12.37 12.38 12.34 12.31 12.24 11.78 11.87 11.14 10.66 10.73 10.94 11.07 11.26 10.48 10.86 10.87 11.23 11.56 11.88 11.75 11.77 12.14 11.73
11.25 11.32 10.25 11.05 12.02 12.19 12.40 12.26 12.27 12.34 12.31 12.38 12.28 12.34 12.26 11.97 12.40 12.39 12.43 12.42 12.24 12.45 12.45 12.31 12.32 11.93 10.92 9.78 11.66 12.07 12.14 11.36 12.00 11.99 11.37 10.91 11.73 11.80 11.92 12.06 12.05 11.74 11.90 11.83 11.41 11.20 11.22 10.32 10.51 10.99 11.45 11.54 11.72 12.07 12.32 12.33 12.34 12.28 12.19 12.13 11.90 11.73 10.84 10.49 11.03 10.57 10.96 11.10 11.22 11.11 10.72 10.57 11.19 12.05 12.02 11.98 11.95
11.63 11.21 11.28 11.44 11.98 12.18 12.19 12.36 12.35 12.28 12.29 12.36 12.36 12.28 12.16 12.23 11.94 12.38 12.24 11.79 11.91 12.38 12.41 12.34 12.25 11.62 10.20 11.16 11.92 11.98 11.66 11.57 12.24 11.80 11.04 11.57 11.66 11.68 12.04 12.23 11.84 11.96 11.78 10.96 9.65 10.22 10.19 11.38 11.41 11.82 11.58 11.69 11.96 11.88 12.17 12.27 12.16 12.24 12.24 12.04 11.96 11.79 11.42 10.90 10.71 11.34 11.70 11.42 11.35 11.09 10.86 10.89 10.71 11.40 11.83 12.08 12.07
11.22 11.33 11.10 11.53 11.96 12.22 12.29 12.30 12.29 12.22 12.28 12.32 12.34 12.35 12.08 11.70 11.81 12.14 12.16 12.11 12.25 12.28 12.29 12.20 11.37 11.05 11.14 11.89 11.99 12.15 11.65 12.11 12.23 11.92 11.78 11.95 12.19 12.18 12.17 12.02 11.52 10.67 10.40 10.07 10.46 11.46 10.97 11.58 11.32 11.47 11.72 11.65 11.26 11.58 11.74 12.16 11.99 12.11 12.04 12.17 12.21 11.43 11.61 11.24 10.18 10.12 10.72 11.67 11.89 11.48 11.06 11.07 10.05 11.64 11.95 11.84 12.07
11.54 11.50 11.67 11.93 12.10 12.14 12.17 12.25 12.26 12.21 12.27 12.30 12.31 12.30 12.02 11.55 12.06 12.21 12.19 12.18 11.90 12.13 12.31 12.02 11.33 11.84 12.13 12.00 11.89 12.24 11.81 12.17 12.19 11.87 12.06 12.18 11.79 12.00 11.64 11.15 10.44 9.87 9.75 10.57 11.10 11.44 10.72 10.40 11.33 11.75 10.95 11.43 11.52 11.62 11.79 12.05 12.15 12.11 12.15 12.19 12.18 11.63 11.83 11.19 11.39 10.80 11.14 11.72 11.67 11.98 11.82 11.33 11.43 10.34 11.06 11.81 12.14
11.40 11.69 11.39 12.09 11.89 12.02 12.06 12.26 12.23 12.22 12.27 12.28 12.26 12.13 11.51 10.84 11.83 12.02 12.04 11.45 12.08 12.15 12.04 11.97 11.12 12.07 12.05 12.11 12.22 12.16 12.02 11.88 12.17 12.02 12.25 11.91 11.79 11.93 10.85 9.89 10.38 11.48 11.76 10.89 10.48 11.03 11.07 11.25 11.03 11.25 11.60 11.39 11.23 11.54 11.47 11.82 12.14 12.09 12.15 11.98 11.67 11.99 11.92 11.73 11.61 11.37 10.54 11.47 11.84 11.90 11.64 11.93 11.68 11.95 11.50 11.80 11.78
11.53 11.44 11.81 11.89 11.99 12.00 12.02 12.22 12.16 12.17 12.19 12.21 12.26 12.05 10.40 11.44 11.65 11.61 11.63 11.54 11.72 11.86 12.00 11.52 11.47 12.00 12.18 12.28 12.17 12.14 11.88 11.96 12.07 11.36 10.88 11.74 12.05 11.26 10.27 11.00 11.83 10.64 10.47 10.65 11.07 11.13 10.42 10.54 10.89 10.91 11.31 11.62 11.80 11.52 11.33 11.92 11.94 12.03 11.97 12.04 12.07 11.70 11.95 11.95 11.83 11.38 10.46 11.65 11.78 11.80 11.75 11.80 11.84 11.86 11.20 11.67 11.91
11.55 11.62 11.72 11.84 11.92 12.00 12.07 12.14 12.11 12.04 12.07 12.09 12.16 12.07 11.14 11.62 11.70 11.62 11.74 11.43 11.41 11.73 11.79 11.39 11.76 12.01 12.18 12.16 12.02 11.70 11.15 11.43 11.47 11.50 11.42 12.20 12.04 10.54 11.79 11.52 10.07 10.03 10.39 9.67 9.62 9.58 9.86 10.08 10.24 10.93 10.76 11.57 11.48 11.45 11.08 11.60 11.82 12.05 12.02 12.10 12.03 11.93 11.89 11.88 11.68 11.20 9.95 10.18 11.00 11.69 12.04 11.88 12.06 12.11 11.76 11.45 11.28
11.32 11.49 11.78 11.88 11.97 11.95 12.01 11.98 11.97 12.01 11.98 12.07 12.10 11.78 11.24 11.50 10.93 11.37 11.31 11.39 11.54 11.71 11.58 11.88 11.79 12.13 12.12 12.03 11.50 10.69 10.89 12.00 11.54 12.12 12.19 11.91 11.06 11.66 10.71 9.29 10.89 10.88 10.61 10.30 10.09 10.47 9.60 8.85 10.11 11.03 11.05 11.68 11.88 11.99 11.96 12.19 12.14 12.01 12.09 12.04 12.03 12.10 12.02 12.14 11.67 11.81 11.80 11.60 11.79 11.32 11.65 11.99 12.05 12.08 12.09 12.11 11.92
11.61 11.73 11.93 11.99 11.98 11.75 11.93 11.96 11.98 12.01 12.08 12.18 12.08 11.63 11.08 10.99 10.66 11.18 10.80 11.51 11.16 11.71 11.99 11.51 11.73 11.72 11.96 11.87 11.60 11.32 11.92 12.12 11.99 11.83 11.92 11.13 11.11 10.38 9.28 10.77 10.69 10.30 10.62 10.11 10.94 10.57 9.95 9.42 9.72 10.18 10.65 11.29 11.22 11.86 11.84 11.91 11.92 12.09 11.86 12.12 12.14 12.11 12.03 12.11 12.05 12.06 11.98 11.83 11.69 11.65 10.89 10.91 11.40 12.05 11.99 11.96 12.09
11.71 11.83 12.13 11.88 11.12 11.62 11.90 12.06 12.09 12.09 11.99 12.05 11.97 11.64 10.45 11.19 11.16 10.74 10.24 11.23 11.28 11.71 11.81 11.77 11.77 11.84 11.68 11.93 11.57 11.53 11.86 11.45 11.35 11.20 10.93 10.59 10.89 10.11 10.74 10.88 10.37 10.61 9.86 10.69 11.07 11.10 11.07 10.67 10.55 10.77 10.71 10.88 11.26 11.32 11.81 11.80 12.01 12.12 12.12 12.03 12.06 12.12 12.14 12.14 12.10 12.12 12.12 11.71 11.63 11.66 11.74 11.89 11.58 11.74 11.96 11.82 11.84
11.58 11.64 11.96 11.37 10.97 11.41 12.03 12.11 11.94 11.85 11.86 11.88 11.92 11.48 10.73 11.36 11.33 9.99 10.40 10.69 11.25 11.79 11.54 11.81 11.57 11.90 11.87 11.83 11.74 11.63 11.28 11.06 11.46 10.80 11.02 11.35 10.72 10.97 10.56 10.72 11.34 11.16 10.88 10.97 10.25 9.59 9.17 9.21 10.69 10.57 10.92 11.53 11.30 11.61 11.66 11.88 11.76 11.46 11.40 11.74 12.11 12.09 12.10 12.12 12.07 12.12 12.12 12.12 11.65 11.61 11.09 11.73 11.99 12.06 11.99 11.85 12.02
11.44 11.58 11.97 11.29 11.73 12.11 12.12 11.97 11.67 11.59 11.57 11.71 11.86 11.63 11.20 11.18 11.19 9.99 10.33 11.19 11.62 11.83 11.84 11.72 11.45 11.92 11.40 11.31 11.66 11.45 11.23 11.62 11.69 11.56 11.31 11.18 11.05 10.74 11.11 11.90 11.31 11.12 11.04 10.63 10.27 9.74 9.59 9.47 10.56 10.28 11.03 11.70 11.76 11.38 11.70 11.78 12.00 11.96 11.95 12.05 12.10 12.00 12.02 12.03 12.06 12.08 12.11 12.13 11.80 11.12 11.25 11.59 11.70 11.61 11.86 12.04 12.03
11.47 11.76 11.90 11.85 11.95 12.02 12.02 12.07 11.87 11.82 11.84 11.90 11.82 11.85 11.22 11.28 11.21 10.63 10.80 10.63 10.97 11.57 11.47 11.54 11.83 11.72 11.60 11.70 11.64 11.45 11.64 11.59 11.72 11.54 10.73 11.22 11.50 11.32 11.89 11.59 10.70 10.99 11.47 11.39 10.68 10.82 10.62 11.01 10.85 10.91 11.39 11.77 11.39 11.85 12.02 11.85 11.86 11.94 11.86 11.76 11.64 11.64 11.89 11.98 12.05 12.07 12.09 12.10 12.01 11.78 11.56 11.25 11.40 11.79 11.82 12.03 12.04
11.60 11.74 11.81 12.04 12.01 12.00 12.02 12.01 12.06 11.95 11.94 11.97 12.02 12.06 11.27 11.37 11.12 10.98 10.43 10.32 10.87 11.01 11.53 11.61 11.65 11.59 11.57 11.84 11.67 11.60 11.41 11.76 11.06 11.25 11.34 11.56 11.63 11.64 11.78 11.36 11.62 12.01 11.44 9.88 9.04 8.89 9.65 11.27 10.50 10.56 10.90 11.40 11.78 11.66 11.60 11.82 11.87 11.83 11.70 11.71 11.90 12.00 11.93 11.98 12.01 11.99 12.03 12.03 11.95 11.82 11.58 11.18 11.44 11.40 11.97 12.01 12.00
11.46 11.44 11.53 11.82 11.74 11.85 11.90 11.97 11.97 11.90 11.94 12.07 12.06 12.04 11.73 11.60 11.33 10.66 10.77 11.08 11.43 11.81 11.91 11.47 10.95 11.15 11.61 11.36 11.37 11.56 11.49 11.21 11.16 11.13 11.20 11.59 11.44 11.83 11.49 11.80 11.54 10.91 9.38 10.05 10.48 9.53 9.27 9.30 10.29 11.17 11.80 11.79 11.70 11.54 11.26 11.52 11.75 11.65 11.58 11.85 12.00 11.98 12.04 12.03 11.78 11.22 11.11 11.24 11.57 11.78 11.85 11.90 11.55 11.63 11.90 11.92 11.94
11.17 11.08 10.95 11.73 11.75 11.92 11.98 11.97 12.08 12.00 11.98 11.97 11.93 11.90 11.72 11.51 11.34 10.93 11.01 11.19 11.68 11.91 11.82 11.11 10.74 11.01 11.13 11.19 11.10 11.57 11.66 11.39 11.35 11.21 10.84 10.76 10.63 11.62 11.55 11.35 9.81 8.05 9.70 10.55 9.21 9.23 9.26 10.20 10.42 10.42 10.46 10.55 11.38 11.11 11.25 11.49 11.56 11.62 11.70 11.78 12.02 12.03 11.95 11.83 11.55 10.27 10.51 11.41 11.57 11.68 11.54 11.85 11.81 11.90 11.92 11.91 11.85
11.06 10.82 11.10 11.62 11.90 11.84 11.85 11.83 11.93 11.89 11.95 11.96 11.95 11.74 11.46 11.52 11.05 10.16 11.38 11.65 11.56 11.41 11.29 10.03 10.31 10.57 10.81 10.81 11.12 11.38 11.21 11.28 11.48 11.32 10.91 10.72 10.84 10.82 10.49 10.05 9.25 10.02 10.52 9.46 9.26 8.75 9.99 10.61 10.40 9.88 9.60 9.65 9.59 10.43 11.12 11.57 11.81 11.81 11.99 11.86 11.66 12.01 11.99 11.84 11.56 11.31 11.71 11.62 11.82 11.85 11.71 11.73 11.74 11.83 11.93 11.90 11.83
10.70 10.41 11.11 11.62 11.66 11.71 11.72 11.87 11.91 11.88 11.81 11.85 11.85 11.79 11.81 11.35 11.14 10.66 11.28 11.55 11.50 11.20 11.06 10.22 10.19 10.54 10.68 10.36 10.94 10.99 11.00 11.09 11.25 10.94 11.06 11.28 11.40 11.01 10.85 10.14 10.05 10.47 10.83 10.74 9.76 10.22 10.61 10.19 10.56 9.68 9.90 10.02 9.99 10.46 11.49 11.70 11.95 11.98 11.98 11.92 11.93 11.99 11.78 11.86 11.53 11.64 11.80 11.65 11.43 11.50 11.56 11.72 11.76 11.60 11.63 11.71 11.67
11.01 10.62 9.54 11.46 11.73 11.71 11.78 11.84 11.83 11.74 11.70 11.74 11.80 11.66 11.61 11.54 10.14 10.11 11.08 11.55 10.91 10.70 11.16 10.48 10.46 10.46 11.13 10.74 10.64 10.50 10.56 11.01 10.45 10.49 10.76 10.85 10.68 11.44 11.47 11.54 11.31 11.45 11.26 10.62 10.39 10.16 9.14 8.95 9.39 10.38 10.29 10.43 10.97 11.40 11.79 11.78 11.92 11.96 11.94 11.72 11.89 11.77 11.69 11.80 11.61 11.66 11.37 11.40 11.44 11.46 11.54 11.51 11.46 11.42 11.59 11.54 11.46
10.93 10.73 9.46 11.10 11.63 11.68 11.86 11.86 11.90 11.65 11.72 11.66 11.65 11.50 11.65 11.41 10.40 10.18 11.31 11.32 11.00 11.37 10.61 10.52 10.41 10.43 10.59 10.93 10.48 10.51 10.25 10.24 10.38 10.98 10.46 11.26 11.53 11.07 11.18 11.33 11.29 11.40 10.93 10.88 9.77 9.95 10.05 8.81 8.40 8.53 8.74 9.17 9.36 10.49 11.34 11.78 11.91 11.91 11.91 11.91 11.89 11.82 11.75 11.76 11.69 11.65 11.66 11.52 11.51 11.62 11.60 11.28 11.22 11.26 11.38 11.44 11.50
10.55 10.28 9.74 10.30 11.62 11.71 11.85 11.79 11.78 11.75 11.73 11.52 11.69 11.72 11.82 11.45 10.36 10.15 10.76 11.47 10.81 10.41 10.38 10.35 10.61 9.72 10.23 10.12 10.74 10.62 10.84 10.74 11.28 10.91 11.17 11.25 10.20 10.16 10.69 10.90 11.25 11.41 10.86 10.78 9.91 10.18 10.39 9.96 9.53 9.89 9.12 9.91 10.17 10.11 10.31 10.83 11.52 11.82 11.79 11.81 11.71 11.62 11.69 11.64 11.60 11.66 11.76 11.81 11.82 11.86 11.82 11.68 11.47 11.49 11.48 11.40 11.45
10.37 10.51 10.14 10.72 11.34 11.90 11.91 11.75 11.70 11.70 11.67 11.74 11.81 11.83 11.79 11.68 10.14 10.50 10.63 11.32 11.43 9.96 9.87 9.87 9.90 9.95 10.25 10.93 10.53 10.85 11.19 11.20 11.17 10.75 11.30 9.77 9.63 9.73 9.79 10.20 10.47 11.12 10.18 10.25 11.29 10.44 10.50 9.60 9.58 10.30 10.25 10.04 10.37 10.88 10.52 9.96 9.99 10.40 10.71 11.30 11.52 11.42 11.72 11.74 11.78 11.64 11.72 11.84 11.88 11.88 11.85 11.85 11.86 11.70 11.82 11.71 11.66
