BOM_solar_grid_data_201906/2019063020190630.grid
ncols 839
nrows 679
xllcenter 112.0500
yllcenter -43.9500
cellsize 0.0500
nodata_value 99999.90
[rows 204 to 237 of 679, columns 616 to 692 of 839]
17.23 17.22 17.23 17.26 17.25 17.24 17.25 17.24 17.23 17.22 17.21 17.21 17.20 17.21 17.24 17.23 17.20 17.21 17.22 17.21 17.20 17.21 17.18 17.17 17.17 17.16 17.15 17.14 17.15 17.16 17.10 17.11 17.14 17.14 17.13 17.01 17.13 17.13 17.14 17.14 17.14 17.14 17.14 17.15 17.16 17.15 17.16 17.16 17.15 17.14 17.14 17.13 17.13 17.15 17.17 17.17 17.15 17.15 17.15 17.14 17.16 17.17 17.16 17.18 17.16 17.15 17.15 17.15 17.15 17.16 17.17 17.17 17.16 17.14 17.14 17.13 17.11
17.21 17.21 17.23 17.22 17.22 17.21 17.21 17.20 17.19 17.19 17.19 17.18 17.20 17.20 17.19 17.18 17.18 17.20 17.20 17.20 17.19 17.19 17.15 17.15 17.13 17.10 17.14 17.14 17.13 17.13 17.12 17.12 17.12 17.11 17.04 17.10 17.11 17.10 17.11 17.12 17.12 17.11 17.11 17.13 17.14 17.12 17.13 17.14 17.13 17.12 17.12 17.13 17.14 17.14 17.14 17.15 17.14 17.14 17.14 17.14 17.16 17.16 17.16 17.14 17.15 17.16 17.15 17.14 17.14 17.12 17.15 17.15 17.14 17.14 17.13 17.12 17.10
17.18 17.21 17.24 17.24 17.20 17.20 17.19 17.20 17.20 17.14 17.18 17.20 17.19 17.20 17.15 17.16 17.16 17.17 17.18 17.16 17.16 17.15 17.16 17.14 17.12 17.10 17.00 17.12 17.12 17.11 17.11 17.10 17.10 17.09 17.09 17.09 17.09 17.09 17.10 17.10 17.10 17.09 17.09 17.10 17.10 17.10 17.09 17.09 17.09 17.10 17.10 17.11 17.11 17.11 17.11 17.12 17.12 17.11 17.11 17.11 17.12 17.11 17.12 17.10 17.12 17.13 17.11 17.11 17.11 17.10 17.12 17.11 17.10 17.10 17.09 17.10 17.10
17.17 17.18 17.22 17.24 17.22 17.21 17.21 17.19 17.18 17.20 17.18 17.18 17.18 17.16 17.16 17.17 17.14 17.17 17.15 17.14 17.13 17.13 17.13 17.13 17.09 17.07 17.04 17.08 17.08 17.08 17.08 17.08 17.08 17.08 17.07 17.07 17.07 17.08 17.08 17.10 17.09 17.08 17.07 17.06 17.07 17.07 17.08 17.09 17.08 17.08 17.09 17.09 17.10 17.10 17.10 17.10 17.10 17.10 17.09 17.09 17.09 17.10 17.11 17.10 17.11 17.10 17.10 17.10 17.09 17.09 17.08 17.08 17.07 17.07 17.08 17.07 17.07
17.18 17.18 17.19 17.21 17.20 17.21 17.17 17.16 17.17 17.18 17.17 17.17 17.16 17.16 17.17 17.16 17.15 17.14 17.13 17.14 17.12 17.11 17.10 17.10 17.07 17.07 17.05 17.04 17.07 17.07 17.08 17.07 17.07 17.07 17.06 17.05 17.05 17.05 17.06 17.06 17.05 17.07 17.07 17.05 17.06 17.05 17.05 17.06 17.06 17.07 17.07 17.07 17.07 17.07 17.07 17.06 17.07 17.07 17.07 17.07 17.07 17.07 17.07 17.08 17.09 17.07 17.07 17.08 17.08 17.07 17.05 17.04 17.04 17.05 17.06 17.06 17.06
17.16 17.16 17.16 17.16 17.19 17.17 17.17 17.16 17.16 17.11 17.07 17.12 17.11 17.16 17.14 17.12 17.13 17.09 17.08 17.09 17.07 17.07 17.08 17.08 17.07 17.04 17.06 17.03 17.05 17.07 17.06 17.05 17.04 17.05 17.04 17.04 17.04 17.02 17.02 17.02 17.02 17.04 17.04 17.04 17.03 17.03 17.03 17.03 17.03 17.04 17.04 17.05 17.05 17.05 17.05 17.05 17.05 17.05 17.05 17.05 17.04 17.04 17.05 17.04 17.05 17.05 17.06 17.06 17.08 17.06 17.04 17.04 17.04 17.04 17.04 17.04 17.04
17.15 17.13 17.11 17.09 17.14 17.15 17.15 17.10 17.14 17.07 16.99 17.00 17.07 17.13 17.12 17.11 17.10 17.07 17.03 17.06 17.04 17.04 17.06 17.06 17.05 17.03 17.05 17.04 17.03 16.97 17.03 17.03 17.06 17.02 17.02 17.02 17.02 17.02 17.03 17.02 17.01 17.02 17.02 17.03 17.02 17.01 17.00 17.00 17.00 17.01 17.02 17.03 17.02 17.02 17.03 17.02 17.02 17.03 17.03 17.03 17.03 17.02 17.01 17.02 17.02 17.03 17.02 17.03 17.04 17.03 17.02 17.02 17.02 17.01 17.01 17.01 17.02
17.14 17.13 17.07 16.92 17.10 17.11 17.11 17.11 17.11 17.10 16.94 17.07 17.06 17.07 17.04 17.08 17.04 17.02 17.02 17.00 17.02 17.02 17.03 17.05 17.05 17.04 17.02 17.00 17.01 16.97 17.00 17.03 17.02 17.01 17.01 16.99 17.01 17.00 17.01 17.00 17.00 16.99 17.01 17.00 17.00 16.98 16.98 16.99 17.00 17.00 17.00 17.00 17.01 17.02 17.01 17.01 17.01 17.00 17.01 17.01 17.01 17.01 17.00 17.00 17.01 17.01 17.01 17.02 17.02 17.02 17.01 17.01 17.01 16.99 16.99 16.99 16.98
17.08 17.07 17.07 17.08 17.07 17.06 17.02 17.07 17.08 17.07 17.06 17.05 17.03 16.86 17.02 17.04 17.00 16.99 17.00 17.01 17.04 17.03 17.02 17.04 17.03 17.04 17.00 16.99 16.98 16.98 17.00 17.00 17.01 17.01 17.00 17.00 17.02 16.99 16.99 17.00 17.00 16.98 16.98 16.99 16.99 16.98 16.97 16.99 17.00 16.98 16.97 16.98 16.99 16.97 16.98 16.98 16.98 16.98 16.97 16.98 16.98 16.98 16.97 16.98 16.99 16.99 16.99 17.00 17.00 17.00 17.00 16.98 16.99 16.98 16.96 16.98 16.95
17.06 17.10 17.11 17.10 17.09 17.05 17.01 17.05 17.04 17.05 17.02 16.99 16.94 16.89 16.99 16.98 16.98 16.98 16.99 17.02 17.04 17.02 16.98 16.98 16.98 16.97 16.98 16.96 16.95 16.95 16.96 16.99 17.00 16.97 16.99 17.00 16.97 16.96 16.96 16.97 16.98 16.96 16.96 16.97 16.96 16.96 16.96 16.95 16.98 16.98 16.95 16.96 16.97 16.95 16.95 16.96 16.95 16.95 16.94 16.95 16.95 16.95 16.95 16.95 16.96 16.96 16.97 16.96 16.96 16.98 17.00 16.98 16.98 16.97 16.95 16.95 16.95
17.07 17.08 17.08 17.08 17.08 17.06 17.03 16.99 16.99 16.98 16.91 16.93 16.87 17.02 16.97 17.00 17.00 16.99 17.03 17.03 17.03 17.01 17.01 16.99 16.97 16.97 16.98 17.00 16.96 16.95 16.96 16.97 16.98 16.97 16.98 16.97 16.96 16.95 16.95 16.95 16.96 16.95 16.95 16.95 16.96 16.94 16.94 16.92 16.94 16.95 16.95 16.96 16.96 16.94 16.94 16.94 16.94 16.93 16.93 16.92 16.92 16.92 16.91 16.93 16.93 16.93 16.93 16.95 16.96 16.99 16.99 16.99 16.95 16.94 16.94 16.93 16.92
17.04 17.05 17.06 17.05 17.05 17.05 17.05 17.05 17.02 17.02 17.02 16.99 16.89 16.86 16.91 16.98 16.98 17.01 17.02 17.02 17.00 16.97 16.98 16.97 16.97 16.97 16.97 16.99 16.97 16.92 16.93 16.94 16.96 16.94 16.94 16.96 16.94 16.93 16.93 16.93 16.95 16.94 16.94 16.94 16.93 16.92 16.92 16.92 16.92 16.93 16.94 16.94 16.92 16.92 16.92 16.91 16.92 16.92 16.92 16.91 16.91 16.91 16.90 16.91 16.91 16.92 16.93 16.93 16.96 16.97 16.98 16.96 16.95 16.93 16.92 16.92 16.91
16.98 17.03 17.03 17.05 17.03 17.01 17.02 17.03 17.03 17.03 17.03 17.01 16.92 16.87 16.86 16.98 17.01 17.02 17.00 16.99 16.99 16.93 16.96 16.96 16.97 16.96 16.94 16.96 16.98 16.94 16.93 16.93 16.92 16.92 16.93 16.93 16.92 16.93 16.91 16.92 16.94 16.94 16.92 16.92 16.92 16.91 16.90 16.91 16.91 16.92 16.92 16.92 16.90 16.89 16.88 16.88 16.89 16.90 16.90 16.90 16.90 16.90 16.90 16.89 16.88 16.89 16.90 16.91 16.93 16.94 16.93 16.93 16.94 16.91 16.91 16.92 16.91
16.96 16.98 17.00 17.01 16.99 16.99 16.99 16.98 16.99 16.99 16.99 16.97 16.96 16.96 16.85 16.93 16.93 16.97 16.96 16.95 16.96 16.93 16.89 16.84 16.93 16.92 16.91 16.92 16.94 16.93 16.93 16.92 16.92 16.92 16.90 16.90 16.89 16.89 16.89 16.90 16.92 16.93 16.92 16.91 16.90 16.89 16.89 16.89 16.90 16.90 16.89 16.89 16.87 16.87 16.86 16.86 16.86 16.87 16.88 16.88 16.88 16.88 16.88 16.87 16.87 16.86 16.88 16.90 16.91 16.92 16.91 16.91 16.92 16.91 16.90 16.89 16.88
16.97 16.99 16.99 16.98 16.96 16.97 16.98 16.97 16.95 16.96 16.95 16.95 16.95 16.96 16.94 16.90 16.86 16.88 16.80 16.78 16.83 16.93 16.88 16.64 16.82 16.89 16.83 16.89 16.89 16.93 16.88 16.88 16.88 16.89 16.89 16.88 16.88 16.87 16.86 16.88 16.89 16.89 16.89 16.89 16.88 16.86 16.86 16.87 16.88 16.88 16.85 16.84 16.84 16.86 16.85 16.83 16.84 16.85 16.85 16.85 16.85 16.86 16.86 16.86 16.86 16.87 16.88 16.88 16.88 16.89 16.90 16.89 16.91 16.89 16.87 16.86 16.87
16.92 16.94 16.94 16.95 16.95 16.94 16.93 16.92 16.91 16.88 16.91 16.82 16.90 16.93 16.91 16.81 16.74 16.67 16.55 16.62 16.65 16.83 16.89 16.77 16.84 16.90 16.91 16.86 16.84 16.89 16.90 16.86 16.86 16.85 16.84 16.85 16.85 16.86 16.86 16.86 16.87 16.86 16.86 16.86 16.87 16.85 16.85 16.86 16.86 16.85 16.84 16.82 16.82 16.84 16.84 16.82 16.83 16.84 16.83 16.83 16.83 16.84 16.84 16.84 16.85 16.85 16.83 16.85 16.87 16.87 16.88 16.85 16.85 16.85 16.85 16.85 16.83
16.93 16.91 16.93 16.92 16.90 16.82 16.89 16.84 16.74 16.86 16.90 16.80 16.67 16.77 16.86 16.88 16.82 16.75 16.61 16.76 16.70 16.81 16.86 16.83 16.89 16.88 16.89 16.85 16.82 16.86 16.86 16.84 16.83 16.84 16.84 16.83 16.83 16.85 16.85 16.87 16.85 16.83 16.83 16.82 16.82 16.82 16.83 16.83 16.82 16.82 16.81 16.80 16.79 16.81 16.81 16.81 16.82 16.82 16.82 16.81 16.81 16.81 16.80 16.81 16.83 16.82 16.82 16.84 16.86 16.86 16.86 16.85 16.85 16.83 16.85 16.85 16.82
16.79 16.81 16.89 16.89 16.88 16.87 16.88 16.84 16.78 16.85 16.86 16.85 16.80 16.78 16.75 16.80 16.79 16.79 16.82 16.83 16.84 16.77 16.83 16.86 16.86 16.86 16.85 16.85 16.84 16.85 16.84 16.82 16.82 16.84 16.85 16.84 16.82 16.84 16.83 16.84 16.80 16.81 16.82 16.81 16.81 16.82 16.81 16.80 16.80 16.79 16.80 16.79 16.80 16.80 16.81 16.80 16.80 16.80 16.80 16.80 16.80 16.78 16.78 16.79 16.78 16.78 16.82 16.83 16.84 16.85 16.83 16.82 16.81 16.82 16.83 16.81 16.79
16.70 16.60 16.66 16.86 16.85 16.82 16.80 16.87 16.83 16.76 16.79 16.80 16.76 16.80 16.76 16.77 16.75 16.69 16.79 16.83 16.86 16.70 16.84 16.87 16.83 16.81 16.63 16.82 16.80 16.80 16.82 16.82 16.79 16.80 16.82 16.83 16.80 16.81 16.80 16.80 16.77 16.77 16.77 16.77 16.78 16.79 16.78 16.78 16.78 16.76 16.79 16.78 16.76 16.77 16.78 16.78 16.77 16.76 16.75 16.77 16.77 16.76 16.76 16.73 16.75 16.75 16.77 16.81 16.81 16.79 16.79 16.78 16.79 16.82 16.80 16.77 16.75
16.74 16.51 16.53 16.67 16.80 16.74 16.79 16.81 16.78 16.78 16.82 16.61 16.69 16.73 16.76 16.72 16.69 16.63 16.72 16.74 16.81 16.74 16.79 16.84 16.84 16.79 16.68 16.70 16.76 16.73 16.78 16.83 16.77 16.77 16.79 16.82 16.78 16.78 16.79 16.77 16.76 16.69 16.74 16.77 16.76 16.74 16.75 16.76 16.76 16.75 16.77 16.77 16.75 16.77 16.77 16.76 16.76 16.75 16.74 16.74 16.75 16.75 16.75 16.74 16.75 16.73 16.75 16.77 16.77 16.76 16.77 16.75 16.76 16.78 16.79 16.76 16.73
16.50 16.58 16.76 16.66 16.71 16.66 16.66 16.68 16.80 16.71 16.75 16.46 16.29 16.44 16.67 16.62 16.65 16.71 16.73 16.68 16.73 16.81 16.79 16.77 16.82 16.81 16.71 16.77 16.80 16.82 16.79 16.80 16.80 16.74 16.76 16.78 16.77 16.75 16.75 16.74 16.74 16.63 16.70 16.73 16.74 16.75 16.74 16.74 16.73 16.72 16.73 16.73 16.73 16.73 16.73 16.72 16.73 16.73 16.73 16.72 16.71 16.72 16.73 16.73 16.73 16.73 16.75 16.76 16.77 16.74 16.74 16.74 16.75 16.76 16.74 16.73 16.72
16.56 16.56 16.49 16.40 16.33 16.56 16.66 16.68 16.62 16.74 16.63 16.37 16.19 16.21 16.28 16.53 16.62 16.60 16.68 16.67 16.75 16.80 16.80 16.80 16.79 16.80 16.76 16.81 16.75 16.81 16.74 16.81 16.81 16.74 16.74 16.77 16.76 16.74 16.73 16.74 16.72 16.71 16.64 16.72 16.73 16.73 16.73 16.73 16.72 16.71 16.71 16.72 16.71 16.71 16.69 16.70 16.71 16.71 16.71 16.71 16.68 16.69 16.70 16.70 16.70 16.71 16.69 16.72 16.73 16.72 16.70 16.71 16.73 16.73 16.69 16.69 16.67
16.35 16.35 16.48 16.53 16.50 16.73 16.63 16.52 16.64 16.70 16.77 16.69 16.41 16.24 16.10 16.21 16.39 16.46 16.48 16.59 16.69 16.78 16.79 16.79 16.76 16.74 16.74 16.78 16.78 16.79 16.74 16.75 16.73 16.72 16.72 16.74 16.74 16.71 16.65 16.65 16.70 16.68 16.69 16.68 16.71 16.70 16.71 16.69 16.71 16.68 16.68 16.69 16.69 16.69 16.68 16.68 16.67 16.68 16.68 16.69 16.69 16.66 16.67 16.69 16.70 16.70 16.70 16.70 16.71 16.70 16.68 16.68 16.67 16.68 16.69 16.67 16.66
16.31 16.32 16.27 16.42 16.61 16.57 16.69 16.71 16.59 16.67 16.76 16.76 16.76 16.55 16.36 16.44 16.31 16.42 16.53 16.62 16.62 16.73 16.77 16.77 16.76 16.73 16.77 16.77 16.78 16.74 16.76 16.72 16.63 16.65 16.73 16.72 16.74 16.68 16.70 16.70 16.69 16.67 16.67 16.67 16.67 16.69 16.71 16.70 16.71 16.68 16.68 16.68 16.66 16.67 16.67 16.67 16.66 16.66 16.66 16.66 16.66 16.66 16.64 16.64 16.67 16.68 16.68 16.68 16.66 16.66 16.65 16.66 16.64 16.66 16.68 16.66 16.64
16.29 16.08 16.23 16.17 16.38 16.56 16.72 16.67 16.57 16.49 16.53 16.63 16.77 16.74 16.68 16.65 16.57 16.62 16.62 16.60 16.72 16.73 16.74 16.68 16.71 16.73 16.74 16.73 16.69 16.68 16.62 16.65 16.65 16.69 16.72 16.69 16.71 16.67 16.68 16.69 16.67 16.66 16.65 16.65 16.66 16.69 16.69 16.70 16.68 16.67 16.66 16.66 16.64 16.65 16.65 16.64 16.63 16.65 16.64 16.64 16.65 16.65 16.67 16.66 16.64 16.66 16.65 16.64 16.64 16.65 16.64 16.65 16.64 16.64 16.65 16.64 16.64
16.19 15.84 16.09 16.33 16.28 16.54 16.54 16.71 16.69 16.52 16.58 16.63 16.75 16.74 16.73 16.70 16.66 16.65 16.69 16.69 16.72 16.74 16.74 16.72 16.69 16.68 16.63 16.67 16.63 16.65 16.71 16.69 16.68 16.68 16.70 16.71 16.68 16.66 16.66 16.67 16.66 16.66 16.65 16.63 16.65 16.66 16.68 16.67 16.66 16.66 16.66 16.64 16.64 16.64 16.63 16.63 16.62 16.61 16.62 16.62 16.64 16.64 16.64 16.65 16.63 16.60 16.60 16.61 16.61 16.62 16.61 16.62 16.61 16.63 16.61 16.60 16.62
15.99 16.04 16.09 16.29 16.47 16.33 16.22 16.67 16.64 16.58 16.62 16.70 16.72 16.74 16.70 16.68 16.69 16.69 16.69 16.67 16.69 16.69 16.69 16.70 16.71 16.70 16.59 16.51 16.58 16.55 16.54 16.58 16.59 16.64 16.66 16.69 16.65 16.63 16.63 16.64 16.64 16.62 16.61 16.62 16.63 16.62 16.64 16.63 16.63 16.62 16.62 16.62 16.62 16.63 16.61 16.61 16.61 16.59 16.59 16.63 16.66 16.64 16.62 16.62 16.59 16.58 16.58 16.59 16.60 16.59 16.59 16.59 16.60 16.61 16.60 16.59 16.59
15.98 16.11 16.00 16.13 16.22 16.11 16.30 16.53 16.46 16.52 16.67 16.71 16.70 16.70 16.70 16.70 16.69 16.68 16.69 16.66 16.48 16.59 16.62 16.65 16.72 16.71 16.72 16.69 16.64 16.44 16.53 16.67 16.64 16.64 16.66 16.68 16.66 16.62 16.62 16.63 16.61 16.61 16.60 16.59 16.61 16.62 16.61 16.61 16.61 16.61 16.60 16.60 16.60 16.59 16.59 16.58 16.58 16.57 16.58 16.60 16.68 16.64 16.59 16.58 16.57 16.55 16.54 16.54 16.56 16.57 16.58 16.57 16.57 16.57 16.59 16.59 16.57
16.06 15.82 15.93 15.65 16.10 15.96 16.08 16.17 16.58 16.48 16.60 16.67 16.64 16.62 16.63 16.70 16.69 16.67 16.67 16.67 16.64 16.60 16.65 16.67 16.70 16.70 16.70 16.69 16.52 16.66 16.65 16.65 16.62 16.63 16.64 16.66 16.66 16.63 16.61 16.60 16.58 16.58 16.56 16.57 16.59 16.58 16.58 16.58 16.60 16.61 16.56 16.47 16.59 16.57 16.57 16.57 16.57 16.57 16.55 16.56 16.61 16.55 16.57 16.57 16.56 16.52 16.52 16.54 16.54 16.54 16.56 16.56 16.55 16.55 16.57 16.55 16.46
16.06 16.06 15.81 15.87 15.97 16.17 16.16 16.33 16.44 16.52 16.57 16.41 16.53 16.60 16.65 16.67 16.64 16.64 16.64 16.64 16.64 16.63 16.64 16.67 16.68 16.67 16.66 16.65 16.60 16.61 16.52 16.58 16.60 16.60 16.63 16.64 16.65 16.61 16.58 16.58 16.56 16.57 16.55 16.54 16.53 16.54 16.55 16.55 16.56 16.59 16.56 16.53 16.55 16.55 16.54 16.53 16.54 16.53 16.52 16.54 16.54 16.54 16.55 16.54 16.53 16.51 16.51 16.53 16.51 16.52 16.53 16.54 16.53 16.51 16.52 16.54 16.51
16.02 15.90 15.94 16.09 16.12 16.21 16.15 16.19 16.44 16.13 16.41 16.49 16.48 16.56 16.63 16.64 16.65 16.64 16.62 16.61 16.60 16.61 16.62 16.63 16.64 16.65 16.64 16.63 16.59 16.52 16.62 16.61 16.57 16.56 16.64 16.63 16.62 16.59 16.58 16.56 16.54 16.53 16.52 16.52 16.51 16.52 16.53 16.55 16.53 16.55 16.55 16.54 16.54 16.52 16.52 16.52 16.52 16.51 16.50 16.52 16.53 16.52 16.52 16.52 16.52 16.48 16.49 16.52 16.51 16.52 16.52 16.51 16.52 16.47 16.47 16.49 16.49
15.86 15.90 15.97 15.91 15.87 15.99 16.14 16.16 16.46 16.52 16.50 16.46 16.56 16.54 16.58 16.59 16.62 16.61 16.61 16.60 16.60 16.60 16.59 16.59 16.61 16.62 16.61 16.60 16.61 16.58 16.62 16.60 16.57 16.54 16.61 16.61 16.60 16.59 16.58 16.53 16.53 16.53 16.51 16.49 16.50 16.50 16.50 16.51 16.52 16.51 16.52 16.52 16.52 16.51 16.50 16.49 16.50 16.49 16.48 16.47 16.50 16.50 16.49 16.50 16.50 16.44 16.46 16.48 16.49 16.48 16.48 16.49 16.49 16.44 16.33 16.35 16.43
16.06 15.96 15.94 15.81 15.81 16.09 16.13 16.36 16.48 16.49 16.51 16.54 16.49 16.47 16.41 16.52 16.48 16.58 16.59 16.59 16.59 16.58 16.58 16.57 16.58 16.59 16.59 16.56 16.53 16.58 16.58 16.57 16.56 16.55 16.59 16.58 16.59 16.58 16.55 16.53 16.52 16.52 16.51 16.49 16.47 16.49 16.49 16.48 16.49 16.49 16.50 16.49 16.51 16.49 16.47 16.47 16.48 16.48 16.46 16.46 16.46 16.48 16.47 16.49 16.50 16.44 16.43 16.45 16.46 16.46 16.46 16.46 16.46 16.47 16.44 16.44 16.45
16.11 16.03 15.83 15.84 15.83 15.92 16.24 16.32 16.26 16.39 16.43 16.37 16.18 16.48 16.52 16.45 16.53 16.50 16.55 16.56 16.57 16.57 16.57 16.56 16.50 16.56 16.56 16.48 16.56 16.53 16.57 16.54 16.52 16.51 16.57 16.60 16.59 16.57 16.51 16.51 16.49 16.49 16.48 16.47 16.45 16.47 16.48 16.48 16.47 16.49 16.47 16.46 16.49 16.47 16.44 16.44 16.45 16.45 16.45 16.44 16.44 16.46 16.46 16.45 16.46 16.45 16.43 16.43 16.43 16.43 16.43 16.43 16.32 16.26 16.22 16.43 16.44
