BOM_solar_grid_data_201906/2019062420190624.grid
ncols 839
nrows 679
xllcenter 112.0500
yllcenter -43.9500
cellsize 0.0500
nodata_value 99999.90
[rows 510 to 543 of 679, columns 539 to 615 of 839]
6.88 6.95 6.95 7.11 7.11 6.73 7.72 7.72 8.38 8.53 8.41 8.27 8.14 8.51 8.84 9.27 9.42 8.93 8.35 8.01 8.49 8.52 8.94 8.90 9.10 9.25 9.06 9.17 9.34 9.30 9.41 9.30 9.28 9.49 9.65 9.81 9.78 9.65 9.64 9.56 9.53 9.62 9.67 9.66 9.71 9.90 10.01 9.93 9.93 9.97 9.95 9.96 9.97 9.96 9.88 9.96 9.92 10.01 10.08 10.07 10.05 10.07 10.09 10.04 9.98 10.00 9.99 10.17 10.04 10.04 10.11 10.20 10.18 10.17 10.29 10.28 10.28
6.88 6.88 7.29 7.48 6.73 6.73 7.72 7.72 7.86 8.32 8.16 7.98 8.19 8.52 8.80 8.90 9.15 8.76 8.26 8.14 8.82 8.95 8.65 8.92 8.96 9.16 9.02 9.20 9.12 9.05 9.01 9.20 9.36 9.54 9.56 9.51 9.40 9.52 9.53 9.61 9.44 9.45 9.43 9.51 9.58 9.75 9.76 9.76 9.79 9.88 9.93 9.95 9.89 9.71 9.69 9.90 9.94 9.94 9.92 9.90 9.95 9.98 9.84 9.86 9.94 9.97 10.07 10.11 10.10 10.11 10.10 10.16 10.18 10.17 10.26 10.26 10.26
6.88 6.88 7.29 6.95 6.51 6.51 7.84 7.84 8.37 8.32 8.26 8.05 8.28 8.50 8.72 8.76 8.78 8.85 8.58 8.74 8.67 8.41 8.50 9.09 9.32 9.17 9.24 9.47 9.17 9.15 9.25 9.16 9.29 9.07 9.24 9.23 9.39 9.49 9.58 9.36 9.43 9.67 9.88 9.81 9.57 9.56 9.67 9.70 9.74 9.75 9.76 9.76 9.87 9.84 9.98 9.99 9.93 9.90 9.86 9.88 9.93 9.95 9.90 9.88 9.92 10.17 10.12 10.08 10.11 10.15 10.18 10.17 10.18 10.24 10.23 10.23 10.23
6.88 6.88 6.95 6.95 6.51 6.51 7.98 7.98 7.84 7.76 7.86 8.11 8.29 8.59 8.85 8.72 8.62 8.45 7.90 8.33 8.54 8.53 8.66 9.00 8.92 8.86 9.11 9.16 9.07 9.03 8.93 9.27 9.40 9.26 9.59 9.51 9.53 9.57 9.55 9.51 9.76 9.69 9.71 9.68 9.55 9.70 9.76 9.82 9.92 9.76 9.75 9.74 9.95 9.96 9.89 9.79 9.71 9.91 9.86 9.95 10.02 10.07 10.06 10.05 10.09 10.16 10.04 10.04 10.08 10.14 10.15 10.18 10.21 10.21 10.21 10.20 10.20
6.88 6.95 6.95 6.95 6.51 7.81 7.81 7.63 7.56 7.68 7.78 8.21 8.43 8.48 8.26 8.43 8.21 8.27 8.13 8.35 8.64 8.94 9.05 8.88 8.95 9.14 9.17 9.07 8.67 8.72 8.82 9.15 9.16 9.42 9.57 9.47 9.51 9.50 9.52 9.47 9.59 9.64 9.59 9.57 9.61 9.75 9.79 9.79 9.79 9.88 9.89 9.89 9.86 9.82 9.85 9.85 9.83 9.94 9.89 9.97 10.11 10.13 10.13 10.10 10.09 10.05 10.02 10.06 10.10 10.13 10.10 10.19 10.19 10.19 10.19 10.18 10.18
6.88 6.95 6.95 6.95 7.81 7.81 7.81 7.62 7.75 7.75 7.78 8.40 8.56 8.53 8.43 8.18 8.21 8.47 8.49 8.66 8.52 8.74 8.88 8.99 9.08 8.98 8.91 9.01 8.96 9.14 9.14 9.35 9.24 9.50 9.48 9.35 9.35 9.49 9.58 9.61 9.71 9.76 9.79 9.56 9.62 9.76 9.81 9.72 9.73 9.74 9.85 9.94 9.94 9.90 9.87 9.85 9.88 9.94 10.02 9.92 9.99 9.99 10.10 10.01 9.99 10.02 10.05 10.09 10.07 10.06 10.17 10.17 10.16 10.17 10.16 10.16 10.17
6.95 6.95 6.95 7.81 7.81 7.81 7.62 7.62 7.75 8.01 8.35 8.66 8.57 8.62 8.62 8.08 8.22 8.64 8.78 8.49 8.69 8.66 9.06 9.23 9.22 8.96 8.67 8.84 8.91 9.09 9.25 9.26 9.37 9.45 9.47 9.70 9.77 9.66 9.58 9.58 9.72 9.68 9.69 9.74 9.61 9.53 9.55 9.63 9.74 9.78 9.85 9.74 9.79 9.71 9.76 9.93 10.07 10.03 9.94 9.89 9.97 9.98 10.04 10.07 10.02 10.04 10.07 10.12 10.08 10.14 10.15 10.15 10.15 10.14 10.14 10.14 10.14
6.95 6.95 7.81 7.81 7.81 7.62 7.62 7.62 8.01 8.01 8.63 8.41 8.54 8.39 8.49 8.55 8.67 8.64 8.72 8.72 8.80 8.78 8.97 9.20 9.12 9.04 8.98 9.07 9.08 8.94 8.96 9.08 9.30 9.32 9.36 9.43 9.45 9.42 9.58 9.78 9.67 9.54 9.65 9.72 9.63 9.52 9.60 9.74 9.91 9.82 9.69 9.64 9.68 9.71 9.79 9.73 9.86 9.86 9.99 10.00 10.06 9.96 9.97 9.97 10.00 10.01 10.02 10.06 10.11 10.12 10.12 10.12 10.12 10.12 10.11 10.11 10.11
6.95 6.95 7.81 7.81 7.62 7.62 7.62 8.01 8.01 8.63 8.63 8.38 8.35 8.59 8.94 8.99 8.54 8.40 8.64 8.68 8.85 8.63 8.86 9.18 8.98 9.07 8.91 8.93 8.92 9.05 9.20 9.09 9.25 9.40 9.38 9.64 9.64 9.73 9.58 9.65 9.63 9.48 9.57 9.55 9.64 9.78 9.79 9.70 9.75 9.71 9.73 9.71 9.72 9.80 9.82 9.78 9.80 9.68 9.73 9.85 9.86 9.93 9.93 10.00 10.00 9.97 9.99 10.09 10.09 10.10 10.10 10.09 10.10 10.09 10.08 10.09 10.09
6.95 7.81 7.81 7.62 7.62 7.62 7.62 8.01 8.63 8.63 8.38 8.38 8.46 8.37 8.53 8.54 8.50 8.80 8.96 8.97 8.83 8.59 8.85 8.99 8.94 8.73 8.70 8.80 8.75 8.88 9.15 9.46 9.48 9.28 9.39 9.45 9.51 9.67 9.55 9.65 9.61 9.77 9.76 9.80 9.82 9.84 9.82 9.74 9.85 9.74 9.77 9.75 9.74 9.83 9.78 9.77 9.85 9.68 9.73 9.85 9.95 9.93 9.95 10.01 10.00 10.00 10.07 10.07 10.06 10.08 10.08 10.07 10.08 10.07 10.06 10.07 10.06
7.81 7.81 7.62 7.62 7.62 7.62 8.01 8.63 8.63 8.38 8.38 8.46 8.46 8.17 8.17 8.19 8.32 8.58 8.78 8.83 8.79 8.76 9.03 9.10 8.97 9.05 9.05 9.06 9.03 9.20 9.56 9.38 9.18 9.38 9.49 9.52 9.52 9.48 9.53 9.61 9.63 9.58 9.61 9.66 9.78 9.82 9.79 9.80 9.84 9.91 9.84 9.77 9.94 9.97 9.83 9.72 9.77 9.83 9.83 9.85 9.82 9.92 9.91 9.94 9.95 10.05 10.05 10.05 10.05 10.05 10.06 10.05 10.06 10.05 10.04 10.05 10.05
7.81 7.62 7.62 7.62 7.62 7.62 8.63 8.63 8.38 8.38 8.46 8.40 8.40 8.40 8.39 8.42 8.68 8.76 8.74 8.58 8.45 8.61 8.93 8.98 8.93 9.11 9.04 9.08 9.31 9.37 9.44 9.10 9.48 9.55 9.48 9.47 9.70 9.57 9.73 9.66 9.73 9.68 9.80 9.77 9.78 9.79 9.75 9.80 9.86 9.85 9.86 9.87 9.91 9.82 9.70 9.78 9.86 9.86 9.86 9.95 9.95 9.95 9.92 9.93 9.91 10.00 10.00 10.03 10.03 10.03 10.03 10.02 10.02 10.03 10.02 10.02 10.02
7.62 7.62 7.62 7.62 7.62 8.63 8.63 8.38 8.38 8.40 8.40 8.40 8.40 8.40 8.51 8.50 8.33 8.20 8.26 8.41 8.83 9.14 9.18 9.11 9.01 8.94 9.04 9.16 9.09 9.21 9.21 9.40 9.55 9.48 9.47 9.61 9.63 9.63 9.67 9.67 9.70 9.75 9.76 9.77 9.77 9.77 9.78 9.79 9.83 9.88 9.79 9.83 9.82 9.72 9.76 9.81 9.88 9.92 9.91 9.91 9.91 9.96 9.94 9.99 10.00 10.00 9.98 10.00 10.00 10.00 10.00 9.99 9.99 10.00 9.99 9.99 10.00
7.62 7.62 7.62 7.62 8.63 8.63 8.38 8.40 8.40 8.40 8.40 8.40 8.47 8.47 8.47 8.60 8.65 8.50 8.55 8.75 9.07 9.02 9.17 9.25 9.22 9.25 9.41 9.34 9.30 9.34 9.31 9.28 9.20 9.40 9.44 9.36 9.40 9.44 9.47 9.52 9.67 9.58 9.55 9.65 9.74 9.80 9.74 9.71 9.69 9.75 9.78 9.76 9.76 9.72 9.74 9.73 9.75 9.84 9.87 9.89 9.86 9.86 9.93 9.90 9.91 9.94 9.97 9.98 9.98 9.98 9.98 9.97 9.97 9.98 9.97 9.97 9.97
7.62 7.62 7.62 7.62 8.63 8.38 8.40 8.40 8.40 8.40 8.60 8.60 8.60 8.60 8.60 8.63 8.88 9.05 8.53 8.48 8.65 8.65 8.64 8.71 8.98 9.21 9.23 9.19 9.17 9.13 9.42 9.33 9.22 9.51 9.52 9.39 9.38 9.49 9.49 9.56 9.65 9.60 9.59 9.72 9.74 9.74 9.83 9.82 9.80 9.83 9.88 9.81 9.85 9.76 9.75 9.83 9.84 9.84 9.88 9.89 9.89 9.96 9.95 9.91 9.88 9.89 9.91 9.92 9.93 9.95 9.95 9.95 9.95 9.95 9.95 9.95 9.95
7.62 7.62 7.62 8.63 8.40 8.40 8.40 8.60 8.60 8.60 8.60 8.60 8.60 8.60 8.60 8.79 8.68 8.46 8.36 8.40 8.42 8.49 8.52 8.86 8.99 9.11 9.26 9.06 9.22 9.25 9.24 9.39 9.34 9.27 9.26 9.35 9.51 9.54 9.64 9.67 9.61 9.48 9.55 9.59 9.67 9.74 9.76 9.69 9.69 9.68 9.64 9.63 9.63 9.69 9.75 9.76 9.83 9.87 9.91 9.91 9.90 9.94 9.88 9.84 9.87 9.88 9.92 9.93 9.93 9.93 9.93 9.93 9.93 9.93 9.93 9.93 9.93
8.01 8.63 8.63 8.40 8.60 8.60 8.60 8.60 8.60 8.60 8.60 8.60 8.60 8.89 8.89 8.89 8.95 8.81 8.63 8.86 8.87 8.92 8.95 9.09 9.16 9.22 9.11 9.04 9.07 9.22 9.13 9.17 9.02 9.02 9.28 9.42 9.58 9.58 9.66 9.51 9.37 9.50 9.59 9.63 9.70 9.75 9.67 9.61 9.64 9.65 9.61 9.59 9.61 9.68 9.75 9.76 9.79 9.82 9.87 9.88 9.86 9.87 9.85 9.87 9.87 9.89 9.90 9.90 9.90 9.90 9.90 9.89 9.90 9.90 9.90 9.90 9.90
8.63 8.63 8.38 8.40 8.60 8.60 8.60 8.60 8.60 8.60 8.60 8.35 8.35 8.35 8.35 8.35 8.71 8.88 8.73 8.71 8.73 8.98 8.85 8.92 9.13 9.19 9.17 9.15 9.26 9.35 9.22 9.12 9.23 9.39 9.57 9.59 9.65 9.61 9.61 9.55 9.58 9.65 9.59 9.59 9.62 9.70 9.75 9.72 9.62 9.44 9.50 9.60 9.68 9.77 9.80 9.82 9.80 9.79 9.84 9.87 9.84 9.80 9.81 9.72 9.77 9.83 9.85 9.88 9.88 9.88 9.88 9.88 9.88 9.89 9.89 9.88 9.88
99999.90 8.38 8.38 8.40 8.60 8.60 8.60 8.60 8.35 8.35 8.35 8.35 8.35 8.35 8.35 8.35 8.47 8.52 8.80 8.68 8.67 8.77 8.89 9.02 9.07 8.81 8.80 8.69 8.92 8.94 9.01 9.09 9.23 9.32 9.47 9.54 9.52 9.50 9.52 9.58 9.46 9.54 9.62 9.54 9.49 9.63 9.63 9.46 9.42 9.57 9.65 9.72 9.75 9.71 9.65 9.66 9.69 9.68 9.76 9.69 9.63 9.64 9.72 9.74 9.86 9.85 9.81 9.82 9.84 9.86 9.86 9.86 9.86 9.86 9.86 9.86 9.86
99999.90 99999.90 8.46 8.40 8.60 8.35 8.35 8.35 8.35 8.35 8.35 8.35 8.35 8.35 8.35 8.47 8.47 8.43 8.83 8.64 8.78 8.86 9.02 9.18 8.93 8.64 8.79 9.11 8.94 8.79 8.89 8.86 9.06 9.13 9.27 9.30 9.30 9.43 9.49 9.39 9.19 9.20 9.19 9.27 9.26 9.48 9.53 9.49 9.44 9.59 9.64 9.58 9.63 9.58 9.56 9.54 9.32 9.43 9.48 9.47 9.56 9.57 9.67 9.71 9.77 9.83 9.84 9.85 9.84 9.84 9.84 9.84 9.84 9.84 9.84 9.84 9.84
99999.90 99999.90 99999.90 8.40 8.60 8.35 8.35 8.35 8.35 8.35 8.35 8.35 8.35 8.35 8.47 8.66 8.66 8.66 8.65 8.52 8.53 8.92 8.81 8.76 8.53 8.54 8.86 8.77 8.58 8.76 8.95 9.01 9.07 9.28 9.43 9.47 9.40 9.40 9.26 9.14 9.05 9.11 9.23 9.27 9.28 9.44 9.31 9.39 9.34 9.47 9.34 9.40 9.48 9.54 9.53 9.40 9.44 9.48 9.53 9.50 9.57 9.61 9.72 9.78 9.82 9.83 9.82 9.82 9.81 9.81 9.81 9.82 9.81 9.81 9.82 9.81 9.81
99999.90 99999.90 99999.90 8.40 8.60 8.35 8.35 8.35 8.35 8.35 8.35 8.35 8.35 8.72 8.72 8.72 8.72 8.72 8.71 8.96 8.86 8.85 8.66 8.73 8.54 8.64 8.70 8.65 8.78 8.95 9.06 9.19 9.17 9.27 9.38 9.24 9.17 9.24 9.24 9.15 9.02 8.96 9.10 9.17 9.22 9.44 9.34 9.30 9.32 9.41 9.45 9.46 9.42 9.46 9.32 9.27 9.43 9.49 9.56 9.63 9.76 9.78 9.79 9.80 9.80 9.81 9.80 9.80 9.79 9.80 9.80 9.80 9.80 9.79 9.80 9.80 9.80
99999.90 99999.90 99999.90 99999.90 8.60 8.35 8.35 8.35 8.35 8.35 8.35 8.72 8.72 8.72 8.72 8.72 8.72 8.72 8.53 8.79 8.68 8.74 8.91 8.56 8.56 8.80 9.04 8.90 8.99 9.00 9.09 9.08 9.08 9.04 9.23 9.18 9.30 9.28 9.26 9.20 9.05 9.06 9.16 9.23 9.24 9.48 9.48 9.38 9.39 9.32 9.42 9.48 9.50 9.53 9.61 9.59 9.66 9.73 9.73 9.71 9.72 9.76 9.77 9.77 9.78 9.78 9.78 9.77 9.77 9.77 9.78 9.77 9.77 9.77 9.77 9.78 9.78
99999.90 99999.90 99999.90 99999.90 8.60 8.38 8.38 8.38 8.38 8.38 8.38 8.72 8.72 8.72 8.72 8.72 8.64 8.64 8.64 8.74 8.77 8.91 8.71 8.80 8.79 8.70 8.75 8.78 8.88 8.99 9.02 9.10 9.10 9.18 9.30 9.29 9.27 9.38 9.26 9.16 9.27 9.30 9.39 9.46 9.41 9.44 9.34 9.37 9.40 9.48 9.50 9.54 9.56 9.72 9.68 9.67 9.66 9.69 9.73 9.69 9.71 9.68 9.72 9.75 9.73 9.74 9.74 9.75 9.74 9.72 9.73 9.75 9.76 9.75 9.76 9.76 9.75
99999.90 99999.90 99999.90 99999.90 8.60 8.38 8.38 8.38 8.38 8.38 8.38 8.38 8.38 8.38 8.76 8.76 8.76 8.76 8.76 8.93 9.13 8.88 8.70 8.67 8.36 8.15 8.55 8.76 8.89 8.85 8.85 9.10 9.14 9.24 9.25 9.15 9.23 9.33 9.15 9.11 9.20 9.18 9.29 9.38 9.34 9.42 9.43 9.52 9.50 9.45 9.48 9.52 9.70 9.70 9.70 9.67 9.63 9.57 9.63 9.70 9.71 9.72 9.72 9.72 9.71 9.73 9.72 9.73 9.73 9.72 9.73 9.73 9.73 9.73 9.74 9.74 9.73
99999.90 99999.90 99999.90 99999.90 99999.90 8.38 8.38 8.38 8.38 8.38 8.38 8.38 8.38 8.38 8.38 8.76 8.64 8.64 8.64 8.62 8.84 8.40 8.74 8.65 8.42 8.41 8.62 8.78 8.70 8.69 8.72 9.06 9.28 9.17 9.04 9.06 9.04 9.18 9.13 9.17 9.27 9.26 9.22 9.24 9.32 9.38 9.30 9.42 9.36 9.44 9.48 9.59 9.65 9.62 9.53 9.49 9.53 9.61 9.65 9.69 9.68 9.67 9.70 9.70 9.70 9.71 9.70 9.70 9.70 9.71 9.71 9.71 9.72 9.72 9.72 9.71 9.71
99999.90 99999.90 99999.90 99999.90 99999.90 8.38 8.38 8.38 8.38 8.38 8.38 8.38 8.38 8.38 8.38 8.38 8.76 8.82 8.82 8.89 8.86 8.61 8.58 8.59 8.51 8.30 8.52 8.74 8.58 8.75 9.07 9.25 9.25 9.33 9.20 9.23 9.26 9.28 9.29 9.37 9.34 9.30 9.28 9.25 9.24 9.32 9.30 9.43 9.38 9.42 9.50 9.57 9.57 9.60 9.61 9.63 9.64 9.63 9.58 9.59 9.61 9.63 9.66 9.67 9.66 9.69 9.69 9.68 9.68 9.66 9.69 9.69 9.69 9.69 9.70 9.69 9.68
99999.90 99999.90 99999.90 99999.90 99999.90 8.38 8.38 8.38 8.38 8.38 8.38 8.38 8.38 8.38 8.38 8.38 8.76 8.76 8.92 9.08 8.94 8.67 8.36 8.41 8.56 8.58 8.72 8.82 8.90 8.98 9.01 9.08 9.20 9.36 9.34 9.24 9.28 9.35 9.37 9.28 9.26 9.32 9.25 9.29 9.30 9.37 9.40 9.36 9.44 9.43 9.57 9.59 9.60 9.63 9.57 9.58 9.56 9.64 9.66 9.64 9.63 9.64 9.65 9.65 9.65 9.65 9.66 9.64 9.60 9.60 9.63 9.65 9.66 9.66 9.66 9.66 9.65
99999.90 99999.90 99999.90 99999.90 99999.90 8.38 8.38 8.38 8.38 8.38 8.38 8.38 8.38 8.38 8.38 8.38 8.46 8.80 8.90 8.88 8.74 8.80 8.73 8.61 8.78 8.72 8.61 8.72 8.82 9.00 9.16 9.28 9.16 9.32 9.38 9.23 9.22 9.14 9.14 9.08 9.22 9.28 9.27 9.31 9.27 9.29 9.40 9.38 9.42 9.49 9.56 9.56 9.53 9.62 9.58 9.56 9.54 9.57 9.63 9.62 9.63 9.64 9.62 9.62 9.63 9.64 9.63 9.61 9.57 9.57 9.58 9.62 9.64 9.63 9.63 9.63 9.64
99999.90 99999.90 99999.90 99999.90 99999.90 8.27 8.27 8.27 8.27 8.27 8.27 8.27 8.27 8.27 8.27 8.27 8.45 8.54 8.60 8.39 8.43 8.44 8.43 8.38 8.55 8.61 8.76 8.82 9.00 9.02 9.19 9.14 9.11 9.15 9.15 9.06 9.05 9.01 9.14 9.19 9.23 9.22 9.27 9.38 9.41 9.38 9.38 9.36 9.52 9.51 9.53 9.56 9.52 9.55 9.46 9.50 9.53 9.56 9.62 9.58 9.60 9.59 9.56 9.59 9.60 9.61 9.60 9.57 9.53 9.55 9.55 9.58 9.59 9.59 9.59 9.58 9.59
99999.90 99999.90 99999.90 99999.90 99999.90 8.35 8.35 8.35 8.35 8.35 8.35 8.35 8.35 8.35 8.35 8.35 8.34 8.33 8.26 8.36 8.37 8.53 8.44 8.46 8.66 8.81 8.77 9.03 9.05 9.05 9.01 9.07 9.03 9.13 9.15 9.06 8.98 9.01 9.09 9.18 9.21 9.24 9.31 9.37 9.32 9.32 9.27 9.40 9.39 9.40 9.43 9.48 9.52 9.52 9.50 9.56 9.41 9.45 9.54 9.54 9.58 9.57 9.52 9.54 9.58 9.58 9.56 9.55 9.50 9.49 9.52 9.55 9.56 9.57 9.56 9.55 9.56
99999.90 99999.90 99999.90 99999.90 99999.90 8.35 8.35 8.35 8.35 8.35 8.35 8.35 8.35 8.35 8.35 8.35 8.33 8.38 8.59 8.65 8.50 8.66 8.63 8.64 8.71 9.04 9.06 9.09 9.07 9.12 9.13 8.93 9.06 9.04 8.85 8.88 8.87 8.90 9.01 9.07 9.13 9.21 9.19 9.18 9.15 9.20 9.29 9.31 9.37 9.36 9.38 9.42 9.50 9.50 9.52 9.55 9.43 9.49 9.54 9.52 9.52 9.51 9.49 9.50 9.53 9.54 9.52 9.50 9.50 9.49 9.49 9.51 9.53 9.55 9.53 9.53 9.54
99999.90 99999.90 99999.90 99999.90 99999.90 8.35 8.35 8.35 8.35 8.35 8.35 8.35 8.35 8.35 8.34 8.34 8.34 8.38 8.56 8.72 8.71 8.83 8.68 8.52 8.48 8.80 8.92 9.09 9.20 9.18 9.14 9.02 8.91 9.04 8.93 8.95 8.98 9.00 9.11 9.16 9.16 9.10 9.05 9.03 9.13 9.26 9.38 9.25 9.38 9.36 9.46 9.43 9.50 9.50 9.51 9.49 9.51 9.51 9.51 9.52 9.49 9.42 9.43 9.47 9.48 9.49 9.47 9.46 9.46 9.46 9.46 9.48 9.49 9.51 9.52 9.50 9.50
99999.90 99999.90 99999.90 99999.90 99999.90 8.35 8.35 8.35 8.35 8.35 8.35 8.35 8.53 8.53 8.53 8.53 8.53 8.62 8.46 8.60 8.73 8.51 8.48 8.63 8.84 9.06 9.12 9.13 9.14 9.04 9.09 8.85 8.78 8.67 8.73 8.72 8.98 8.98 8.78 9.05 9.08 9.04 9.01 8.92 9.14 9.20 9.37 9.38 9.37 9.38 9.45 9.49 9.50 9.50 9.49 9.49 9.50 9.49 9.50 9.48 9.49 9.46 9.46 9.46 9.47 9.47 9.44 9.44 9.44 9.44 9.44 9.44 9.47 9.50 9.50 9.50 9.50
