BOM_solar_grid_data_201906/2019062620190626.grid
ncols 839
nrows 679
xllcenter 112.0500
yllcenter -43.9500
cellsize 0.0500
nodata_value 99999.90
[rows 350 to 384 of 679, columns 616 to 692 of 839]
13.95 13.96 13.98 13.97 13.97 13.96 13.95 13.94 13.96 13.97 13.96 13.95 13.96 13.94 13.94 13.94 13.94 13.97 13.97 13.98 13.96 13.95 13.87 13.77 13.76 13.83 13.97 13.96 13.96 13.96 13.93 13.95 13.95 13.94 13.93 13.93 13.93 13.91 13.91 13.92 13.88 13.87 13.91 13.88 13.89 13.87 13.90 13.91 13.91 13.86 13.84 13.82 13.81 13.83 13.77 13.84 13.88 13.86 13.84 13.85 13.79 13.92 13.84 13.71 13.78 13.68 13.60 13.64 13.65 13.78 13.85 13.75 13.82 13.85 13.79 13.86 13.83
13.94 13.94 13.96 13.96 13.95 13.93 13.93 13.93 13.94 13.96 13.95 13.94 13.95 13.92 13.93 13.92 13.92 13.95 13.96 13.96 13.94 13.95 13.88 13.85 13.74 13.90 13.92 13.93 13.92 13.93 13.93 13.94 13.93 13.92 13.92 13.91 13.91 13.91 13.89 13.89 13.91 13.90 13.90 13.85 13.89 13.88 13.86 13.87 13.90 13.90 13.84 13.81 13.76 13.80 13.82 13.79 13.84 13.84 13.86 13.88 13.90 13.91 13.91 13.77 13.63 13.70 13.76 13.86 13.78 13.63 13.68 13.76 13.71 13.78 13.78 13.79 13.78
13.93 13.91 13.93 13.94 13.93 13.89 13.88 13.90 13.89 13.92 13.93 13.93 13.93 13.92 13.92 13.90 13.90 13.93 13.93 13.92 13.92 13.93 13.94 13.92 13.72 13.86 13.91 13.92 13.89 13.89 13.92 13.91 13.89 13.90 13.91 13.91 13.90 13.90 13.89 13.90 13.87 13.88 13.89 13.89 13.85 13.87 13.88 13.88 13.88 13.89 13.89 13.85 13.81 13.83 13.85 13.88 13.84 13.87 13.88 13.87 13.87 13.87 13.88 13.85 13.76 13.80 13.81 13.83 13.83 13.85 13.81 13.83 13.82 13.74 13.71 13.78 13.75
13.91 13.90 13.90 13.91 13.91 13.89 13.86 13.85 13.85 13.88 13.90 13.90 13.92 13.91 13.89 13.89 13.88 13.90 13.89 13.88 13.89 13.90 13.89 13.85 13.75 13.87 13.87 13.87 13.85 13.86 13.88 13.88 13.87 13.87 13.87 13.87 13.88 13.88 13.88 13.87 13.85 13.86 13.85 13.86 13.86 13.85 13.87 13.87 13.88 13.86 13.84 13.85 13.85 13.85 13.84 13.85 13.80 13.84 13.86 13.84 13.83 13.85 13.85 13.85 13.83 13.81 13.86 13.83 13.85 13.76 13.78 13.60 13.68 13.76 13.80 13.75 13.71
13.90 13.89 13.90 13.89 13.88 13.87 13.84 13.84 13.84 13.85 13.88 13.88 13.88 13.91 13.90 13.89 13.87 13.88 13.88 13.86 13.82 13.85 13.88 13.82 13.83 13.85 13.85 13.85 13.84 13.85 13.86 13.86 13.85 13.84 13.84 13.84 13.85 13.84 13.85 13.85 13.84 13.83 13.84 13.84 13.83 13.83 13.83 13.85 13.86 13.85 13.81 13.82 13.81 13.82 13.83 13.82 13.82 13.82 13.83 13.79 13.81 13.82 13.84 13.83 13.82 13.83 13.85 13.81 13.82 13.82 13.82 13.82 13.82 13.76 13.80 13.73 13.78
13.89 13.87 13.87 13.87 13.86 13.86 13.84 13.84 13.85 13.85 13.86 13.87 13.87 13.87 13.85 13.88 13.87 13.87 13.87 13.86 13.76 13.84 13.85 13.83 13.85 13.85 13.83 13.81 13.81 13.81 13.85 13.86 13.83 13.82 13.82 13.81 13.82 13.82 13.82 13.82 13.83 13.82 13.81 13.80 13.81 13.81 13.82 13.85 13.86 13.84 13.79 13.80 13.80 13.81 13.80 13.78 13.80 13.81 13.79 13.82 13.81 13.81 13.81 13.80 13.79 13.79 13.83 13.79 13.81 13.81 13.80 13.82 13.80 13.82 13.83 13.76 13.80
13.84 13.83 13.82 13.82 13.82 13.82 13.82 13.82 13.82 13.83 13.83 13.84 13.70 13.81 13.81 13.82 13.84 13.84 13.84 13.75 13.80 13.84 13.84 13.83 13.82 13.81 13.80 13.80 13.81 13.79 13.81 13.82 13.81 13.80 13.81 13.80 13.80 13.79 13.80 13.81 13.80 13.80 13.80 13.79 13.79 13.79 13.79 13.83 13.83 13.81 13.79 13.78 13.77 13.77 13.79 13.77 13.78 13.76 13.80 13.80 13.79 13.78 13.80 13.80 13.79 13.80 13.79 13.80 13.79 13.80 13.79 13.81 13.78 13.80 13.79 13.76 13.80
13.80 13.78 13.77 13.77 13.79 13.80 13.81 13.80 13.80 13.79 13.81 13.81 13.79 13.76 13.76 13.80 13.79 13.82 13.81 13.74 13.63 13.80 13.81 13.80 13.77 13.76 13.76 13.76 13.76 13.75 13.78 13.77 13.78 13.78 13.78 13.77 13.76 13.76 13.76 13.70 13.66 13.78 13.77 13.78 13.78 13.77 13.78 13.80 13.79 13.77 13.77 13.77 13.76 13.75 13.74 13.76 13.74 13.75 13.78 13.78 13.77 13.76 13.77 13.76 13.77 13.78 13.77 13.78 13.77 13.78 13.77 13.76 13.77 13.77 13.76 13.75 13.75
13.76 13.74 13.76 13.75 13.75 13.77 13.79 13.78 13.78 13.77 13.78 13.81 13.74 13.74 13.70 13.75 13.81 13.78 13.77 13.77 13.69 13.78 13.79 13.77 13.75 13.76 13.77 13.76 13.74 13.74 13.76 13.77 13.74 13.76 13.76 13.76 13.75 13.75 13.75 13.66 13.49 13.71 13.75 13.74 13.74 13.74 13.75 13.76 13.76 13.74 13.73 13.73 13.72 13.72 13.72 13.73 13.75 13.73 13.74 13.76 13.75 13.75 13.75 13.75 13.73 13.74 13.76 13.74 13.73 13.73 13.75 13.75 13.76 13.75 13.75 13.74 13.74
13.73 13.72 13.67 13.68 13.71 13.74 13.76 13.75 13.75 13.75 13.76 13.76 13.60 13.47 13.64 13.71 13.68 13.69 13.64 13.75 13.71 13.78 13.77 13.77 13.75 13.76 13.76 13.73 13.74 13.74 13.74 13.74 13.72 13.72 13.72 13.71 13.72 13.71 13.72 13.68 13.62 13.72 13.73 13.72 13.72 13.72 13.74 13.73 13.73 13.72 13.71 13.70 13.73 13.73 13.72 13.73 13.73 13.72 13.75 13.74 13.73 13.73 13.72 13.71 13.70 13.71 13.73 13.71 13.68 13.69 13.72 13.72 13.73 13.71 13.71 13.72 13.72
13.70 13.68 13.59 13.56 13.72 13.73 13.74 13.73 13.73 13.74 13.74 13.73 13.62 13.65 13.61 13.72 13.58 13.65 13.70 13.74 13.72 13.74 13.74 13.74 13.73 13.73 13.73 13.74 13.72 13.70 13.70 13.70 13.71 13.72 13.73 13.72 13.71 13.69 13.71 13.71 13.71 13.69 13.70 13.70 13.68 13.71 13.72 13.72 13.71 13.70 13.69 13.71 13.73 13.73 13.72 13.72 13.71 13.67 13.73 13.72 13.71 13.71 13.70 13.70 13.71 13.72 13.71 13.71 13.69 13.70 13.72 13.71 13.70 13.69 13.71 13.67 13.67
13.69 13.68 13.59 13.66 13.64 13.71 13.72 13.71 13.73 13.72 13.57 13.72 13.58 13.69 13.66 13.74 13.72 13.71 13.72 13.72 13.71 13.70 13.72 13.71 13.71 13.71 13.72 13.73 13.72 13.68 13.68 13.69 13.69 13.69 13.70 13.70 13.69 13.68 13.68 13.69 13.69 13.67 13.67 13.67 13.66 13.69 13.68 13.68 13.67 13.66 13.68 13.70 13.69 13.68 13.70 13.70 13.49 13.62 13.70 13.70 13.69 13.70 13.69 13.69 13.71 13.70 13.69 13.69 13.69 13.68 13.69 13.68 13.68 13.67 13.68 13.65 13.66
13.67 13.62 13.65 13.68 13.64 13.62 13.68 13.70 13.69 13.67 13.67 13.69 13.67 13.62 13.68 13.72 13.70 13.71 13.69 13.68 13.66 13.67 13.68 13.68 13.69 13.69 13.70 13.69 13.72 13.67 13.67 13.68 13.66 13.66 13.68 13.67 13.65 13.65 13.65 13.67 13.66 13.65 13.65 13.63 13.64 13.64 13.65 13.64 13.62 13.65 13.69 13.69 13.65 13.67 13.67 13.66 13.58 13.39 13.64 13.66 13.66 13.66 13.67 13.66 13.67 13.67 13.67 13.67 13.67 13.67 13.67 13.66 13.64 13.63 13.65 13.65 13.64
13.66 13.64 13.66 13.66 13.64 13.57 13.65 13.65 13.62 13.60 13.60 13.64 13.58 13.61 13.67 13.69 13.66 13.67 13.67 13.66 13.63 13.65 13.65 13.66 13.66 13.67 13.67 13.66 13.69 13.67 13.66 13.65 13.64 13.63 13.65 13.63 13.64 13.64 13.64 13.64 13.62 13.58 13.64 13.63 13.61 13.62 13.62 13.61 13.62 13.64 13.66 13.67 13.67 13.65 13.63 13.63 13.57 13.44 13.59 13.63 13.65 13.64 13.65 13.65 13.62 13.63 13.64 13.64 13.64 13.64 13.65 13.65 13.63 13.63 13.63 13.62 13.64
13.65 13.55 13.64 13.52 13.54 13.40 13.63 13.60 13.57 13.59 13.64 13.60 13.65 13.66 13.66 13.65 13.64 13.66 13.66 13.65 13.63 13.63 13.62 13.62 13.63 13.64 13.64 13.62 13.65 13.63 13.63 13.63 13.61 13.60 13.62 13.61 13.61 13.60 13.60 13.62 13.61 13.60 13.61 13.60 13.61 13.60 13.59 13.60 13.62 13.64 13.64 13.64 13.63 13.62 13.49 13.60 13.57 13.56 13.58 13.62 13.62 13.63 13.63 13.62 13.62 13.61 13.62 13.62 13.62 13.63 13.62 13.62 13.63 13.60 13.61 13.62 13.62
13.46 13.40 13.59 13.57 13.50 13.36 13.58 13.59 13.58 13.59 13.54 13.63 13.62 13.61 13.62 13.64 13.63 13.64 13.63 13.62 13.62 13.62 13.61 13.60 13.62 13.61 13.61 13.61 13.63 13.61 13.61 13.61 13.61 13.59 13.61 13.58 13.59 13.58 13.58 13.57 13.58 13.57 13.57 13.56 13.56 13.56 13.55 13.57 13.60 13.63 13.62 13.58 13.58 13.58 13.58 13.57 13.60 13.60 13.58 13.60 13.60 13.61 13.60 13.60 13.60 13.61 13.60 13.60 13.60 13.60 13.60 13.61 13.62 13.61 13.60 13.60 13.61
13.52 13.53 13.58 13.57 13.55 13.55 13.56 13.57 13.58 13.57 13.53 13.60 13.59 13.56 13.58 13.61 13.61 13.60 13.59 13.60 13.60 13.58 13.58 13.59 13.59 13.59 13.60 13.58 13.59 13.58 13.58 13.60 13.59 13.58 13.59 13.58 13.58 13.57 13.56 13.56 13.56 13.54 13.55 13.54 13.55 13.54 13.53 13.54 13.58 13.57 13.57 13.55 13.55 13.56 13.56 13.53 13.55 13.45 13.55 13.58 13.58 13.57 13.58 13.58 13.57 13.57 13.55 13.58 13.58 13.57 13.58 13.59 13.59 13.60 13.58 13.54 13.57
13.56 13.55 13.55 13.54 13.53 13.52 13.54 13.56 13.56 13.55 13.53 13.54 13.56 13.54 13.56 13.58 13.57 13.56 13.57 13.58 13.57 13.56 13.56 13.57 13.56 13.57 13.57 13.57 13.56 13.56 13.59 13.58 13.56 13.56 13.57 13.55 13.54 13.54 13.53 13.53 13.54 13.53 13.52 13.53 13.53 13.54 13.53 13.53 13.55 13.53 13.54 13.53 13.54 13.53 13.53 13.53 13.51 13.35 13.39 13.54 13.56 13.56 13.57 13.56 13.56 13.56 13.55 13.55 13.55 13.55 13.55 13.55 13.54 13.55 13.55 13.55 13.54
13.52 13.53 13.48 13.51 13.49 13.50 13.52 13.44 13.53 13.52 13.47 13.48 13.52 13.51 13.54 13.51 13.51 13.54 13.56 13.54 13.55 13.55 13.54 13.56 13.55 13.54 13.54 13.54 13.53 13.53 13.54 13.54 13.53 13.54 13.52 13.53 13.53 13.52 13.52 13.51 13.50 13.50 13.52 13.54 13.53 13.52 13.51 13.53 13.53 13.51 13.54 13.53 13.51 13.50 13.51 13.50 13.46 13.39 13.47 13.51 13.54 13.54 13.55 13.55 13.54 13.54 13.54 13.52 13.53 13.53 13.53 13.51 13.51 13.51 13.52 13.48 13.42
13.42 13.47 13.53 13.50 13.52 13.53 13.53 13.41 13.40 13.45 13.48 13.51 13.49 13.49 13.48 13.45 13.50 13.53 13.53 13.54 13.53 13.52 13.52 13.54 13.53 13.53 13.52 13.50 13.49 13.51 13.50 13.51 13.51 13.52 13.50 13.51 13.50 13.51 13.51 13.49 13.48 13.48 13.54 13.50 13.48 13.49 13.50 13.51 13.50 13.48 13.49 13.50 13.49 13.47 13.46 13.44 13.46 13.49 13.45 13.47 13.51 13.50 13.51 13.52 13.53 13.52 13.52 13.51 13.50 13.52 13.51 13.50 13.50 13.38 13.50 13.49 13.41
13.47 13.48 13.46 13.41 13.43 13.51 13.48 13.43 13.35 13.43 13.49 13.47 13.47 13.46 13.44 13.41 13.49 13.51 13.51 13.50 13.50 13.50 13.49 13.50 13.50 13.50 13.49 13.48 13.46 13.50 13.48 13.48 13.49 13.47 13.47 13.48 13.48 13.49 13.48 13.45 13.45 13.46 13.46 13.48 13.49 13.49 13.46 13.46 13.47 13.45 13.45 13.46 13.47 13.47 13.45 13.44 13.46 13.45 13.42 13.45 13.47 13.47 13.48 13.48 13.48 13.48 13.48 13.48 13.46 13.47 13.48 13.48 13.48 13.42 13.45 13.46 13.40
13.46 13.41 13.27 13.28 13.47 13.34 13.37 13.43 13.43 13.34 13.39 13.44 13.44 13.41 13.40 13.43 13.47 13.48 13.48 13.46 13.47 13.45 13.45 13.47 13.48 13.47 13.46 13.47 13.45 13.46 13.45 13.46 13.46 13.45 13.45 13.46 13.47 13.43 13.42 13.42 13.44 13.45 13.48 13.48 13.47 13.45 13.43 13.43 13.46 13.43 13.43 13.44 13.44 13.44 13.43 13.41 13.35 13.33 13.45 13.46 13.45 13.45 13.46 13.46 13.46 13.45 13.45 13.46 13.47 13.46 13.45 13.46 13.44 13.45 13.42 13.42 13.43
13.30 13.31 13.28 13.24 13.37 13.27 13.28 13.34 13.34 13.34 13.36 13.42 13.42 13.39 13.32 13.39 13.42 13.45 13.44 13.44 13.45 13.43 13.43 13.43 13.45 13.45 13.44 13.46 13.46 13.43 13.41 13.41 13.42 13.41 13.42 13.41 13.41 13.40 13.39 13.42 13.42 13.42 13.42 13.43 13.43 13.42 13.42 13.41 13.41 13.40 13.40 13.41 13.43 13.44 13.41 13.40 13.19 13.15 13.44 13.46 13.45 13.44 13.44 13.43 13.43 13.43 13.44 13.43 13.44 13.44 13.43 13.44 13.43 13.42 13.41 13.30 13.39
13.28 13.28 13.22 13.29 13.35 13.33 13.30 13.33 13.27 13.27 13.33 13.38 13.36 13.38 13.38 13.40 13.37 13.40 13.40 13.41 13.40 13.39 13.41 13.41 13.43 13.42 13.43 13.45 13.34 13.45 13.45 13.40 13.39 13.39 13.38 13.39 13.39 13.37 13.38 13.40 13.37 13.38 13.40 13.40 13.39 13.38 13.39 13.37 13.41 13.38 13.37 13.37 13.38 13.39 13.41 13.37 13.32 13.29 13.32 13.44 13.43 13.42 13.40 13.41 13.40 13.43 13.43 13.42 13.42 13.42 13.40 13.41 13.41 13.37 13.41 13.40 13.42
13.45 13.33 13.27 13.27 13.29 13.32 13.34 13.22 13.25 13.25 13.30 13.32 13.35 13.31 13.29 13.34 13.37 13.37 13.37 13.37 13.39 13.38 13.39 13.40 13.41 13.41 13.41 13.42 13.43 13.44 13.44 13.40 13.35 13.36 13.36 13.36 13.38 13.37 13.38 13.37 13.36 13.38 13.37 13.36 13.37 13.36 13.36 13.36 13.37 13.36 13.35 13.35 13.36 13.38 13.38 13.36 13.21 13.30 13.38 13.33 13.40 13.39 13.39 13.37 13.37 13.37 13.37 13.38 13.39 13.39 13.33 13.38 13.38 13.35 13.37 13.39 13.40
13.40 13.35 13.28 13.24 13.40 13.36 13.29 13.30 13.28 13.31 13.31 13.29 13.32 13.32 13.32 13.32 13.35 13.37 13.37 13.37 13.36 13.36 13.36 13.36 13.38 13.38 13.38 13.36 13.37 13.37 13.40 13.38 13.36 13.33 13.34 13.35 13.34 13.36 13.37 13.37 13.35 13.34 13.36 13.37 13.36 13.36 13.36 13.36 13.35 13.34 13.35 13.34 13.35 13.37 13.35 13.33 13.28 13.25 13.37 13.36 13.37 13.35 13.36 13.34 13.35 13.36 13.34 13.35 13.35 13.34 13.33 13.38 13.36 13.33 13.35 13.31 13.34
13.35 13.30 13.27 13.16 13.29 13.34 13.32 13.17 13.26 13.28 13.29 13.32 13.32 13.31 13.31 13.32 13.31 13.34 13.35 13.36 13.34 13.33 13.33 13.35 13.34 13.36 13.35 13.34 13.32 13.32 13.36 13.32 13.31 13.31 13.31 13.32 13.32 13.32 13.35 13.32 13.32 13.33 13.35 13.36 13.35 13.35 13.35 13.35 13.33 13.33 13.32 13.32 13.32 13.34 13.34 13.32 13.30 13.31 13.33 13.30 13.34 13.32 13.34 13.32 13.32 13.35 13.33 13.33 13.34 13.35 13.37 13.35 13.34 13.32 13.33 13.34 13.35
13.28 13.32 13.31 13.20 13.24 13.29 13.22 13.17 13.19 13.23 13.28 13.29 13.27 13.30 13.29 13.29 13.29 13.32 13.32 13.34 13.32 13.32 13.32 13.33 13.34 13.33 13.33 13.32 13.30 13.32 13.31 13.28 13.28 13.28 13.29 13.29 13.32 13.34 13.30 13.30 13.29 13.32 13.35 13.32 13.33 13.31 13.31 13.30 13.30 13.29 13.28 13.28 13.28 13.28 13.30 13.29 13.11 13.18 13.30 13.22 13.28 13.25 13.32 13.15 13.30 13.30 13.31 13.32 13.32 13.32 13.34 13.32 13.31 13.28 13.33 13.33 13.33
13.27 13.20 13.21 13.12 13.17 13.12 13.09 13.11 13.15 13.12 13.19 13.21 13.23 13.28 13.29 13.28 13.29 13.31 13.32 13.30 13.29 13.30 13.30 13.30 13.30 13.30 13.29 13.28 13.26 13.28 13.29 13.26 13.27 13.28 13.29 13.31 13.28 13.29 13.31 13.32 13.29 13.28 13.31 13.30 13.29 13.26 13.26 13.27 13.28 13.26 13.24 13.25 13.25 13.26 13.27 13.26 13.11 13.19 13.16 12.89 13.27 13.24 13.05 13.13 13.23 13.27 13.28 13.28 13.29 13.28 13.29 13.29 13.28 13.30 13.32 13.29 13.30
13.05 13.16 13.19 13.20 13.15 13.14 12.98 13.15 13.12 13.10 13.17 13.11 13.17 13.23 13.27 13.27 13.25 13.26 13.26 13.25 13.25 13.27 13.29 13.27 13.26 13.28 13.27 13.25 13.24 13.26 13.26 13.24 13.25 13.25 13.27 13.28 13.28 13.29 13.28 13.31 13.31 13.26 13.27 13.26 13.25 13.23 13.24 13.23 13.24 13.24 13.22 13.22 13.24 13.25 13.25 13.25 13.14 13.08 13.07 12.98 13.14 13.23 13.13 12.96 13.24 13.26 13.26 13.25 13.20 13.26 13.27 13.26 13.27 13.28 13.27 13.26 13.25
12.90 13.03 13.23 13.13 13.08 13.09 13.04 13.16 13.11 13.20 13.17 13.16 13.14 13.21 13.22 13.24 13.24 13.23 13.24 13.23 13.24 13.25 13.26 13.26 13.23 13.24 13.25 13.24 13.23 13.21 13.22 13.21 13.20 13.21 13.22 13.22 13.24 13.24 13.24 13.26 13.26 13.23 13.22 13.22 13.22 13.21 13.21 13.21 13.21 13.22 13.22 13.24 13.24 13.23 13.22 13.15 12.88 12.86 13.16 13.09 12.91 13.24 13.09 13.02 13.18 13.24 13.23 13.23 13.23 13.24 13.23 13.25 13.26 13.25 13.25 13.22 13.22
12.99 12.96 13.11 13.16 13.08 13.11 13.16 13.06 13.10 13.13 13.17 13.13 13.15 13.18 13.21 13.19 13.22 13.21 13.21 13.20 13.22 13.22 13.23 13.23 13.21 13.21 13.21 13.21 13.21 13.18 13.19 13.20 13.19 13.19 13.20 13.24 13.27 13.25 13.26 13.24 13.25 13.22 13.21 13.21 13.22 13.20 13.18 13.19 13.19 13.20 13.20 13.21 13.20 13.20 13.19 12.85 12.56 12.82 13.09 12.82 12.86 13.17 13.15 13.16 13.22 13.23 13.22 13.23 13.23 13.22 13.23 13.23 13.23 13.23 13.23 13.22 13.20
12.93 12.89 13.05 13.13 13.02 13.10 13.17 13.02 12.99 13.03 13.05 13.09 13.11 13.14 13.19 13.20 13.19 13.19 13.19 13.19 13.17 13.18 13.19 13.19 13.19 13.19 13.18 13.18 13.19 13.19 13.11 13.20 13.18 13.18 13.18 13.22 13.26 13.24 13.24 13.23 13.22 13.19 13.17 13.20 13.19 13.18 13.16 13.18 13.17 13.17 13.19 13.18 13.17 13.18 13.11 13.08 12.73 12.70 12.87 13.00 13.02 13.20 13.18 13.16 13.08 13.19 13.17 13.21 13.13 13.22 13.24 13.21 13.23 13.18 13.19 13.18 13.17
13.03 12.93 12.97 13.01 13.12 13.07 13.13 13.12 12.99 13.00 13.04 13.09 13.05 13.11 13.16 13.16 13.16 13.17 13.16 13.17 13.16 13.15 13.16 13.17 13.17 13.17 13.17 13.17 13.19 13.19 13.17 13.16 13.17 13.16 13.17 13.18 13.17 13.20 13.13 13.20 13.19 13.19 13.16 13.18 13.18 13.16 13.16 13.17 13.15 13.15 13.14 13.13 13.13 13.15 13.06 12.96 12.95 13.06 13.03 12.90 13.13 13.17 13.17 13.15 12.95 13.17 13.18 13.12 13.11 13.18 13.16 13.17 13.18 13.17 13.14 13.16 13.16
12.94 12.90 12.83 12.85 12.95 13.05 13.04 13.03 13.03 12.98 13.00 13.01 13.12 13.17 13.08 13.10 13.11 13.14 13.16 13.16 13.15 13.15 13.14 13.15 13.15 13.16 13.15 13.15 13.16 13.15 13.14 13.14 13.13 13.14 13.14 13.12 13.10 13.13 12.77 13.15 13.14 13.14 13.14 13.15 13.15 13.13 13.13 13.16 13.15 13.13 13.13 13.11 13.14 13.13 13.12 13.11 13.11 13.17 13.14 13.02 13.13 13.12 13.15 13.10 12.97 13.07 13.10 13.12 13.18 13.15 13.13 13.13 13.16 13.14 13.14 13.13 13.13
