BOM_solar_grid_data_201906/2019061720190617.grid
ncols 839
nrows 679
xllcenter 112.0500
yllcenter -43.9500
cellsize 0.0500
nodata_value 99999.90
[rows 306 to 339 of 679, columns 77 to 153 of 839]
14.91 14.90 14.90 14.89 14.86 14.87 14.89 14.86 14.81 14.83 14.84 14.85 14.86 14.82 14.84 14.87 14.86 14.85 14.84 14.84 14.85 14.86 14.85 14.84 14.85 14.86 14.86 14.86 14.86 14.86 14.87 14.88 14.87 14.88 14.85 14.85 14.90 14.86 14.84 14.84 14.85 14.86 14.84 14.86 14.85 14.84 14.84 14.84 14.85 14.87 14.82 14.82 14.86 14.83 14.83 14.83 14.83 14.82 14.83 14.82 14.82 14.82 14.83 14.84 14.85 14.84 14.86 14.87 14.87 14.87 14.88 14.85 14.85 14.85 14.86 14.87 14.87
14.89 14.88 14.88 14.89 14.91 14.87 14.84 14.84 14.82 14.78 14.81 14.81 14.85 14.84 14.84 14.82 14.82 14.82 14.82 14.82 14.82 14.81 14.81 14.83 14.83 14.84 14.86 14.84 14.85 14.85 14.85 14.86 14.87 14.87 14.86 14.86 14.84 14.83 14.85 14.85 14.85 14.83 14.83 14.83 14.82 14.81 14.82 14.83 14.83 14.83 14.82 14.79 14.80 14.80 14.82 14.83 14.82 14.81 14.81 14.81 14.80 14.80 14.81 14.81 14.83 14.83 14.83 14.85 14.84 14.84 14.84 14.84 14.84 14.83 14.84 14.85 14.83
14.85 14.87 14.88 14.87 14.88 14.87 14.87 14.84 14.82 14.75 14.79 14.77 14.82 14.80 14.80 14.80 14.80 14.80 14.80 14.80 14.79 14.78 14.79 14.79 14.79 14.82 14.82 14.82 14.81 14.80 14.82 14.82 14.83 14.84 14.83 14.85 14.83 14.84 14.85 14.84 14.84 14.84 14.82 14.82 14.81 14.81 14.81 14.82 14.80 14.79 14.78 14.78 14.77 14.76 14.79 14.80 14.79 14.79 14.79 14.80 14.79 14.78 14.77 14.78 14.79 14.82 14.81 14.82 14.82 14.81 14.80 14.82 14.82 14.81 14.79 14.79 14.79
14.84 14.86 14.86 14.86 14.87 14.86 14.85 14.85 14.83 14.83 14.78 14.77 14.77 14.78 14.77 14.78 14.79 14.78 14.78 14.77 14.76 14.80 14.78 14.78 14.78 14.78 14.79 14.79 14.80 14.80 14.83 14.83 14.83 14.82 14.81 14.83 14.82 14.82 14.81 14.82 14.82 14.83 14.81 14.80 14.79 14.79 14.79 14.79 14.80 14.80 14.78 14.78 14.78 14.76 14.76 14.77 14.75 14.75 14.76 14.78 14.78 14.76 14.76 14.75 14.78 14.80 14.78 14.79 14.79 14.80 14.78 14.77 14.75 14.76 14.76 14.77 14.78
14.83 14.85 14.83 14.82 14.82 14.81 14.80 14.79 14.80 14.80 14.80 14.76 14.77 14.75 14.77 14.78 14.76 14.77 14.79 14.78 14.75 14.76 14.75 14.75 14.75 14.76 14.76 14.76 14.77 14.78 14.78 14.79 14.78 14.76 14.77 14.78 14.79 14.80 14.81 14.80 14.79 14.79 14.77 14.78 14.77 14.78 14.75 14.77 14.77 14.78 14.77 14.76 14.73 14.72 14.75 14.75 14.73 14.74 14.75 14.74 14.74 14.76 14.76 14.79 14.78 14.77 14.76 14.73 14.76 14.76 14.73 14.72 14.73 14.74 14.75 14.76 14.74
14.79 14.82 14.81 14.80 14.79 14.80 14.78 14.75 14.78 14.77 14.77 14.73 14.73 14.73 14.74 14.74 14.74 14.75 14.74 14.73 14.74 14.73 14.73 14.73 14.72 14.72 14.72 14.72 14.73 14.76 14.78 14.78 14.75 14.76 14.76 14.76 14.74 14.74 14.73 14.75 14.76 14.76 14.76 14.75 14.76 14.75 14.75 14.75 14.72 14.71 14.71 14.70 14.70 14.69 14.72 14.71 14.71 14.72 14.72 14.74 14.75 14.73 14.75 14.74 14.71 14.71 14.72 14.74 14.73 14.72 14.71 14.71 14.72 14.73 14.72 14.74 14.74
14.76 14.76 14.76 14.77 14.76 14.77 14.77 14.76 14.77 14.76 14.76 14.76 14.72 14.72 14.74 14.73 14.71 14.69 14.71 14.73 14.70 14.71 14.71 14.70 14.69 14.69 14.69 14.69 14.70 14.73 14.74 14.75 14.71 14.73 14.75 14.74 14.74 14.74 14.74 14.73 14.74 14.74 14.74 14.73 14.70 14.68 14.70 14.68 14.68 14.67 14.67 14.67 14.69 14.68 14.70 14.68 14.70 14.70 14.70 14.69 14.70 14.71 14.73 14.69 14.68 14.68 14.71 14.71 14.70 14.71 14.68 14.71 14.70 14.71 14.70 14.70 14.72
14.75 14.73 14.72 14.72 14.72 14.74 14.73 14.73 14.74 14.74 14.76 14.76 14.72 14.72 14.70 14.70 14.70 14.68 14.68 14.68 14.70 14.69 14.69 14.70 14.69 14.68 14.68 14.69 14.69 14.70 14.71 14.71 14.71 14.72 14.74 14.73 14.73 14.73 14.72 14.73 14.74 14.72 14.71 14.70 14.71 14.71 14.71 14.68 14.67 14.66 14.65 14.65 14.66 14.65 14.66 14.66 14.67 14.68 14.68 14.69 14.67 14.66 14.66 14.65 14.66 14.67 14.68 14.67 14.69 14.67 14.65 14.66 14.67 14.68 14.68 14.68 14.68
14.74 14.70 14.70 14.70 14.70 14.70 14.70 14.69 14.72 14.72 14.74 14.74 14.71 14.67 14.67 14.68 14.67 14.67 14.66 14.66 14.66 14.66 14.66 14.67 14.66 14.68 14.66 14.67 14.66 14.69 14.70 14.70 14.70 14.71 14.71 14.72 14.70 14.70 14.69 14.70 14.72 14.68 14.66 14.64 14.65 14.67 14.66 14.67 14.67 14.65 14.63 14.62 14.64 14.64 14.64 14.64 14.65 14.65 14.66 14.67 14.64 14.62 14.62 14.64 14.64 14.64 14.66 14.65 14.66 14.64 14.63 14.63 14.63 14.64 14.65 14.64 14.65
14.69 14.69 14.68 14.68 14.69 14.68 14.68 14.68 14.67 14.68 14.69 14.69 14.67 14.67 14.64 14.64 14.64 14.64 14.66 14.65 14.64 14.63 14.62 14.64 14.68 14.69 14.68 14.67 14.66 14.64 14.69 14.67 14.67 14.67 14.67 14.68 14.68 14.69 14.67 14.67 14.65 14.64 14.66 14.66 14.67 14.67 14.67 14.67 14.65 14.65 14.65 14.61 14.63 14.62 14.64 14.63 14.63 14.63 14.60 14.60 14.61 14.61 14.62 14.62 14.61 14.63 14.62 14.61 14.60 14.61 14.61 14.61 14.60 14.61 14.62 14.62 14.63
14.66 14.65 14.66 14.67 14.66 14.66 14.67 14.68 14.68 14.67 14.67 14.66 14.67 14.67 14.64 14.64 14.62 14.61 14.62 14.63 14.65 14.65 14.66 14.66 14.66 14.67 14.68 14.68 14.64 14.66 14.65 14.65 14.64 14.64 14.64 14.65 14.66 14.66 14.64 14.66 14.65 14.67 14.65 14.63 14.65 14.64 14.67 14.67 14.66 14.65 14.62 14.63 14.62 14.60 14.61 14.62 14.63 14.62 14.62 14.62 14.63 14.63 14.62 14.62 14.61 14.60 14.59 14.58 14.61 14.60 14.60 14.59 14.57 14.58 14.60 14.60 14.60
14.63 14.62 14.62 14.63 14.63 14.64 14.67 14.67 14.68 14.64 14.65 14.65 14.65 14.63 14.66 14.61 14.63 14.63 14.61 14.61 14.63 14.64 14.64 14.64 14.62 14.63 14.63 14.63 14.62 14.64 14.63 14.63 14.62 14.62 14.62 14.63 14.64 14.63 14.63 14.63 14.62 14.64 14.63 14.64 14.65 14.65 14.65 14.66 14.66 14.63 14.62 14.61 14.58 14.58 14.59 14.60 14.62 14.60 14.60 14.61 14.60 14.61 14.60 14.58 14.56 14.57 14.56 14.56 14.60 14.59 14.58 14.57 14.56 14.56 14.56 14.55 14.55
14.61 14.61 14.60 14.61 14.63 14.66 14.66 14.64 14.64 14.65 14.63 14.63 14.62 14.63 14.63 14.64 14.60 14.60 14.61 14.61 14.60 14.59 14.61 14.60 14.61 14.60 14.61 14.60 14.60 14.57 14.60 14.59 14.59 14.60 14.61 14.61 14.61 14.62 14.62 14.62 14.62 14.63 14.62 14.62 14.61 14.61 14.62 14.63 14.62 14.63 14.62 14.61 14.56 14.55 14.57 14.57 14.56 14.55 14.56 14.57 14.56 14.59 14.58 14.57 14.54 14.54 14.56 14.55 14.57 14.57 14.56 14.52 14.51 14.54 14.53 14.53 14.53
14.60 14.60 14.60 14.60 14.62 14.63 14.61 14.63 14.64 14.64 14.62 14.62 14.62 14.62 14.63 14.60 14.57 14.58 14.58 14.59 14.57 14.55 14.58 14.59 14.58 14.58 14.60 14.57 14.56 14.53 14.57 14.57 14.57 14.58 14.59 14.59 14.60 14.60 14.60 14.60 14.60 14.59 14.59 14.61 14.60 14.61 14.61 14.61 14.60 14.60 14.60 14.59 14.56 14.53 14.52 14.53 14.52 14.54 14.56 14.56 14.58 14.56 14.55 14.54 14.54 14.55 14.53 14.51 14.52 14.54 14.52 14.51 14.51 14.52 14.52 14.51 14.51
14.58 14.55 14.55 14.58 14.59 14.61 14.60 14.60 14.62 14.61 14.59 14.62 14.61 14.59 14.59 14.59 14.60 14.56 14.56 14.57 14.56 14.53 14.53 14.57 14.57 14.55 14.55 14.52 14.52 14.53 14.56 14.52 14.57 14.58 14.58 14.58 14.59 14.58 14.57 14.57 14.57 14.55 14.56 14.57 14.58 14.59 14.58 14.58 14.59 14.57 14.56 14.57 14.56 14.52 14.52 14.52 14.53 14.55 14.55 14.54 14.54 14.55 14.52 14.52 14.51 14.49 14.49 14.49 14.49 14.50 14.50 14.50 14.50 14.51 14.51 14.49 14.52
14.56 14.56 14.56 14.57 14.58 14.57 14.58 14.58 14.59 14.59 14.59 14.59 14.58 14.60 14.59 14.57 14.57 14.55 14.55 14.56 14.55 14.54 14.54 14.55 14.53 14.51 14.51 14.51 14.53 14.55 14.54 14.56 14.55 14.54 14.57 14.56 14.56 14.56 14.56 14.56 14.56 14.55 14.56 14.57 14.56 14.54 14.55 14.56 14.56 14.55 14.56 14.55 14.55 14.52 14.53 14.54 14.53 14.52 14.52 14.52 14.52 14.51 14.50 14.49 14.49 14.47 14.47 14.47 14.47 14.47 14.47 14.46 14.46 14.47 14.48 14.51 14.50
14.53 14.55 14.54 14.55 14.54 14.54 14.53 14.54 14.56 14.55 14.55 14.55 14.57 14.56 14.56 14.54 14.55 14.57 14.52 14.53 14.51 14.51 14.52 14.50 14.48 14.49 14.51 14.56 14.54 14.53 14.53 14.54 14.52 14.52 14.54 14.54 14.54 14.55 14.55 14.55 14.55 14.53 14.54 14.53 14.53 14.53 14.52 14.52 14.52 14.53 14.53 14.52 14.52 14.51 14.50 14.49 14.49 14.49 14.49 14.49 14.49 14.48 14.47 14.45 14.48 14.48 14.48 14.45 14.44 14.44 14.45 14.45 14.45 14.45 14.45 14.48 14.49
14.54 14.55 14.52 14.54 14.52 14.52 14.52 14.52 14.54 14.54 14.52 14.53 14.54 14.53 14.52 14.50 14.53 14.56 14.56 14.52 14.50 14.47 14.48 14.51 14.53 14.51 14.51 14.51 14.52 14.52 14.51 14.52 14.52 14.52 14.51 14.51 14.52 14.53 14.53 14.52 14.53 14.53 14.51 14.49 14.50 14.51 14.52 14.52 14.53 14.52 14.52 14.51 14.51 14.50 14.49 14.48 14.49 14.48 14.48 14.48 14.46 14.43 14.43 14.42 14.41 14.42 14.43 14.42 14.42 14.42 14.43 14.43 14.44 14.45 14.48 14.48 14.47
14.50 14.52 14.52 14.51 14.51 14.50 14.50 14.51 14.51 14.51 14.52 14.51 14.51 14.52 14.51 14.49 14.51 14.52 14.53 14.47 14.47 14.48 14.48 14.50 14.49 14.49 14.49 14.50 14.52 14.52 14.51 14.51 14.51 14.51 14.51 14.51 14.51 14.50 14.49 14.51 14.50 14.50 14.50 14.48 14.50 14.52 14.51 14.50 14.51 14.49 14.49 14.50 14.50 14.48 14.48 14.47 14.46 14.50 14.48 14.46 14.44 14.42 14.41 14.41 14.41 14.41 14.41 14.39 14.39 14.39 14.40 14.40 14.39 14.45 14.46 14.47 14.47
14.46 14.46 14.46 14.49 14.50 14.48 14.50 14.48 14.49 14.49 14.50 14.48 14.49 14.49 14.48 14.46 14.49 14.50 14.50 14.50 14.49 14.48 14.48 14.47 14.49 14.50 14.49 14.49 14.49 14.50 14.49 14.49 14.49 14.49 14.48 14.48 14.45 14.46 14.48 14.48 14.49 14.49 14.47 14.47 14.47 14.49 14.50 14.49 14.50 14.45 14.43 14.49 14.48 14.47 14.47 14.46 14.47 14.46 14.44 14.44 14.45 14.42 14.40 14.39 14.38 14.39 14.39 14.38 14.36 14.36 14.36 14.37 14.37 14.42 14.43 14.42 14.42
14.42 14.42 14.43 14.43 14.44 14.46 14.46 14.46 14.47 14.48 14.46 14.45 14.47 14.46 14.45 14.44 14.47 14.48 14.47 14.47 14.47 14.45 14.47 14.46 14.46 14.47 14.46 14.45 14.45 14.46 14.46 14.46 14.47 14.47 14.45 14.44 14.43 14.42 14.42 14.44 14.43 14.47 14.46 14.44 14.45 14.46 14.48 14.49 14.47 14.43 14.39 14.43 14.44 14.45 14.44 14.44 14.42 14.42 14.43 14.43 14.43 14.41 14.38 14.38 14.36 14.38 14.37 14.35 14.36 14.36 14.35 14.35 14.39 14.39 14.41 14.40 14.40
14.38 14.41 14.42 14.42 14.43 14.43 14.44 14.43 14.45 14.46 14.46 14.44 14.45 14.44 14.43 14.45 14.46 14.47 14.47 14.46 14.45 14.42 14.43 14.43 14.45 14.44 14.46 14.44 14.43 14.43 14.43 14.45 14.45 14.44 14.45 14.44 14.43 14.41 14.41 14.39 14.39 14.42 14.42 14.42 14.42 14.44 14.46 14.46 14.41 14.36 14.37 14.38 14.43 14.43 14.42 14.40 14.43 14.40 14.41 14.41 14.39 14.36 14.35 14.35 14.34 14.34 14.34 14.33 14.33 14.34 14.34 14.39 14.38 14.38 14.37 14.38 14.39
14.40 14.38 14.38 14.37 14.40 14.40 14.40 14.41 14.42 14.42 14.43 14.42 14.42 14.41 14.43 14.43 14.45 14.46 14.46 14.45 14.43 14.43 14.40 14.41 14.42 14.42 14.42 14.42 14.42 14.41 14.42 14.41 14.41 14.41 14.40 14.41 14.43 14.43 14.43 14.42 14.40 14.38 14.38 14.37 14.38 14.40 14.41 14.41 14.37 14.35 14.38 14.37 14.38 14.39 14.39 14.38 14.37 14.40 14.39 14.40 14.37 14.36 14.34 14.33 14.33 14.33 14.32 14.32 14.31 14.30 14.33 14.35 14.35 14.35 14.35 14.37 14.36
14.40 14.37 14.36 14.36 14.38 14.37 14.38 14.39 14.39 14.38 14.38 14.40 14.40 14.40 14.42 14.42 14.43 14.43 14.43 14.42 14.43 14.43 14.42 14.39 14.40 14.40 14.39 14.38 14.38 14.38 14.37 14.38 14.40 14.40 14.40 14.40 14.41 14.36 14.38 14.39 14.39 14.35 14.34 14.36 14.36 14.36 14.38 14.36 14.37 14.36 14.37 14.36 14.37 14.35 14.34 14.34 14.33 14.33 14.36 14.37 14.35 14.32 14.31 14.31 14.30 14.28 14.29 14.28 14.29 14.28 14.31 14.34 14.33 14.33 14.33 14.34 14.33
14.34 14.34 14.34 14.34 14.35 14.36 14.37 14.36 14.36 14.35 14.36 14.37 14.37 14.37 14.37 14.39 14.40 14.40 14.39 14.39 14.40 14.41 14.39 14.37 14.37 14.36 14.36 14.37 14.36 14.35 14.34 14.34 14.36 14.37 14.38 14.37 14.37 14.33 14.35 14.38 14.37 14.36 14.36 14.36 14.35 14.35 14.32 14.32 14.33 14.31 14.33 14.34 14.38 14.32 14.31 14.28 14.28 14.34 14.34 14.31 14.29 14.27 14.28 14.28 14.28 14.27 14.26 14.26 14.26 14.29 14.29 14.30 14.30 14.30 14.29 14.31 14.30
14.32 14.32 14.31 14.32 14.33 14.33 14.36 14.35 14.36 14.35 14.35 14.34 14.36 14.36 14.36 14.36 14.36 14.36 14.37 14.38 14.38 14.37 14.37 14.39 14.34 14.34 14.33 14.34 14.34 14.33 14.33 14.33 14.29 14.33 14.33 14.33 14.31 14.33 14.34 14.34 14.34 14.34 14.34 14.33 14.32 14.29 14.30 14.34 14.33 14.31 14.33 14.35 14.32 14.28 14.29 14.32 14.29 14.29 14.29 14.27 14.29 14.26 14.26 14.25 14.28 14.24 14.25 14.29 14.30 14.32 14.29 14.27 14.27 14.26 14.28 14.26 14.27
14.29 14.30 14.29 14.29 14.28 14.29 14.32 14.31 14.31 14.33 14.32 14.33 14.35 14.33 14.33 14.35 14.34 14.34 14.33 14.32 14.34 14.33 14.33 14.34 14.31 14.31 14.32 14.33 14.31 14.30 14.30 14.31 14.32 14.31 14.31 14.32 14.30 14.32 14.32 14.31 14.30 14.31 14.31 14.31 14.31 14.31 14.30 14.32 14.31 14.30 14.33 14.28 14.26 14.24 14.26 14.31 14.25 14.26 14.30 14.27 14.26 14.25 14.30 14.26 14.23 14.23 14.21 14.22 14.26 14.25 14.28 14.29 14.27 14.26 14.27 14.25 14.25
14.28 14.26 14.25 14.26 14.26 14.29 14.30 14.29 14.31 14.30 14.30 14.32 14.33 14.31 14.30 14.30 14.31 14.29 14.29 14.29 14.29 14.29 14.30 14.30 14.30 14.27 14.28 14.30 14.28 14.28 14.29 14.27 14.27 14.27 14.28 14.25 14.27 14.27 14.28 14.28 14.29 14.28 14.28 14.27 14.31 14.28 14.28 14.28 14.29 14.30 14.28 14.23 14.21 14.22 14.22 14.25 14.24 14.26 14.30 14.26 14.23 14.24 14.24 14.25 14.25 14.21 14.20 14.25 14.25 14.25 14.22 14.26 14.25 14.27 14.25 14.24 14.25
14.23 14.23 14.24 14.24 14.27 14.27 14.26 14.28 14.28 14.29 14.28 14.29 14.30 14.29 14.28 14.28 14.27 14.28 14.29 14.28 14.28 14.27 14.29 14.30 14.30 14.29 14.25 14.26 14.26 14.27 14.27 14.25 14.25 14.23 14.24 14.21 14.23 14.24 14.26 14.26 14.26 14.27 14.25 14.26 14.28 14.25 14.25 14.27 14.26 14.23 14.22 14.22 14.19 14.20 14.20 14.23 14.24 14.24 14.27 14.24 14.23 14.22 14.20 14.21 14.24 14.21 14.22 14.25 14.22 14.23 14.24 14.27 14.25 14.22 14.24 14.23 14.22
14.22 14.22 14.24 14.23 14.25 14.25 14.24 14.26 14.25 14.26 14.26 14.25 14.27 14.28 14.23 14.24 14.25 14.25 14.26 14.27 14.25 14.25 14.25 14.25 14.27 14.27 14.25 14.25 14.25 14.23 14.22 14.22 14.22 14.22 14.25 14.23 14.21 14.20 14.19 14.21 14.21 14.24 14.19 14.25 14.25 14.23 14.22 14.24 14.23 14.20 14.23 14.20 14.18 14.19 14.17 14.20 14.21 14.23 14.26 14.25 14.23 14.22 14.20 14.22 14.20 14.19 14.22 14.19 14.19 14.21 14.20 14.21 14.24 14.23 14.21 14.20 14.22
14.21 14.24 14.24 14.22 14.22 14.24 14.22 14.23 14.23 14.24 14.23 14.24 14.26 14.24 14.22 14.22 14.19 14.23 14.24 14.26 14.25 14.24 14.25 14.25 14.25 14.26 14.25 14.23 14.23 14.18 14.19 14.15 14.16 14.20 14.18 14.17 14.16 14.14 14.16 14.17 14.15 14.21 14.21 14.21 14.21 14.21 14.23 14.21 14.16 14.16 14.19 14.18 14.16 14.15 14.17 14.18 14.20 14.23 14.24 14.21 14.20 14.20 14.19 14.17 14.16 14.17 14.18 14.19 14.18 14.18 14.17 14.18 14.17 14.18 14.18 14.18 14.18
14.19 14.19 14.20 14.20 14.20 14.21 14.20 14.21 14.21 14.22 14.21 14.21 14.22 14.20 14.19 14.19 14.20 14.20 14.21 14.22 14.22 14.24 14.22 14.22 14.21 14.22 14.22 14.22 14.18 14.16 14.14 14.15 14.15 14.15 14.17 14.15 14.12 14.11 14.12 14.13 14.17 14.19 14.18 14.18 14.19 14.19 14.23 14.23 14.18 14.18 14.19 14.17 14.16 14.16 14.16 14.16 14.20 14.20 14.17 14.16 14.17 14.18 14.20 14.15 14.14 14.15 14.15 14.16 14.16 14.16 14.14 14.15 14.14 14.16 14.17 14.18 14.20
14.17 14.17 14.19 14.19 14.19 14.18 14.19 14.19 14.19 14.20 14.19 14.17 14.18 14.18 14.18 14.17 14.18 14.19 14.18 14.17 14.19 14.19 14.20 14.19 14.20 14.21 14.20 14.21 14.16 14.14 14.11 14.12 14.14 14.15 14.13 14.10 14.09 14.10 14.11 14.11 14.15 14.15 14.16 14.16 14.14 14.15 14.17 14.21 14.24 14.22 14.18 14.14 14.14 14.13 14.13 14.15 14.16 14.17 14.13 14.14 14.16 14.16 14.18 14.16 14.16 14.15 14.13 14.12 14.14 14.14 14.12 14.12 14.12 14.14 14.15 14.14 14.15
14.16 14.16 14.18 14.18 14.17 14.16 14.15 14.16 14.17 14.17 14.16 14.17 14.17 14.16 14.17 14.16 14.16 14.17 14.16 14.15 14.16 14.17 14.17 14.17 14.18 14.20 14.20 14.20 14.16 14.13 14.11 14.11 14.08 14.08 14.09 14.10 14.09 14.10 14.09 14.10 14.08 14.09 14.13 14.11 14.11 14.12 14.10 14.13 14.15 14.16 14.14 14.12 14.12 14.11 14.11 14.11 14.12 14.14 14.11 14.12 14.15 14.16 14.14 14.16 14.17 14.17 14.16 14.11 14.13 14.12 14.11 14.10 14.10 14.13 14.12 14.12 14.14
