BOM_solar_grid_data_201906/2019061620190616.grid
ncols 839
nrows 679
xllcenter 112.0500
yllcenter -43.9500
cellsize 0.0500
nodata_value 99999.90
[rows 476 to 509 of 679, columns 616 to 692 of 839]
4.90 4.51 5.07 5.64 5.70 5.91 6.63 7.43 7.31 7.11 6.93 6.98 7.24 7.16 7.49 7.57 7.42 7.15 7.52 8.36 9.40 10.01 10.05 10.07 10.61 10.34 10.29 10.56 9.53 8.76 9.21 9.01 9.62 9.48 10.06 10.40 10.52 9.97 9.73 9.53 9.17 9.82 10.25 10.34 10.54 10.57 10.45 10.66 10.45 10.16 10.35 10.24 10.41 10.05 10.27 10.38 10.70 10.27 9.19 10.03 9.74 10.26 10.57 10.95 10.53 10.63 10.40 9.82 10.28 10.78 10.77 10.65 10.37 10.21 9.98 10.43 10.33
5.58 5.00 4.79 4.93 5.74 6.49 7.08 7.01 6.05 6.26 6.33 6.74 6.88 7.00 7.07 6.92 6.91 6.77 7.04 8.67 10.19 10.70 10.36 10.03 9.63 9.73 9.50 9.39 8.10 7.05 7.37 8.28 9.14 9.92 10.46 10.39 10.41 9.53 9.35 9.23 8.44 10.01 10.28 9.67 10.46 10.29 10.53 10.54 10.36 10.34 10.41 10.45 10.39 10.41 10.44 10.40 10.19 10.43 9.50 9.76 9.15 10.18 10.40 10.59 10.40 10.76 10.47 10.19 10.54 10.62 10.70 10.65 10.45 10.48 10.53 10.69 10.43
7.40 7.43 6.73 6.22 5.89 6.18 6.55 6.86 6.87 7.10 6.16 6.53 7.15 7.44 6.76 6.47 7.64 8.80 8.35 9.49 10.49 10.50 9.91 9.25 9.31 9.20 9.15 9.26 8.47 8.73 9.40 9.52 10.07 10.28 10.19 9.96 9.23 8.64 9.09 9.03 9.70 10.14 10.50 10.40 10.29 10.52 10.54 10.65 10.42 10.70 10.73 10.50 10.16 9.98 10.13 10.49 10.28 10.00 9.37 9.68 9.86 10.01 10.40 10.09 10.13 10.53 10.32 8.91 10.15 10.43 10.67 10.46 10.47 10.59 10.80 10.94 10.63
8.26 8.41 7.79 7.11 6.20 5.43 6.01 6.33 6.50 7.15 7.82 8.03 7.89 7.57 7.34 8.08 8.26 8.65 9.41 9.68 9.63 9.14 9.09 9.30 9.09 9.22 9.17 8.88 9.18 9.87 10.15 10.06 10.12 10.20 9.56 9.77 9.19 8.95 8.27 8.80 10.34 10.72 10.62 10.53 10.17 10.41 10.70 10.54 10.59 10.59 10.60 10.54 10.36 10.21 9.99 10.48 10.53 10.47 9.66 9.48 10.48 9.88 10.49 9.78 10.16 10.51 10.40 8.65 9.53 10.14 10.33 10.60 10.24 10.74 10.69 10.46 10.83
8.34 8.37 8.84 8.53 8.11 7.27 6.89 6.90 6.98 7.37 8.06 8.70 9.27 9.04 8.83 9.13 8.95 9.00 9.37 9.30 9.46 9.26 9.36 9.16 8.74 8.50 8.44 8.61 8.58 9.71 10.10 10.31 10.10 9.61 9.42 9.38 9.59 10.09 9.50 10.14 10.29 10.07 10.55 10.49 9.35 9.96 10.54 10.70 10.41 10.52 10.44 10.39 10.25 10.18 10.29 10.37 10.49 10.45 10.31 10.04 9.84 9.94 10.28 9.42 10.04 10.33 10.29 9.58 9.62 10.23 10.20 10.66 10.48 10.79 10.82 10.92 10.93
8.66 8.62 8.91 8.96 8.65 8.22 7.63 8.04 8.13 8.19 8.04 8.93 9.54 8.76 8.46 8.22 8.16 8.13 8.27 8.49 9.85 9.49 9.10 9.48 8.87 8.24 7.68 8.40 9.12 9.73 10.23 10.18 9.05 8.58 9.62 9.55 9.67 9.18 10.16 9.93 9.53 9.64 10.32 10.11 9.78 10.12 10.65 10.53 10.46 10.60 10.49 10.56 10.63 10.64 10.48 10.36 10.35 10.39 10.13 9.84 10.13 10.37 10.00 9.34 9.68 10.12 10.42 10.38 10.17 10.36 10.25 10.63 10.68 10.82 10.88 10.79 10.91
8.58 8.62 8.40 8.95 8.91 8.71 8.55 8.41 8.37 8.35 9.17 9.81 9.77 9.41 8.69 8.48 8.20 7.15 7.72 9.00 9.27 8.43 8.20 8.06 8.42 7.95 8.69 9.80 9.90 10.40 10.20 9.44 8.22 9.04 9.95 9.51 9.25 9.79 9.57 9.56 9.85 10.35 10.67 10.22 9.93 10.17 10.50 10.45 10.49 10.30 10.17 10.24 10.43 10.65 10.70 10.62 10.40 10.38 9.31 10.30 10.09 9.55 9.23 9.50 9.95 9.82 10.47 10.54 10.43 10.55 10.55 10.56 10.58 10.66 10.68 10.66 10.79
7.93 8.44 8.56 8.61 8.74 8.34 7.80 8.05 8.40 8.18 8.73 9.82 9.30 8.87 8.28 7.83 7.84 6.87 7.88 9.11 9.04 8.71 9.42 9.07 9.19 9.11 9.38 9.56 9.97 10.45 9.20 7.74 7.39 8.74 10.09 9.53 8.99 9.16 9.33 9.68 10.34 10.42 9.40 10.34 9.87 9.74 10.58 10.28 10.20 10.07 10.02 10.32 10.66 10.50 10.40 10.60 10.24 10.11 9.20 10.53 10.15 9.24 9.88 9.88 10.31 10.02 10.35 10.37 10.25 10.62 10.74 10.65 10.53 10.72 10.81 10.66 10.73
8.01 8.14 8.15 8.85 9.65 8.55 7.78 7.25 7.13 6.50 7.52 8.76 7.22 7.89 7.23 7.04 6.75 7.26 8.25 8.27 8.56 8.36 8.41 8.78 8.76 8.21 8.65 10.02 10.61 9.99 7.89 6.80 7.69 8.87 9.62 8.64 8.52 8.89 8.95 9.41 10.03 10.16 9.77 10.42 9.96 9.56 9.79 10.17 10.28 10.27 10.26 10.57 10.44 10.38 10.62 10.58 10.20 9.55 8.96 10.23 10.15 8.82 9.79 10.12 9.92 9.72 10.08 9.80 10.06 10.42 10.62 10.68 10.52 10.56 10.58 10.43 10.47
8.62 8.52 8.82 9.07 9.12 8.61 8.08 6.92 6.39 8.21 9.19 8.97 7.77 7.78 8.02 6.70 6.92 8.16 8.02 8.22 8.40 8.59 8.54 8.53 8.31 7.76 9.75 10.37 10.29 8.57 7.88 7.98 8.82 9.15 8.89 8.36 9.10 10.05 10.29 10.56 10.27 9.97 10.31 10.36 9.90 9.86 9.58 10.07 10.40 10.36 10.17 10.25 10.54 10.72 10.75 10.65 10.39 10.52 9.64 10.42 10.15 9.57 9.63 9.76 9.74 9.82 9.68 9.72 9.89 10.25 10.54 10.62 10.47 10.26 10.44 10.28 10.36
8.76 8.49 8.67 8.18 8.38 8.40 7.13 7.29 7.21 7.85 9.29 8.62 8.51 9.09 9.42 8.88 8.90 8.83 8.47 8.40 7.87 8.35 8.50 8.81 8.48 9.69 10.18 9.36 9.26 8.70 7.99 9.93 10.45 9.81 7.84 8.13 9.47 10.49 10.54 10.32 10.32 10.26 10.28 10.53 10.11 10.06 9.21 9.94 10.69 10.56 10.34 10.32 10.34 10.04 10.15 10.54 10.51 10.31 9.84 10.21 9.21 9.10 9.66 9.68 9.69 9.49 9.88 10.01 10.02 10.19 10.33 10.40 10.26 10.19 10.22 10.11 10.24
7.93 8.29 8.46 8.00 8.57 7.74 7.14 7.11 7.69 8.85 9.40 8.91 7.92 9.55 8.41 8.64 8.92 9.15 8.68 8.58 7.79 7.53 8.44 8.97 8.99 8.96 8.89 9.87 9.99 9.41 9.78 10.57 9.79 8.38 8.07 9.13 10.18 10.66 10.29 9.98 10.31 9.18 9.92 9.95 9.74 9.57 9.82 10.44 10.59 10.53 10.42 10.11 10.18 10.17 10.09 10.43 10.22 10.32 9.81 9.79 9.68 9.74 9.53 9.69 9.70 9.67 9.77 10.06 10.09 9.94 9.88 10.08 10.36 10.24 10.22 10.15 10.22
7.34 8.02 8.15 8.37 8.72 7.03 7.69 7.51 8.02 8.42 9.16 9.07 8.17 8.30 8.61 9.29 9.59 9.32 9.05 8.22 8.41 8.43 8.30 8.63 8.56 8.38 8.77 9.18 8.40 9.39 10.14 8.93 7.81 7.63 8.66 9.83 10.44 10.64 9.52 10.16 9.78 8.93 8.24 7.81 9.12 9.84 10.30 10.58 10.56 10.47 10.22 9.82 9.49 10.05 10.07 10.17 10.42 10.25 9.56 10.08 10.32 9.63 9.95 9.64 9.48 9.67 9.81 9.93 10.18 9.95 9.74 9.78 10.17 10.09 10.25 10.26 10.24
7.28 7.75 8.39 8.29 8.25 7.53 8.11 8.80 8.49 8.61 8.91 9.05 8.54 8.49 9.55 9.61 9.00 8.08 8.49 8.83 9.41 9.00 8.60 8.87 8.33 8.75 8.82 8.51 9.97 10.43 9.39 7.59 7.44 8.40 9.82 9.84 9.26 9.93 9.94 10.29 10.38 8.66 8.98 9.96 10.27 10.12 10.38 10.60 10.59 10.35 10.21 10.12 10.32 10.25 9.54 10.03 9.77 9.60 9.68 9.61 9.58 9.63 9.82 9.61 9.66 9.71 9.46 9.78 9.78 9.61 9.74 9.74 9.78 9.96 10.03 9.81 9.79
6.62 7.23 7.40 7.93 7.89 8.33 8.13 8.61 8.44 7.87 8.71 9.12 8.77 9.10 9.79 9.03 8.44 8.44 9.16 10.04 9.80 9.00 8.03 8.36 8.71 9.03 9.06 9.83 10.33 10.22 9.47 7.84 7.78 9.22 10.34 9.12 9.10 9.67 9.94 10.20 9.50 9.12 9.75 10.45 10.54 10.53 10.57 10.61 10.65 10.55 10.39 10.14 10.22 10.35 10.25 10.35 10.35 10.28 9.35 9.39 9.42 9.40 9.89 9.77 9.85 9.94 9.79 9.96 9.76 9.37 9.39 9.64 9.87 10.09 10.18 10.25 10.11
6.14 6.50 7.23 7.31 7.52 8.15 8.19 8.94 9.02 9.21 9.48 9.47 9.07 9.48 9.89 9.61 8.96 9.11 9.44 8.70 7.97 8.20 7.97 9.30 9.80 9.47 9.20 9.79 10.36 10.20 8.80 9.61 9.38 9.43 9.98 9.01 8.35 9.81 10.58 9.65 8.93 9.77 9.94 9.95 10.17 10.23 10.40 10.28 10.44 10.34 10.17 10.32 10.35 10.37 10.41 10.41 10.24 9.92 10.08 9.84 9.67 9.44 9.86 9.88 9.72 9.81 10.10 9.72 9.63 9.30 9.06 9.11 9.59 10.00 9.89 10.07 9.95
6.67 6.39 6.90 7.13 7.63 7.55 7.84 8.32 8.89 9.43 9.70 9.26 9.07 9.59 9.76 9.45 8.98 9.79 8.84 8.80 8.89 9.45 9.63 9.32 9.21 9.63 9.61 9.94 10.26 9.75 9.07 9.61 10.11 9.80 10.15 9.84 10.26 10.36 9.19 8.07 8.22 9.72 10.02 10.05 9.53 9.25 9.32 9.24 9.79 10.03 10.07 10.19 10.26 10.50 10.44 10.41 10.25 8.27 9.04 9.73 9.56 9.03 9.42 9.50 9.54 9.85 9.65 9.89 9.71 9.40 9.48 9.19 9.32 9.65 9.93 9.94 9.73
7.56 7.37 7.18 7.45 7.87 8.03 7.98 8.14 8.43 9.33 9.80 9.66 9.44 9.52 9.66 9.81 9.64 7.95 7.99 8.42 8.95 9.65 9.77 8.71 8.79 9.52 9.87 10.23 10.09 9.38 9.60 10.31 10.27 9.78 9.98 10.34 10.38 9.88 8.03 7.00 8.44 10.03 9.79 9.09 8.94 8.95 9.74 9.62 10.23 10.20 10.19 10.30 10.29 10.42 10.51 10.22 10.16 8.94 9.87 9.61 9.51 9.30 8.94 9.87 9.84 9.85 9.65 9.50 9.51 9.53 9.65 9.48 9.22 9.52 9.77 9.98 9.79
7.87 7.84 7.50 7.85 8.16 8.54 8.33 8.15 8.21 8.94 9.18 9.71 9.87 9.86 9.93 9.64 9.80 8.72 8.96 7.62 8.73 9.28 9.12 9.39 9.47 9.42 9.86 10.02 10.06 10.14 10.39 10.24 10.16 10.07 10.21 10.23 10.04 8.54 7.90 7.01 8.45 9.87 9.25 9.57 7.93 9.22 10.38 10.41 10.44 10.32 10.21 10.16 10.10 10.18 10.37 10.23 9.99 9.19 9.66 9.44 9.52 9.59 9.18 9.41 9.79 10.03 10.10 9.80 9.60 9.38 9.28 9.75 9.88 10.03 9.71 9.74 9.80
8.07 8.34 8.42 8.60 9.07 9.19 8.99 9.18 9.11 8.80 9.22 9.42 9.83 9.83 9.76 9.95 9.87 9.46 9.21 9.01 9.18 9.34 8.97 9.58 10.01 9.76 9.73 10.14 10.17 10.19 10.18 9.95 9.89 10.18 10.14 10.23 9.74 8.98 8.55 8.37 9.37 10.33 10.35 9.21 7.98 8.68 10.32 10.46 10.42 10.23 10.29 10.03 10.00 10.27 10.50 10.43 10.04 9.56 9.68 9.50 9.56 9.45 9.39 9.34 9.78 9.79 9.82 9.94 9.75 9.58 9.32 9.47 9.73 9.99 10.09 10.01 10.04
8.62 8.89 9.21 9.08 9.67 9.94 9.77 10.00 9.64 9.44 9.22 8.54 9.40 9.95 9.53 9.16 8.74 9.02 9.30 9.09 8.41 8.97 9.21 9.83 9.82 9.91 9.91 10.03 9.89 9.76 10.19 9.90 9.71 10.08 10.12 10.06 10.13 10.24 8.72 8.07 9.53 10.01 10.08 9.73 8.07 9.42 10.12 10.39 10.45 10.24 10.02 10.12 9.96 10.21 10.27 9.36 10.16 9.88 9.69 9.59 9.48 9.57 9.69 9.46 9.79 9.89 9.76 9.74 9.85 9.88 9.79 9.59 9.25 9.80 9.98 10.17 10.12
8.61 8.90 9.26 9.66 9.83 9.91 9.86 10.04 10.25 10.02 9.76 9.28 9.05 9.03 8.41 8.58 8.79 9.54 9.89 9.58 9.63 10.17 10.05 10.08 9.92 9.79 9.53 9.27 9.34 9.33 9.90 9.95 9.96 10.35 10.28 10.24 10.27 9.90 8.11 8.52 10.32 10.51 10.33 10.25 9.77 9.28 9.29 9.81 10.24 10.19 9.56 9.38 10.04 10.08 10.19 10.09 10.00 9.98 9.29 9.06 9.03 9.16 9.52 9.46 9.65 9.77 9.40 9.26 9.28 9.65 9.65 9.67 9.50 9.64 9.98 10.00 9.84
9.10 9.00 9.08 9.37 9.93 10.19 9.96 9.92 10.04 10.13 9.99 10.00 9.74 8.73 7.52 7.40 8.99 9.16 9.55 9.95 9.79 10.09 10.01 10.14 9.68 9.69 9.30 8.34 8.88 9.49 10.05 10.22 10.09 10.30 10.29 10.22 10.30 10.32 10.04 10.38 10.42 10.38 10.42 10.24 10.00 9.85 10.01 10.10 10.05 10.01 9.95 9.89 9.83 9.80 9.83 9.44 9.92 9.93 9.36 9.55 9.41 9.37 9.58 9.77 9.72 9.71 9.39 9.60 9.41 9.22 9.43 9.65 9.26 9.56 9.80 9.70 9.72
9.10 9.36 9.36 9.44 9.92 10.15 10.14 10.03 10.31 9.99 9.93 9.70 8.94 9.00 8.33 8.66 8.70 9.44 9.79 9.85 10.09 10.06 10.08 9.98 9.33 9.31 8.83 8.32 9.33 9.66 9.92 10.19 9.88 9.86 10.06 9.99 10.23 10.19 10.02 10.33 10.44 10.40 10.38 10.32 10.20 10.24 10.29 10.29 10.07 10.09 10.18 9.90 9.82 9.94 9.88 9.62 9.81 9.78 9.54 9.61 9.57 9.95 9.88 9.96 9.79 9.94 9.58 9.53 9.45 9.52 9.34 9.48 9.45 9.96 9.95 10.05 9.73
9.20 9.45 9.59 9.34 9.72 9.96 10.01 9.85 10.27 10.16 9.89 9.88 9.69 9.60 9.13 9.26 8.68 9.35 9.87 9.90 10.15 10.04 10.23 9.92 9.18 9.30 8.92 8.98 9.44 9.59 9.94 9.95 9.66 9.81 9.69 9.90 10.12 10.19 10.08 10.11 10.25 10.27 10.32 10.28 10.18 10.13 9.79 9.80 10.02 10.12 10.04 9.89 9.84 9.65 9.93 9.96 9.89 9.85 9.70 9.11 9.36 9.68 9.80 9.84 9.75 10.03 9.96 9.73 9.89 10.01 10.00 10.07 9.76 9.95 10.00 9.93 9.72
8.79 9.38 9.23 9.32 9.45 9.68 9.70 9.93 10.00 9.96 10.00 9.91 9.40 9.49 9.71 9.47 9.41 9.71 9.85 10.04 10.26 10.11 10.03 9.35 8.97 8.84 8.54 8.49 8.53 9.23 10.02 10.02 9.82 9.67 9.79 9.22 9.49 10.26 9.83 9.87 10.01 10.36 10.38 10.29 10.22 10.19 9.95 9.84 9.82 9.90 10.03 10.11 10.10 9.83 9.73 9.62 9.47 9.51 9.48 9.28 9.24 9.47 9.58 9.43 9.45 9.84 10.05 10.03 9.75 9.82 9.88 9.87 9.85 10.00 9.98 9.81 9.90
9.09 9.32 9.49 9.46 9.37 9.66 9.64 9.72 9.87 9.90 9.80 9.60 9.47 9.62 9.46 9.63 9.93 9.95 10.05 10.07 10.20 9.73 8.30 8.71 9.42 9.45 9.07 8.72 8.68 9.28 9.34 9.83 9.55 9.89 9.79 9.64 10.05 9.72 9.62 9.33 10.11 10.37 10.41 10.34 10.22 10.08 10.05 10.18 10.13 10.19 10.06 9.99 10.01 9.91 9.64 9.50 9.38 9.63 9.63 9.50 9.48 9.39 9.51 9.58 9.67 9.89 9.97 9.85 9.78 9.79 9.76 9.80 9.88 9.81 9.82 9.81 10.02
8.87 9.21 9.48 9.68 9.46 9.47 9.73 9.78 9.83 9.75 9.68 9.61 9.75 9.69 9.49 9.79 9.84 9.92 10.03 9.97 9.58 8.21 8.18 9.50 9.02 8.86 9.00 8.73 8.89 8.95 8.87 9.13 9.37 9.30 9.62 10.13 10.24 9.30 9.79 9.95 10.30 10.34 10.30 10.31 10.33 10.23 10.19 10.30 10.32 10.29 10.20 10.13 9.96 9.90 9.90 9.61 9.36 9.31 9.32 9.41 9.42 9.58 9.75 9.68 9.62 9.37 9.69 9.87 9.56 9.77 9.55 9.67 9.80 9.83 9.95 9.82 9.86
8.89 9.25 9.34 9.80 9.82 9.62 9.81 9.89 9.62 9.60 9.69 9.83 9.71 9.74 9.66 9.92 10.16 10.13 10.15 10.11 8.72 7.42 9.46 8.91 7.07 7.50 8.37 7.88 8.96 8.72 8.21 8.06 8.92 9.26 9.38 9.21 9.30 9.77 10.10 10.13 10.22 10.27 10.32 10.31 10.27 10.19 10.20 10.29 10.31 10.31 10.26 10.31 10.20 10.03 10.01 9.67 9.51 9.41 9.28 9.33 9.06 9.03 9.24 9.23 9.25 9.33 9.06 9.19 9.76 9.63 9.64 9.84 9.71 9.77 9.94 9.69 9.80
9.05 9.34 9.40 9.92 9.73 9.66 9.81 9.90 9.75 9.55 9.71 9.91 9.97 9.91 9.79 10.09 10.24 10.20 10.21 10.02 9.23 8.60 9.54 8.91 8.42 8.57 9.39 8.84 8.83 8.41 9.14 9.56 9.81 8.41 8.64 8.89 9.01 10.01 10.36 10.26 10.22 10.26 10.32 10.29 10.23 10.20 10.20 10.29 10.31 10.26 10.08 10.14 10.19 10.14 10.18 9.99 9.69 9.75 9.58 9.63 9.63 9.54 9.31 9.32 8.85 8.99 8.67 9.05 9.33 9.65 9.69 9.96 10.05 10.10 9.80 9.67 9.92
9.38 9.86 10.25 10.15 9.69 9.67 9.74 9.99 9.99 9.68 9.77 10.14 10.21 10.21 10.24 10.23 10.19 10.10 9.50 9.13 9.98 10.06 8.86 9.39 8.88 8.83 8.13 8.06 8.04 9.11 9.63 10.22 10.18 9.65 8.63 8.18 9.93 9.99 10.04 10.28 10.23 10.22 10.23 10.23 10.15 10.07 10.06 10.14 10.26 10.24 10.19 10.08 10.00 10.00 9.96 9.92 10.01 9.74 9.33 9.05 9.19 9.32 9.09 9.23 8.65 8.66 8.63 9.05 9.11 9.26 9.91 10.21 10.23 10.25 9.90 9.83 9.78
9.58 9.95 9.99 10.09 10.01 9.83 9.95 10.06 10.03 9.71 9.81 10.25 10.33 10.31 10.26 10.11 10.04 10.02 9.85 10.01 10.20 9.84 9.54 10.04 10.10 9.15 9.69 9.83 10.04 10.24 10.25 9.98 9.26 9.17 9.43 10.10 10.15 10.13 9.93 10.08 10.23 10.23 10.18 10.14 10.13 10.09 9.92 9.98 10.20 10.15 10.06 10.00 9.93 9.75 9.85 9.92 9.73 9.47 9.04 9.27 9.15 8.99 8.82 8.45 8.16 7.88 8.48 8.42 8.59 8.72 9.04 9.34 9.76 9.96 9.77 9.92 9.66
9.91 9.98 9.96 10.20 10.05 9.97 9.86 10.03 10.04 9.27 9.24 10.20 10.26 10.29 10.25 9.30 9.21 9.60 9.75 9.78 9.63 9.77 9.62 9.79 9.85 9.35 9.17 9.40 10.24 10.04 10.17 9.49 9.13 9.63 9.50 9.94 10.11 10.20 10.15 10.15 10.01 9.62 9.88 10.08 10.06 10.03 9.98 10.01 10.11 10.06 9.88 9.68 9.71 9.52 10.02 10.05 9.81 9.28 8.82 8.83 9.01 8.87 8.00 7.43 7.35 8.18 8.21 8.38 8.58 8.30 8.55 8.60 8.80 9.17 9.73 9.63 9.45
9.85 9.92 9.96 10.08 9.98 10.02 9.98 9.95 9.98 9.93 9.98 10.22 10.27 10.21 9.50 9.20 9.57 10.00 9.60 9.22 9.77 10.12 9.73 9.52 10.03 9.68 9.85 10.16 10.22 10.21 9.89 8.80 8.64 9.42 9.51 9.75 10.11 10.14 10.21 10.14 9.96 10.08 9.50 10.14 10.05 10.00 9.91 9.91 9.80 9.75 9.21 9.62 9.60 9.66 9.69 9.72 9.44 9.16 8.58 7.97 8.21 8.20 7.91 7.62 7.67 8.13 8.07 8.03 8.41 8.13 8.41 8.46 8.75 9.01 9.44 9.77 9.82
