BOM_solar_grid_data_201906/2019062220190622.grid
ncols 839
nrows 679
xllcenter 112.0500
yllcenter -43.9500
cellsize 0.0500
nodata_value 99999.90
[rows 68 to 101 of 679, columns 308 to 384 of 839]
19.57 19.57 19.57 19.57 19.57 19.57 19.57 19.57 19.57 99999.90 99999.90 99999.90 99999.90 99999.90 99999.90 99999.90 99999.90 99999.90 99999.90 99999.90 99999.90 99999.90 99999.90 99999.90 99999.90 99999.90 99999.90 99999.90 99999.90 99999.90 99999.90 99999.90 99999.90 99999.90 99999.90 99999.90 19.59 19.69 19.68 19.68 19.68 19.68 19.68 19.68 19.68 19.68 19.68 19.68 19.68 19.68 19.66 19.63 19.58 19.58 19.70 19.70 19.85 19.72 19.57 19.51 19.57 19.67 19.71 19.71 19.71 19.69 19.74 19.70 19.80 19.74 19.63 19.56 19.61 19.67 19.69 19.66 19.68
19.57 19.57 19.57 19.57 19.57 19.57 19.57 19.57 19.57 19.52 99999.90 99999.90 99999.90 99999.90 99999.90 99999.90 99999.90 99999.90 99999.90 99999.90 99999.90 99999.90 99999.90 99999.90 99999.90 99999.90 99999.90 99999.90 99999.90 99999.90 99999.90 99999.90 99999.90 99999.90 99999.90 99999.90 19.59 19.69 19.69 19.69 19.68 19.68 19.68 19.68 19.68 19.68 19.68 19.68 19.68 19.68 19.66 19.63 19.58 19.58 19.63 19.69 19.60 19.77 19.58 19.71 19.68 19.68 19.66 19.69 19.71 19.69 19.70 19.71 19.74 19.72 19.59 19.50 19.58 19.62 19.64 19.67 19.69
19.57 19.57 19.57 19.57 19.57 19.57 19.57 19.57 19.52 19.52 99999.90 99999.90 99999.90 99999.90 99999.90 99999.90 99999.90 99999.90 99999.90 99999.90 99999.90 99999.90 99999.90 99999.90 99999.90 99999.90 99999.90 99999.90 99999.90 99999.90 99999.90 99999.90 99999.90 99999.90 99999.90 19.48 19.59 19.69 19.69 19.69 19.69 19.69 19.69 19.68 19.68 19.68 19.68 19.68 19.68 19.68 19.66 19.63 19.54 19.47 19.69 19.67 19.73 19.80 19.52 19.55 19.58 19.62 19.59 19.64 19.69 19.71 19.60 19.62 19.64 19.60 19.53 19.46 19.52 19.51 19.52 19.54 19.64
19.57 19.57 19.57 19.57 19.57 19.57 19.57 19.52 19.52 19.52 19.49 19.49 99999.90 99999.90 99999.90 99999.90 99999.90 99999.90 99999.90 99999.90 99999.90 99999.90 99999.90 99999.90 99999.90 99999.90 99999.90 99999.90 99999.90 99999.90 99999.90 99999.90 19.60 19.60 19.60 19.60 19.59 19.69 19.69 19.69 19.69 19.69 19.69 19.69 19.69 19.69 19.74 19.74 19.74 19.75 19.67 19.46 19.44 19.54 19.64 19.69 19.67 19.78 19.61 19.59 19.50 19.54 19.60 19.62 19.67 19.58 19.50 19.62 19.65 19.48 19.45 19.45 19.39 19.31 19.32 19.39 19.57
19.57 19.57 19.57 19.57 19.57 19.57 19.52 19.52 19.52 19.49 19.49 19.49 19.46 99999.90 99999.90 99999.90 99999.90 99999.90 99999.90 99999.90 99999.90 99999.90 99999.90 99999.90 99999.90 99999.90 99999.90 99999.90 99999.90 99999.90 99999.90 99999.90 19.60 19.60 19.60 19.60 19.59 19.59 19.59 19.69 19.69 19.69 19.69 19.69 19.69 19.69 19.69 19.73 19.73 19.72 19.70 19.66 19.65 19.65 19.65 19.70 19.69 19.69 19.58 19.64 19.57 19.58 19.59 19.62 19.58 19.52 19.51 19.73 19.61 19.48 19.42 19.34 19.30 19.23 19.32 19.44 19.49
19.57 19.57 19.57 19.57 19.57 19.52 19.52 19.52 19.49 19.50 19.50 19.50 19.50 19.50 19.50 99999.90 99999.90 99999.90 99999.90 99999.90 99999.90 99999.90 99999.90 99999.90 99999.90 99999.90 99999.90 99999.90 99999.90 99999.90 99999.90 19.48 19.60 19.60 19.60 19.60 19.60 19.60 19.59 19.59 19.59 19.59 19.69 19.69 19.69 19.69 19.69 19.69 19.69 19.68 19.67 19.67 19.69 19.70 19.64 19.68 19.66 19.70 19.69 19.67 19.58 19.55 19.56 19.59 19.55 19.54 19.54 19.56 19.55 19.45 19.41 19.35 19.42 19.43 19.45 19.44 19.50
19.57 19.57 19.57 19.57 19.52 19.52 19.52 19.49 19.50 19.50 19.50 19.50 19.50 19.50 19.50 99999.90 99999.90 99999.90 99999.90 99999.90 99999.90 99999.90 99999.90 99999.90 99999.90 99999.90 99999.90 99999.90 99999.90 99999.90 19.46 19.48 19.60 19.60 19.60 19.60 19.60 19.60 19.60 19.59 19.59 19.59 19.59 19.59 19.59 19.69 19.69 19.69 19.64 19.63 19.63 19.64 19.64 19.70 19.69 19.63 19.63 19.70 19.67 19.66 19.56 19.53 19.54 19.60 19.59 19.56 19.51 19.45 19.38 19.40 19.43 19.32 19.33 19.42 19.41 19.46 19.48
19.57 19.57 19.57 19.52 19.52 19.52 19.49 19.49 19.50 19.50 19.50 19.50 19.50 19.50 19.50 19.44 99999.90 99999.90 99999.90 99999.90 99999.90 99999.90 99999.90 99999.90 99999.90 99999.90 99999.90 99999.90 99999.90 99999.90 19.46 19.46 19.60 19.60 19.60 19.60 19.60 19.60 19.60 19.60 19.59 19.59 19.59 19.59 19.59 19.59 19.59 19.69 19.58 19.63 19.60 19.60 19.65 19.61 19.62 19.61 19.59 19.67 19.63 19.64 19.58 19.50 19.42 19.47 19.53 19.57 19.51 19.46 19.45 19.42 19.42 19.30 19.36 19.38 19.35 19.44 19.48
19.57 19.57 19.52 19.52 19.52 19.49 19.49 19.50 19.50 19.50 19.50 19.50 19.50 19.50 19.50 19.44 19.44 99999.90 99999.90 99999.90 99999.90 99999.90 99999.90 99999.90 99999.90 99999.90 99999.90 99999.90 99999.90 19.44 19.46 19.46 19.60 19.60 19.60 19.60 19.60 19.60 19.60 19.60 19.60 19.59 19.59 19.59 19.59 19.59 19.59 19.65 19.61 19.59 19.62 19.62 19.60 19.60 19.62 19.57 19.55 19.48 19.55 19.59 19.54 19.44 19.38 19.40 19.50 19.53 19.52 19.52 19.49 19.57 19.44 19.34 19.38 19.46 19.42 19.24 19.33
19.57 19.52 19.52 19.52 19.49 19.49 19.50 19.50 19.50 19.50 19.50 19.50 19.50 19.50 19.50 19.44 19.44 19.36 99999.90 99999.90 99999.90 99999.90 99999.90 99999.90 99999.90 99999.90 99999.90 99999.90 99999.90 19.44 19.46 19.46 19.46 19.60 19.60 19.60 19.60 19.60 19.60 19.60 19.60 19.60 19.59 19.59 19.59 19.59 19.59 19.59 19.60 19.59 19.56 19.54 19.55 19.55 19.53 19.57 19.48 19.54 19.56 19.64 19.53 19.49 19.42 19.38 19.48 19.54 19.46 19.48 19.48 19.48 19.38 19.38 19.41 19.52 19.46 19.36 19.32
19.52 19.52 19.52 19.49 19.49 19.49 19.50 19.50 19.50 19.50 19.50 19.50 19.50 19.50 19.50 19.44 19.36 19.36 99999.90 99999.90 99999.90 99999.90 99999.90 99999.90 99999.90 99999.90 99999.90 99999.90 99999.90 19.44 19.46 19.46 19.46 19.46 19.46 19.60 19.60 19.60 19.60 19.60 19.60 19.60 19.60 19.48 19.59 19.59 19.59 19.54 19.54 19.51 19.56 19.60 19.55 19.55 19.54 19.56 19.57 19.56 19.54 19.57 19.58 19.48 19.46 19.40 19.41 19.57 19.47 19.56 19.47 19.38 19.41 19.36 19.40 19.45 19.49 19.30 19.40
19.52 19.52 19.49 19.49 19.49 19.50 19.50 19.50 19.50 19.50 19.50 19.50 19.50 19.50 19.44 19.36 19.36 19.36 19.23 99999.90 99999.90 99999.90 99999.90 99999.90 99999.90 99999.90 99999.90 99999.90 99999.90 19.44 19.46 19.46 19.46 19.46 19.46 19.46 19.60 19.60 19.60 19.60 19.60 19.60 19.60 19.57 19.48 19.43 19.43 19.46 19.47 19.47 19.52 19.47 19.48 19.51 19.53 19.52 19.53 19.57 19.51 19.54 19.55 19.53 19.45 19.50 19.40 19.53 19.54 19.52 19.44 19.45 19.27 19.26 19.23 19.33 19.44 19.40 19.31
19.49 19.49 19.49 19.49 19.46 19.50 19.50 19.50 19.50 19.50 19.50 19.50 19.44 19.44 19.36 19.36 19.36 19.36 19.23 19.25 99999.90 99999.90 99999.90 99999.90 99999.90 99999.90 99999.90 99999.90 99999.90 19.44 19.46 19.46 19.46 19.46 19.46 19.46 19.46 19.48 19.60 19.60 19.60 19.60 19.60 19.57 19.48 19.48 19.41 19.36 19.37 19.44 19.48 19.48 19.43 19.47 19.49 19.48 19.50 19.52 19.50 19.49 19.45 19.48 19.43 19.41 19.42 19.48 19.51 19.43 19.45 19.48 19.36 19.30 19.28 19.35 19.42 19.37 19.24
19.41 19.49 19.49 19.46 19.50 19.50 19.50 19.50 19.50 19.50 19.50 19.44 19.44 19.36 19.36 19.36 19.36 19.36 19.04 19.04 19.04 19.04 99999.90 99999.90 99999.90 99999.90 99999.90 99999.90 99999.90 19.44 19.44 19.44 19.46 19.46 19.46 19.46 19.46 19.46 19.48 19.48 19.60 19.60 19.60 19.57 19.46 19.47 19.44 19.38 19.34 19.39 19.36 19.34 19.33 19.42 19.41 19.42 19.46 19.51 19.44 19.45 19.37 19.31 19.33 19.34 19.36 19.34 19.42 19.44 19.47 19.47 19.35 19.34 19.34 19.31 19.32 19.39 19.33
19.50 19.51 19.46 19.46 19.50 19.50 19.50 19.50 19.50 19.44 19.44 19.44 19.36 19.36 19.36 19.36 19.36 19.04 19.04 19.04 19.04 19.04 19.25 99999.90 99999.90 99999.90 99999.90 99999.90 99999.90 19.44 19.44 19.44 19.44 19.44 19.46 19.46 19.46 19.46 19.46 19.48 19.48 19.59 19.59 19.54 19.52 19.46 19.49 19.42 19.42 19.42 19.32 19.23 19.40 19.41 19.31 19.33 19.35 19.40 19.41 19.46 19.33 19.31 19.32 19.37 19.33 19.33 19.36 19.34 19.42 19.44 19.38 19.32 19.36 19.27 19.26 19.34 19.33
19.41 19.47 19.51 19.48 19.50 19.50 19.50 19.44 19.44 19.44 19.44 19.36 19.36 19.36 19.36 19.36 19.04 19.04 19.04 19.04 19.04 19.25 19.25 19.16 99999.90 99999.90 99999.90 99999.90 99999.90 19.44 19.44 19.44 19.44 19.44 19.44 19.44 19.46 19.46 19.46 19.46 19.48 19.48 19.52 19.47 19.41 19.40 19.40 19.40 19.44 19.44 19.42 19.35 19.41 19.43 19.37 19.29 19.27 19.26 19.39 19.28 19.29 19.27 19.32 19.35 19.37 19.39 19.35 19.37 19.41 19.44 19.39 19.39 19.40 19.30 19.24 19.30 19.30
19.48 19.48 19.50 19.47 19.36 19.36 19.44 19.44 19.44 19.44 19.36 19.36 19.36 19.36 19.36 19.04 19.04 19.04 19.04 19.04 19.25 19.25 19.16 19.16 19.14 99999.90 99999.90 99999.90 99999.90 19.44 19.44 19.44 19.44 19.44 19.44 19.44 19.44 19.44 19.46 19.46 19.46 19.50 19.48 19.44 19.40 19.40 19.37 19.46 19.43 19.35 19.43 19.44 19.37 19.37 19.34 19.27 19.20 19.16 19.25 19.29 19.24 19.23 19.28 19.36 19.37 19.38 19.36 19.38 19.42 19.44 19.40 19.38 19.40 19.29 19.20 19.24 19.21
19.45 19.44 19.50 19.47 19.45 19.44 19.44 19.44 19.44 19.36 19.36 19.36 19.36 19.36 19.04 19.04 19.04 19.04 19.04 19.25 19.17 19.17 18.97 19.15 19.15 19.15 19.15 19.15 19.15 19.44 19.44 19.44 19.44 19.44 19.44 19.44 19.44 19.44 19.44 19.42 19.42 19.43 19.38 19.38 19.33 19.35 19.39 19.42 19.41 19.34 19.41 19.39 19.37 19.40 19.34 19.30 19.22 19.17 19.18 19.26 19.33 19.33 19.25 19.35 19.32 19.33 19.29 19.36 19.39 19.40 19.47 19.37 19.42 19.24 19.12 19.11 19.10
19.47 19.45 19.43 19.43 19.43 19.46 19.44 19.44 19.36 19.36 19.36 19.36 19.23 19.04 19.04 19.04 19.04 19.04 19.25 19.25 19.17 19.17 18.97 19.15 19.15 19.15 19.15 19.15 18.91 19.44 19.44 19.44 19.44 19.44 19.44 19.44 19.44 19.44 19.44 19.44 19.40 19.41 19.35 19.38 19.28 19.31 19.38 19.42 19.45 19.39 19.43 19.41 19.42 19.39 19.29 19.31 19.25 19.20 19.23 19.25 19.25 19.35 19.29 19.29 19.27 19.25 19.18 19.23 19.33 19.32 19.43 19.43 19.27 19.17 19.09 19.21 19.09
19.46 19.43 19.39 19.39 19.39 19.34 19.39 19.36 19.36 19.36 19.23 19.23 19.04 19.04 19.04 19.04 19.04 19.25 19.25 19.17 19.17 19.17 18.97 19.15 19.15 19.15 19.15 19.15 18.91 18.91 19.45 19.45 19.45 19.45 19.45 19.45 19.45 19.45 19.45 19.45 19.39 19.35 19.37 19.37 19.36 19.23 19.28 19.40 19.44 19.40 19.36 19.35 19.34 19.34 19.30 19.30 19.27 19.25 19.25 19.29 19.28 19.25 19.24 19.28 19.20 19.28 19.35 19.14 19.19 19.19 19.23 19.26 19.25 19.22 19.16 19.23 19.15
19.42 19.41 19.39 19.35 19.36 19.37 19.35 19.35 19.35 19.23 19.23 19.25 19.04 19.04 19.04 19.04 19.25 19.25 19.16 19.17 19.17 19.17 18.97 19.15 19.15 19.15 19.15 19.15 18.91 18.91 18.91 19.45 19.45 19.45 19.45 19.45 19.45 19.45 19.45 19.45 19.41 19.39 19.30 19.29 19.36 19.28 19.32 19.38 19.44 19.41 19.36 19.33 19.27 19.30 19.28 19.31 19.27 19.25 19.26 19.26 19.30 19.25 19.24 19.20 19.17 19.23 19.34 19.23 19.19 19.15 19.16 19.20 19.21 19.24 19.19 19.18 19.09
19.39 19.34 19.25 19.31 19.24 19.36 19.31 19.32 19.23 19.23 19.25 19.04 19.04 19.04 19.04 19.25 19.25 19.16 19.16 19.17 19.17 19.17 18.97 19.15 19.15 19.15 19.15 18.91 18.91 18.91 18.28 18.76 19.45 19.45 19.45 19.45 19.45 19.45 19.45 19.41 19.41 19.43 19.22 18.83 19.02 19.18 19.35 19.11 19.44 19.33 19.30 19.24 19.23 19.16 19.17 19.26 19.19 19.21 19.31 19.23 19.18 19.13 19.15 19.19 19.20 19.24 19.31 19.35 19.18 19.13 19.13 19.17 19.23 19.26 19.24 19.21 19.13
19.30 19.30 19.30 19.27 19.17 19.22 19.29 19.18 19.20 19.25 19.25 19.04 19.04 19.04 19.25 19.25 19.16 19.16 19.14 19.17 19.17 19.17 18.97 19.15 19.15 19.15 19.15 18.91 18.91 18.91 18.28 18.76 18.76 19.45 19.45 19.45 19.45 19.45 19.41 19.41 19.43 19.43 19.22 18.73 18.86 18.84 19.35 18.91 19.24 19.32 19.28 19.29 19.24 19.21 19.23 19.16 19.11 19.17 19.27 19.30 19.28 19.23 19.17 19.18 19.08 19.09 19.21 19.32 19.28 19.17 19.12 19.24 19.23 19.23 19.14 19.16 19.12
19.31 19.34 19.23 19.28 19.22 19.25 19.22 19.31 19.26 19.27 19.26 19.04 19.04 19.25 19.25 19.16 19.16 19.14 19.14 19.17 19.17 19.17 18.97 19.15 19.15 19.15 19.15 18.91 18.91 18.91 18.28 18.76 18.76 18.76 18.99 19.45 19.45 19.41 19.41 19.43 19.43 19.43 18.73 18.73 18.86 18.84 19.05 19.06 19.29 19.32 19.27 19.29 19.15 19.00 19.12 19.10 19.10 19.25 19.30 19.27 19.30 19.15 19.18 19.16 19.01 19.05 19.11 19.23 19.31 19.27 19.17 19.22 19.25 19.20 19.13 19.16 19.11
19.23 19.28 19.29 19.26 19.23 19.22 19.29 19.26 19.21 19.33 19.26 19.24 19.25 19.25 19.16 19.16 19.14 19.14 19.17 19.17 19.17 19.17 18.97 19.15 19.15 19.15 18.91 18.91 18.91 18.91 18.28 18.76 18.76 18.76 18.99 18.99 18.99 19.41 19.43 19.43 19.16 19.16 19.16 19.16 19.09 19.11 19.28 19.28 19.30 19.24 19.21 19.22 19.24 19.15 19.16 19.09 19.01 19.17 19.14 19.16 19.24 19.13 19.34 19.00 19.04 19.09 19.07 19.19 19.29 19.17 19.07 19.12 19.15 19.19 19.13 19.13 19.11
19.23 19.23 19.22 19.15 19.15 19.17 19.21 19.18 19.21 19.27 19.24 18.97 19.21 19.16 19.16 19.14 19.14 19.14 19.17 19.17 19.17 19.17 18.97 19.15 19.15 19.15 18.91 18.91 18.91 18.13 18.28 18.76 18.76 18.76 18.99 18.99 18.99 18.74 18.74 19.16 19.16 19.16 19.16 19.16 19.30 19.01 19.28 19.21 19.12 19.10 19.10 19.17 19.14 19.21 19.27 19.10 19.06 19.00 19.12 19.22 19.08 19.29 19.31 19.00 19.04 19.06 19.06 19.07 19.13 19.11 19.04 18.99 18.95 19.10 19.26 19.19 19.16
19.26 19.21 19.16 19.12 19.11 19.13 19.18 19.17 19.16 19.27 19.23 19.20 19.14 19.17 19.14 19.14 19.14 19.14 19.23 19.17 19.17 19.17 18.97 19.15 19.15 17.65 18.91 18.91 18.91 18.13 18.28 18.76 18.76 18.76 18.99 18.99 18.99 18.74 18.74 18.74 19.16 19.16 19.16 19.30 19.30 18.92 19.06 18.94 19.10 18.89 19.04 19.16 19.16 19.22 19.24 19.03 19.11 19.05 19.09 19.27 19.32 19.36 19.17 19.06 19.01 19.02 19.03 19.01 19.16 19.06 18.98 18.90 18.94 19.01 19.15 19.24 19.17
19.25 19.22 19.23 19.13 19.18 19.14 19.14 19.16 19.06 19.15 19.24 19.24 19.17 19.14 18.98 18.98 18.98 18.98 19.23 19.23 19.17 19.17 18.97 19.15 19.15 17.65 18.91 18.91 18.64 18.13 18.28 18.76 18.76 18.76 18.99 18.99 18.99 18.74 18.74 18.74 18.98 18.98 19.30 19.30 18.92 18.92 19.06 18.95 19.10 18.89 19.04 19.24 19.25 19.19 19.10 19.15 19.13 19.22 19.03 19.04 19.09 19.10 19.10 19.13 19.08 18.99 18.96 18.91 18.86 18.77 18.78 18.85 18.95 18.97 18.97 19.15 19.01
19.22 19.19 19.17 19.18 19.15 19.13 19.12 19.19 19.18 19.17 19.14 19.21 19.24 19.16 18.98 18.98 18.98 18.93 19.23 19.23 19.23 19.10 18.39 18.27 17.72 17.65 18.91 18.91 18.64 18.13 18.28 18.76 18.76 18.76 18.99 18.99 18.99 18.74 18.74 19.07 18.98 18.98 19.02 19.02 19.02 18.90 18.83 18.95 19.10 19.10 19.19 19.21 19.22 19.22 19.09 19.13 19.03 19.04 18.97 18.99 18.98 19.11 19.09 19.11 19.04 18.85 18.88 18.87 18.89 18.90 18.91 18.86 18.96 18.94 18.99 19.00 19.05
19.21 19.18 19.18 19.19 19.17 19.11 19.10 19.08 19.14 19.16 19.11 19.15 19.16 19.09 19.09 19.09 18.93 18.93 18.93 19.17 19.17 19.23 19.04 18.54 18.31 17.80 17.94 17.18 18.64 18.13 18.28 18.76 18.76 18.54 18.99 18.99 18.99 18.74 18.74 19.07 18.98 18.98 19.02 19.02 19.02 18.90 18.83 18.53 18.94 19.18 19.21 19.21 19.18 19.16 19.09 19.11 19.03 19.05 19.03 19.07 19.11 19.07 19.05 19.02 19.08 19.00 18.93 18.99 18.98 19.04 18.91 18.96 18.95 19.01 18.95 19.00 19.10
19.17 19.19 19.14 19.09 19.10 19.10 19.01 19.08 19.12 19.12 19.15 19.07 19.03 19.09 19.09 18.93 18.93 18.93 18.93 19.22 19.06 19.23 19.17 19.10 19.09 19.08 18.98 17.51 17.23 16.46 17.38 18.15 18.54 18.54 18.58 18.79 18.79 18.59 18.64 19.07 18.98 18.98 18.98 18.77 18.77 18.82 18.92 18.85 18.96 19.19 19.19 19.17 19.05 19.00 19.04 19.00 19.07 19.03 18.98 19.01 19.06 19.05 19.00 19.02 19.04 18.96 19.00 18.97 19.02 19.02 19.04 19.02 19.06 19.07 18.98 18.98 19.01
19.11 19.14 19.15 19.12 19.10 19.11 19.09 19.09 19.09 19.13 19.11 19.06 19.08 19.08 19.08 19.12 18.98 18.98 18.98 19.22 19.23 19.23 19.15 19.07 19.07 19.07 19.10 18.95 18.71 18.00 18.21 18.06 18.19 18.54 18.58 18.58 18.82 18.77 18.78 18.98 18.75 18.75 18.72 18.26 18.26 18.60 19.01 18.99 19.15 19.08 19.10 19.10 18.99 19.10 19.05 19.04 19.04 19.02 18.98 19.01 19.03 18.98 18.99 18.96 18.90 18.86 18.87 18.91 18.97 19.00 19.07 19.07 19.02 19.03 19.02 19.01 19.01
19.10 19.09 19.10 19.13 19.12 19.10 19.08 19.14 19.26 19.14 19.06 18.99 19.01 19.01 19.01 19.12 19.12 19.19 19.20 19.20 19.21 19.17 19.14 19.07 19.10 19.08 19.07 19.01 18.86 18.64 17.98 18.17 18.37 18.40 18.63 18.63 18.82 18.59 18.97 18.78 18.55 18.72 18.72 18.66 18.66 18.81 18.97 19.05 19.08 19.00 19.06 19.08 19.08 19.11 19.08 19.02 18.97 18.93 19.00 19.02 19.03 19.01 18.94 18.98 18.86 18.92 18.89 18.86 18.92 18.97 19.07 19.24 19.10 18.99 19.00 18.96 19.01
19.08 19.08 19.08 19.12 19.10 19.15 19.17 19.18 19.26 19.19 19.02 19.03 18.72 18.72 18.82 19.07 19.07 19.09 19.18 19.13 19.12 19.07 19.04 19.07 19.03 19.10 19.07 18.98 18.84 18.68 18.55 18.57 18.03 17.99 18.29 18.29 19.00 19.00 18.92 18.78 18.55 18.57 18.21 18.21 18.66 18.82 18.93 18.94 19.00 19.01 18.91 19.00 18.99 18.99 18.99 18.93 18.94 18.89 18.97 18.97 18.99 18.98 18.87 18.92 18.93 18.90 18.92 18.91 18.97 19.05 19.04 19.19 19.16 18.81 18.81 18.92 18.99
