BOM_solar_grid_data_201906/2019060120190601.grid
ncols 839
nrows 679
xllcenter 112.0500
yllcenter -43.9500
cellsize 0.0500
nodata_value 99999.90
[rows 510 to 543 of 679, columns 539 to 615 of 839]
6.71 7.40 7.40 7.15 7.15 7.20 6.97 6.97 7.29 7.74 7.41 7.70 7.93 7.72 7.45 7.13 7.27 7.23 7.12 7.01 7.16 7.00 6.96 7.30 7.44 7.39 7.35 7.58 7.28 7.09 6.99 6.90 6.89 6.82 6.70 6.69 6.53 6.57 6.83 7.25 7.71 7.84 7.99 7.92 8.16 8.16 8.38 8.01 8.21 8.65 8.83 8.98 9.19 9.34 9.59 9.41 9.52 9.76 9.68 9.65 9.93 9.97 9.91 9.80 9.81 9.71 9.57 9.50 9.37 9.43 9.54 9.77 9.92 9.87 9.74 10.30 10.21
6.71 6.71 6.92 7.05 7.20 7.20 6.97 6.97 7.01 7.62 7.19 7.26 7.64 7.64 7.21 6.72 6.93 6.99 6.98 6.84 7.02 6.83 6.41 7.11 7.13 6.81 7.00 7.23 6.85 6.99 6.76 6.75 6.42 6.54 6.56 6.47 6.33 6.27 6.44 6.94 7.34 7.64 7.79 7.89 8.03 8.03 8.27 8.19 8.43 8.53 8.62 8.86 8.74 8.65 8.98 9.05 9.40 9.62 9.71 9.67 10.12 10.01 9.96 9.94 9.76 9.84 9.87 9.79 9.90 10.00 9.97 9.77 9.81 9.78 9.77 9.97 10.09
6.71 6.71 6.92 7.11 7.00 7.00 6.77 6.77 6.90 7.37 7.21 7.10 7.37 7.37 7.01 6.79 7.06 6.78 6.80 6.82 6.43 6.31 6.19 6.77 6.95 6.34 6.45 6.88 6.84 6.71 6.61 6.54 6.54 6.42 6.63 6.57 6.27 6.34 6.36 6.79 7.28 7.56 7.44 7.63 8.16 7.93 8.18 8.43 8.68 8.53 8.76 8.83 9.03 8.78 8.72 8.79 9.42 9.61 9.50 9.76 10.06 10.06 9.87 10.05 10.04 10.00 10.16 10.23 10.35 10.33 10.19 10.11 9.92 10.13 9.95 10.08 9.96
6.71 6.71 7.11 7.11 7.00 7.00 6.34 6.34 6.64 6.92 7.28 7.28 7.14 6.92 6.94 6.56 6.78 7.12 6.39 6.38 6.29 6.18 6.05 6.75 6.94 6.10 5.97 6.40 6.49 6.50 6.31 6.32 6.20 6.28 6.43 6.40 6.03 6.21 6.42 6.65 7.18 7.43 7.44 7.33 7.82 8.17 8.17 8.53 8.64 8.78 8.91 8.94 8.86 8.66 8.53 8.98 9.12 9.26 9.22 9.32 9.65 9.75 9.97 10.25 10.42 10.39 10.53 10.49 10.55 10.40 10.43 10.36 10.18 10.27 10.35 10.16 10.07
6.71 7.11 7.11 7.11 7.00 6.43 6.43 6.44 6.39 6.40 6.83 7.25 6.98 6.64 6.92 6.81 6.60 6.74 6.44 6.26 6.37 6.22 6.24 6.27 6.44 5.96 5.89 6.13 6.22 6.16 6.27 6.02 5.91 6.29 6.12 6.09 5.99 6.34 6.45 6.52 6.94 7.27 7.43 7.30 7.43 8.34 8.54 8.81 8.85 8.96 8.94 8.93 9.23 8.85 8.85 8.83 9.14 9.16 9.25 9.04 9.13 9.55 9.88 10.01 10.44 10.47 10.55 10.59 10.57 10.56 10.58 10.58 10.54 10.49 10.27 10.13 10.11
6.71 7.11 7.11 7.11 6.43 6.43 6.43 6.34 6.89 6.48 6.61 7.09 7.04 6.49 6.79 7.01 6.84 6.45 6.38 5.98 5.96 5.84 5.84 6.05 6.21 5.95 5.74 5.79 5.82 5.86 6.06 5.88 5.93 5.92 6.03 5.92 5.79 5.90 6.02 6.51 7.01 7.23 7.48 7.51 7.58 8.30 8.40 8.92 8.86 8.94 9.25 9.37 9.46 9.38 9.22 9.09 9.49 9.48 9.34 8.94 9.09 8.96 9.04 9.52 10.16 10.37 10.37 10.53 10.57 10.57 10.57 10.55 10.57 10.42 10.46 10.26 10.43
7.11 7.11 7.11 6.43 6.43 6.43 6.34 6.34 6.89 6.40 6.45 6.93 7.12 6.97 6.98 6.84 6.52 6.49 6.27 6.18 5.82 5.84 5.81 5.91 6.04 5.76 5.65 5.67 5.94 5.81 5.96 5.74 5.69 5.61 5.71 5.90 5.79 5.83 5.79 6.34 6.84 6.82 7.10 7.37 7.45 7.60 7.87 8.37 8.68 9.13 9.43 9.47 9.54 9.60 9.77 9.87 9.87 9.81 9.64 9.38 9.39 9.05 8.72 8.87 9.13 9.65 10.13 10.42 10.43 10.44 10.41 10.55 10.55 10.47 10.48 10.38 10.45
7.11 7.11 6.43 6.43 6.43 6.34 6.34 6.34 6.40 6.40 6.26 6.58 6.97 6.99 6.88 7.05 6.48 6.34 6.55 5.71 5.78 5.66 5.64 5.70 5.91 5.83 5.61 5.59 5.64 5.66 5.68 5.52 5.43 5.45 5.69 5.86 5.84 6.02 6.43 6.35 6.52 6.89 7.20 7.43 7.46 7.30 7.68 7.95 8.62 8.93 9.37 9.57 9.41 9.57 9.85 10.11 10.16 9.80 9.81 9.82 9.63 9.40 9.00 8.67 9.00 9.08 9.27 9.81 10.38 10.38 10.39 10.40 10.49 10.44 10.42 10.46 10.35
7.11 7.11 6.43 6.43 6.34 6.34 6.34 6.40 6.40 6.26 6.26 6.49 6.56 6.88 6.74 6.84 6.73 6.48 6.47 5.63 5.59 5.62 5.49 5.52 5.56 5.65 5.39 5.33 5.33 5.64 5.91 5.68 5.62 5.49 5.66 5.93 5.66 6.04 6.26 6.34 6.79 7.08 7.45 7.27 7.14 7.36 7.83 7.95 8.16 8.42 8.95 9.46 9.68 9.64 9.67 9.99 10.04 9.73 9.73 9.62 9.56 9.37 9.40 8.81 8.78 9.07 9.17 9.21 9.79 10.23 10.32 10.38 10.37 10.44 10.46 10.44 10.45
7.11 6.43 6.43 6.34 6.34 6.34 6.34 6.40 6.26 6.26 6.49 6.49 6.63 6.67 6.70 6.53 6.46 6.49 6.28 5.80 5.66 5.43 5.50 5.36 5.35 5.46 5.51 5.51 5.40 5.54 5.80 5.64 5.71 5.50 5.51 5.68 5.56 5.75 6.28 6.38 6.75 6.98 7.35 7.59 7.57 7.57 7.85 7.81 8.26 8.19 8.57 9.32 9.73 9.89 9.91 10.09 10.25 9.73 9.73 9.66 9.51 9.67 9.34 9.25 8.84 8.98 8.95 9.15 9.02 9.51 10.10 10.22 10.26 10.47 10.44 10.50 10.31
6.43 6.43 6.34 6.34 6.34 6.34 6.40 6.26 6.26 6.49 6.49 6.63 6.63 6.45 6.35 6.00 6.19 6.09 5.89 5.98 5.66 5.58 5.54 5.46 5.35 5.30 5.49 5.47 5.72 5.79 5.63 5.51 5.81 5.57 5.44 5.56 5.55 5.73 6.22 6.33 6.42 6.81 7.13 7.55 7.78 7.79 7.99 7.85 8.04 8.18 8.63 9.41 9.79 10.06 10.28 10.29 10.29 10.22 10.22 9.66 9.70 9.94 9.44 9.47 9.01 8.99 8.81 9.03 8.99 8.90 8.95 9.85 10.29 10.30 10.24 10.32 10.35
6.43 6.34 6.34 6.34 6.34 6.34 6.26 6.26 6.49 6.49 6.63 6.07 6.07 6.07 6.23 5.98 6.19 6.21 5.82 5.71 5.68 5.55 5.59 5.48 5.41 5.48 5.45 5.30 5.45 5.74 5.52 5.42 5.63 5.57 5.29 5.29 5.51 5.70 6.18 6.31 6.46 6.79 7.43 7.51 7.84 7.97 7.81 7.87 7.92 8.24 9.05 9.52 9.94 10.09 10.17 10.19 10.30 10.29 10.29 9.71 9.71 9.87 9.59 9.53 9.26 9.04 8.87 9.05 9.08 9.37 9.32 9.33 9.69 10.00 10.10 9.95 10.31
6.34 6.34 6.34 6.34 6.34 6.26 6.26 6.49 6.49 6.07 6.07 6.07 6.07 6.07 6.05 5.78 5.55 5.82 5.70 5.40 5.51 5.55 5.44 5.42 5.43 5.42 5.49 5.36 5.39 5.48 5.35 5.28 5.36 5.38 5.23 5.17 5.45 5.67 6.10 6.20 6.53 6.56 7.08 7.30 7.77 8.13 8.18 8.11 8.22 8.52 9.00 9.52 9.79 10.11 10.15 10.11 10.19 10.33 10.22 10.22 10.08 9.93 9.92 9.71 9.63 9.21 9.13 9.11 9.22 9.25 9.62 9.49 9.61 9.54 9.98 9.97 10.16
6.34 6.34 6.34 6.34 6.26 6.26 6.49 6.07 6.07 6.07 6.07 6.07 6.12 6.12 6.12 5.85 5.44 5.56 5.50 5.41 5.49 5.65 5.73 5.66 5.59 5.36 5.19 5.43 5.22 5.26 5.19 5.23 5.12 5.16 5.22 5.26 5.23 5.59 5.86 6.03 6.32 6.35 6.81 6.99 7.24 8.13 8.45 8.53 8.62 8.98 9.33 9.51 9.73 10.02 10.08 10.00 10.05 10.32 10.35 10.26 10.20 10.15 10.07 9.85 9.98 9.74 9.13 9.06 9.02 9.23 9.45 9.68 9.75 9.82 9.90 9.98 9.96
6.34 6.34 6.34 6.34 6.26 6.49 6.07 6.07 6.07 6.07 6.10 6.10 6.10 6.10 6.10 5.74 5.74 5.87 5.23 5.47 5.33 5.35 5.37 5.43 5.41 5.29 5.16 5.32 5.17 5.08 5.19 5.08 5.12 5.04 5.05 5.12 5.17 5.42 5.59 5.85 6.05 6.16 6.45 6.64 7.16 7.84 8.31 8.68 8.98 9.10 9.39 9.56 9.55 9.74 9.99 10.25 10.18 10.22 10.16 10.23 10.24 10.28 10.32 10.22 10.27 10.14 9.38 9.03 9.01 9.19 9.36 9.67 9.81 9.79 10.06 10.16 10.30
6.34 6.34 6.34 6.26 6.07 6.07 6.07 6.10 6.10 6.10 6.10 6.10 6.10 6.10 6.10 5.53 5.68 5.74 5.48 5.30 5.22 5.03 5.07 5.23 5.44 5.45 5.32 5.30 5.23 5.08 5.05 5.08 5.02 4.96 5.07 5.14 5.24 5.21 5.33 5.62 5.94 6.28 6.57 6.79 7.10 7.62 8.16 8.53 9.07 9.33 9.47 9.46 9.49 9.58 9.99 10.00 10.23 10.23 10.16 10.19 10.32 10.35 10.29 10.31 10.30 10.24 9.91 9.44 9.55 9.44 9.43 9.73 9.86 9.93 9.94 10.06 10.29
6.40 6.26 6.26 6.07 6.10 6.10 6.10 6.10 6.10 6.10 6.10 6.10 6.10 5.34 5.34 5.34 5.49 5.37 5.40 5.34 5.14 5.23 5.15 5.19 5.41 5.40 5.62 5.40 5.36 5.20 5.08 5.07 5.02 4.94 5.01 5.04 5.31 5.28 5.32 5.30 5.67 6.11 6.55 6.83 7.20 7.33 7.71 8.38 8.63 9.44 9.51 9.65 9.24 9.46 9.66 9.88 9.96 9.98 10.13 10.25 10.31 10.27 10.28 10.29 10.31 10.22 10.13 9.80 9.87 9.66 9.52 9.67 9.98 10.02 10.05 10.07 10.20
6.26 6.26 6.49 6.07 6.10 6.10 6.10 6.10 6.10 6.10 6.10 5.13 5.13 5.13 5.13 5.13 5.07 5.19 5.37 5.26 5.08 4.99 5.10 5.09 5.32 5.30 5.53 5.42 5.28 5.42 5.16 5.03 5.01 4.94 4.98 5.12 5.20 5.16 5.43 5.47 5.68 5.94 6.47 6.73 6.91 7.21 7.74 8.24 8.80 9.20 9.75 9.58 9.52 9.74 9.71 9.90 9.97 10.02 10.19 10.16 10.25 10.24 10.21 10.20 10.28 10.18 10.25 10.04 9.85 9.85 9.63 9.69 9.72 10.06 9.89 10.10 10.31
99999.90 6.49 6.49 6.07 6.10 6.10 6.10 6.10 5.13 5.13 5.13 5.13 5.13 5.13 5.13 5.13 4.98 5.30 5.31 5.19 5.07 4.98 5.08 5.03 5.20 5.33 5.38 5.34 5.18 5.27 5.19 5.06 4.95 4.89 4.97 5.00 5.17 5.24 5.21 5.29 5.40 5.98 6.20 6.84 6.85 7.25 7.32 7.92 8.47 9.12 9.34 9.69 9.47 9.54 9.56 9.58 9.78 9.87 10.18 10.14 10.17 10.16 10.14 10.19 10.28 10.32 10.20 10.24 9.97 9.94 9.77 9.67 9.79 9.83 9.86 10.03 10.22
99999.90 99999.90 6.63 6.07 6.10 5.13 5.13 5.13 5.13 5.13 5.13 5.13 5.13 5.13 5.13 4.98 4.98 5.21 5.46 4.99 4.95 4.99 5.01 5.05 5.10 5.26 5.31 5.18 5.11 5.17 5.11 4.98 4.85 4.79 4.89 4.99 5.12 5.28 5.13 5.16 5.08 5.43 5.54 6.12 6.29 6.68 6.76 7.36 7.86 8.39 8.53 8.83 9.05 9.28 9.18 9.33 9.70 9.59 9.78 9.89 9.95 10.04 10.12 10.19 10.23 10.24 10.22 10.25 10.17 9.84 9.77 9.57 9.70 9.91 9.97 9.97 10.12
99999.90 99999.90 99999.90 6.07 6.10 5.13 5.13 5.13 5.13 5.13 5.13 5.13 5.13 5.13 4.98 5.41 5.41 5.41 5.32 4.88 4.63 5.04 5.00 5.04 5.09 5.19 5.26 5.18 5.15 5.10 5.11 4.89 4.84 4.90 4.86 4.84 5.05 5.11 5.04 4.94 4.89 4.95 4.99 5.39 5.59 6.28 6.04 6.52 6.68 7.09 7.37 7.88 8.54 8.84 8.96 9.20 9.47 9.49 9.51 9.55 9.69 9.97 10.12 10.07 10.14 10.23 10.23 10.25 10.16 9.80 9.67 9.62 9.55 9.87 10.00 10.14 10.19
99999.90 99999.90 99999.90 6.07 6.10 5.13 5.13 5.13 5.13 5.13 5.13 5.13 5.13 5.33 5.33 5.33 5.33 5.33 4.98 4.70 4.62 4.83 4.88 4.82 4.80 4.95 5.05 5.18 5.17 5.21 5.06 4.93 4.90 4.84 4.87 4.82 4.90 4.82 4.81 4.78 4.70 4.71 4.78 4.96 5.26 5.54 5.50 5.85 6.22 6.35 6.53 6.99 7.64 8.24 8.72 9.09 9.20 9.55 9.41 9.68 9.74 10.11 10.16 10.16 10.21 10.20 10.22 10.06 10.17 10.14 9.61 9.59 9.69 9.67 9.96 10.07 10.24
99999.90 99999.90 99999.90 99999.90 6.10 5.13 5.13 5.13 5.13 5.13 5.13 5.33 5.33 5.33 5.33 5.33 5.33 5.33 4.54 4.42 4.46 4.67 4.93 4.84 4.75 4.75 4.96 4.96 5.12 5.16 5.14 4.93 4.88 4.84 4.80 4.75 4.70 4.70 4.74 4.75 4.54 4.65 4.70 4.71 5.06 5.37 5.65 5.69 6.04 6.01 6.60 7.18 7.76 8.41 9.17 9.36 9.71 9.81 9.97 9.92 9.88 10.09 10.15 10.21 10.19 10.18 10.07 10.13 10.07 10.19 9.74 9.48 9.60 9.68 9.93 10.09 10.19
99999.90 99999.90 99999.90 99999.90 6.10 5.52 5.52 5.52 5.52 5.52 5.52 5.33 5.33 5.33 5.33 5.33 4.55 4.55 4.55 4.40 4.39 4.57 4.73 4.85 4.70 4.75 4.96 4.87 4.96 4.93 4.97 4.80 4.73 4.71 4.75 4.89 4.80 4.79 4.81 4.84 4.78 4.82 5.00 5.00 5.28 5.49 5.63 5.90 6.17 6.28 6.39 7.29 7.82 8.69 9.25 9.68 10.14 10.08 10.04 9.99 10.11 10.09 10.16 10.16 10.16 10.18 10.03 10.15 10.15 10.10 9.59 9.59 9.59 9.78 9.88 10.06 10.17
99999.90 99999.90 99999.90 99999.90 6.10 5.52 5.52 5.52 5.52 5.52 5.52 5.52 5.52 5.52 4.51 4.51 4.51 4.51 4.51 4.33 4.51 4.57 4.65 4.80 4.66 4.64 4.82 4.89 4.83 4.75 4.91 4.88 4.72 4.76 4.73 4.77 4.75 4.78 4.88 4.88 4.83 4.86 5.20 5.17 5.31 5.39 5.57 6.00 6.24 6.37 6.78 6.97 7.76 8.34 9.36 9.55 9.95 10.04 9.95 10.09 10.07 10.14 10.16 10.13 10.13 10.16 10.16 10.10 10.17 10.12 9.65 9.71 9.61 9.86 9.96 9.99 10.05
99999.90 99999.90 99999.90 99999.90 99999.90 5.52 5.52 5.52 5.52 5.52 5.52 5.52 5.52 5.52 5.52 4.72 4.29 4.29 4.29 4.32 4.46 4.55 4.69 4.77 4.59 4.66 4.74 4.92 4.83 4.77 4.75 4.90 4.79 4.70 4.69 4.76 4.66 4.81 4.86 4.96 4.85 4.77 4.91 5.24 5.29 5.56 5.52 6.04 6.20 6.55 6.98 6.99 7.67 8.26 8.92 9.57 9.94 9.90 10.04 10.12 10.09 10.13 10.13 10.14 10.13 10.15 10.14 10.09 10.14 10.15 9.97 9.96 9.87 9.87 10.13 10.01 9.96
99999.90 99999.90 99999.90 99999.90 99999.90 5.52 5.52 5.52 5.52 5.52 5.52 5.52 5.52 5.52 5.52 5.52 4.72 4.48 4.48 4.54 4.62 4.47 4.68 4.80 4.83 4.81 4.79 4.80 4.70 4.70 4.73 4.93 4.82 4.78 4.75 4.73 4.56 4.69 4.84 4.90 4.90 4.83 4.96 5.33 5.41 5.60 5.65 6.24 6.14 6.73 7.19 7.23 7.60 8.16 9.01 9.62 9.80 9.91 10.07 10.11 10.10 10.12 10.12 10.12 10.11 10.06 10.13 10.12 10.12 10.10 10.12 10.08 10.03 10.00 10.10 10.08 10.01
99999.90 99999.90 99999.90 99999.90 99999.90 5.52 5.52 5.52 5.52 5.52 5.52 5.52 5.52 5.52 5.52 5.52 4.72 4.72 4.66 4.56 4.66 4.61 4.70 4.69 4.93 4.70 4.72 4.71 4.73 4.61 4.65 4.73 4.77 4.75 4.87 4.64 4.70 4.77 4.89 4.93 5.00 5.15 5.13 5.48 5.71 5.85 5.88 5.98 6.41 6.82 7.26 7.67 7.87 8.27 8.90 9.42 9.66 9.98 10.03 10.09 10.09 10.09 10.08 10.08 10.09 10.04 10.10 10.07 10.00 10.02 10.06 10.07 9.99 10.00 10.08 9.95 10.00
99999.90 99999.90 99999.90 99999.90 99999.90 5.52 5.52 5.52 5.52 5.52 5.52 5.52 5.52 5.52 5.52 5.52 5.06 4.57 4.75 4.58 4.80 4.58 4.83 4.63 4.73 4.63 4.74 4.75 4.59 4.69 4.66 4.66 4.75 4.72 4.83 4.60 4.79 4.83 4.84 4.92 4.90 5.03 5.37 5.50 5.69 5.95 6.18 6.24 6.70 6.87 7.26 7.83 7.90 8.26 8.62 8.90 9.31 9.87 9.99 10.07 10.07 10.07 10.06 10.05 10.07 10.04 10.06 10.05 10.00 9.99 10.01 10.05 10.06 10.03 10.04 10.01 9.95
99999.90 99999.90 99999.90 99999.90 99999.90 5.58 5.58 5.58 5.58 5.58 5.58 5.58 5.58 5.58 5.58 5.58 4.58 4.74 4.36 4.68 5.02 4.68 4.88 4.63 4.82 4.71 4.69 4.71 4.50 4.60 4.72 4.68 4.61 4.73 4.85 4.63 4.76 4.83 4.93 4.91 4.88 4.89 5.24 5.79 5.86 6.08 6.44 6.38 7.11 7.21 7.47 7.97 7.90 8.25 8.23 8.73 9.37 9.72 9.97 9.99 10.03 10.03 10.01 10.03 10.04 10.05 10.03 10.00 9.97 9.96 9.98 10.01 10.00 9.94 9.97 9.92 9.82
99999.90 99999.90 99999.90 99999.90 99999.90 5.85 5.85 5.85 5.85 5.85 5.85 5.85 5.85 5.85 5.85 5.85 4.92 4.60 4.49 5.22 5.02 4.78 4.86 4.95 4.83 4.67 4.73 4.70 4.58 4.63 4.57 4.71 4.60 4.75 4.73 4.62 4.60 4.80 4.81 4.89 4.93 5.00 5.35 5.93 6.19 6.13 6.30 6.48 6.90 7.28 7.88 8.18 8.09 8.16 8.34 8.88 8.84 9.19 9.75 9.94 10.02 10.00 9.97 9.98 10.02 10.02 10.00 9.98 9.96 9.94 9.94 9.98 9.96 9.80 9.77 9.72 9.55
99999.90 99999.90 99999.90 99999.90 99999.90 5.85 5.85 5.85 5.85 5.85 5.85 5.85 5.85 5.85 5.85 5.85 4.97 4.52 4.77 5.22 4.89 5.08 5.08 4.68 4.56 4.75 4.74 4.61 4.61 4.62 4.53 4.35 4.57 4.51 4.52 4.61 4.64 4.66 4.74 4.83 4.87 4.89 5.28 5.72 5.94 6.09 6.34 6.26 6.45 6.63 7.12 7.58 7.86 7.94 8.28 8.60 8.45 8.98 9.39 9.68 9.93 9.94 9.92 9.93 9.96 9.97 9.95 9.92 9.92 9.90 9.92 9.95 9.95 9.91 9.77 9.58 9.17
99999.90 99999.90 99999.90 99999.90 99999.90 5.85 5.85 5.85 5.85 5.85 5.85 5.85 5.85 5.85 4.48 4.48 4.48 4.70 5.31 5.10 5.17 5.00 4.88 4.95 4.80 4.89 4.58 4.45 4.48 4.45 4.46 4.45 4.54 4.55 4.48 4.62 4.56 4.58 4.71 4.80 4.87 5.01 5.18 5.47 5.74 6.04 6.12 5.85 6.31 6.57 6.86 7.01 7.31 7.47 7.97 8.20 8.27 8.72 8.70 9.14 9.59 9.68 9.88 9.89 9.91 9.78 9.84 9.72 9.54 9.40 9.87 9.91 9.87 9.54 9.53 8.70 8.00
99999.90 99999.90 99999.90 99999.90 99999.90 5.85 5.85 5.85 5.85 5.85 5.85 5.85 4.60 4.60 4.60 4.60 4.60 4.90 5.53 5.03 5.07 4.94 5.25 4.73 4.74 4.99 4.70 4.47 4.56 4.33 4.35 4.30 4.47 4.43 4.45 4.37 4.35 4.51 4.38 4.56 4.82 4.92 5.07 5.32 5.61 5.73 5.90 5.99 6.05 6.21 6.40 6.88 7.29 7.37 7.74 7.73 8.24 8.50 8.55 8.26 8.70 8.86 9.73 9.89 9.90 9.90 9.81 9.78 9.00 8.84 9.81 9.86 9.86 9.41 8.42 7.34 7.28
