BOM_solar_grid_data_201906/2019061320190613.grid
ncols 839
nrows 679
xllcenter 112.0500
yllcenter -43.9500
cellsize 0.0500
nodata_value 99999.90
[rows 340 to 373 of 679, columns 616 to 692 of 839]
10.65 10.89 11.30 11.18 11.04 10.94 10.20 9.93 10.50 10.94 10.82 10.99 10.97 11.50 11.89 12.01 12.23 12.27 12.67 12.89 12.76 12.95 12.81 12.57 12.78 12.73 12.61 12.52 12.78 12.89 12.88 12.65 12.77 13.12 13.07 12.51 12.83 13.09 13.15 13.20 13.41 13.60 13.72 13.72 13.93 14.06 14.01 13.86 13.90 13.94 13.93 13.80 13.73 13.65 13.72 13.81 14.00 14.10 13.98 14.11 14.12 14.10 14.09 14.12 14.09 14.08 14.02 14.04 14.07 14.09 14.09 14.03 14.03 14.03 14.05 14.06 14.09
11.33 11.34 11.02 11.01 10.90 10.69 10.60 10.27 10.15 9.94 10.48 10.75 10.67 10.71 11.82 12.24 12.22 11.86 12.13 12.42 12.58 12.38 12.44 12.49 12.45 13.13 12.65 12.87 12.78 12.17 12.37 12.74 12.55 12.52 12.66 12.54 12.40 12.93 13.03 13.04 13.42 13.45 13.54 13.66 13.75 13.99 14.05 13.98 13.79 13.67 13.88 13.98 13.91 13.71 13.61 13.56 13.82 13.90 13.90 13.90 13.98 13.93 13.96 14.11 14.02 14.06 14.05 14.05 14.05 14.08 14.08 14.03 13.99 13.99 14.05 14.10 14.02
11.04 11.22 11.99 11.06 10.85 10.62 10.41 11.19 10.35 10.29 9.88 10.34 10.27 10.41 11.06 11.40 11.72 11.72 11.29 11.82 12.06 12.11 11.84 12.32 12.29 12.63 12.60 12.86 12.76 12.74 12.11 12.43 12.65 12.61 12.33 12.17 12.29 12.28 12.81 12.87 13.04 13.20 13.31 13.46 13.53 13.78 13.79 13.95 13.94 13.75 13.66 13.81 13.84 13.75 13.60 13.55 13.77 13.83 13.79 13.75 13.66 13.65 13.86 14.06 13.96 14.02 13.98 14.04 14.03 14.03 14.09 14.03 13.98 14.01 14.01 14.05 14.05
11.44 11.14 11.39 11.77 11.00 10.86 10.33 10.67 11.90 9.99 9.76 9.50 9.72 10.21 10.09 10.63 11.07 11.58 10.90 10.77 11.08 12.06 11.82 12.04 12.70 12.32 12.58 12.38 12.14 12.77 12.52 12.19 12.05 12.62 12.77 12.33 12.22 11.72 12.04 12.60 12.89 13.21 13.41 13.45 13.44 13.69 13.68 13.65 13.61 13.67 13.41 13.49 13.59 13.63 13.46 13.65 13.82 13.80 13.70 13.57 13.57 13.63 13.57 13.63 13.92 14.04 14.01 14.03 14.01 13.99 14.03 13.97 13.99 13.99 13.97 13.89 14.04
11.42 11.88 11.41 11.63 11.44 10.90 11.29 10.61 11.29 10.58 9.47 8.88 8.74 9.01 9.20 10.44 10.76 11.62 11.55 11.45 11.21 10.82 11.34 11.91 12.19 12.00 12.36 12.46 12.25 12.16 12.73 12.70 12.61 12.60 12.29 12.08 12.20 11.60 11.28 11.88 12.53 12.74 13.19 13.42 13.40 13.43 13.51 13.72 13.61 13.43 13.46 13.04 13.17 13.23 13.34 13.52 13.68 13.74 13.74 13.60 13.52 13.60 13.46 13.43 13.42 13.63 13.81 13.91 13.92 13.98 14.00 13.95 13.97 13.98 13.94 13.86 14.05
11.45 11.77 12.07 11.29 11.19 10.62 11.25 11.11 11.11 11.01 10.48 9.29 8.35 8.57 8.85 9.72 11.28 11.38 10.83 11.28 11.69 11.37 11.19 11.17 11.62 12.44 12.19 12.48 12.14 11.92 12.22 12.09 12.60 12.24 12.03 12.07 12.73 12.08 11.65 11.47 12.32 12.53 12.70 13.15 13.13 13.18 13.25 13.52 13.67 13.49 13.54 13.17 12.92 12.88 13.06 13.20 13.25 13.45 13.66 13.67 13.51 13.48 13.45 13.39 13.16 13.24 13.35 13.51 13.71 13.85 13.94 13.67 13.80 13.98 14.00 13.96 14.05
11.83 10.95 11.36 11.42 11.16 10.63 11.03 11.44 11.65 10.91 10.45 10.45 9.05 8.81 9.28 8.69 9.08 10.35 11.09 10.96 11.06 11.60 11.69 11.58 11.60 11.63 11.69 11.49 12.07 11.77 11.27 10.94 11.81 12.38 11.82 11.66 11.81 11.80 11.76 11.18 11.96 12.69 12.61 12.70 12.87 13.12 13.21 13.30 13.31 13.49 13.71 13.30 13.11 12.92 12.89 12.90 13.05 13.31 13.40 13.55 13.51 13.48 13.51 13.34 13.13 13.08 13.18 13.15 13.28 13.56 13.82 13.75 13.58 13.72 13.95 13.96 14.00
12.40 12.03 10.98 11.06 11.71 11.31 11.02 11.05 11.86 11.49 10.34 10.27 9.78 9.16 8.59 8.45 9.17 9.68 10.52 11.31 11.21 12.00 12.14 12.37 12.09 11.86 11.89 11.77 12.30 12.16 11.69 11.46 11.23 11.46 11.78 11.88 11.60 11.79 11.74 11.07 11.95 12.43 12.81 12.60 12.84 13.09 13.31 13.31 13.30 13.25 13.48 13.52 13.20 13.03 13.09 13.02 12.75 13.09 13.08 13.45 13.74 13.39 13.31 13.15 13.40 13.13 13.20 13.25 13.40 13.37 13.37 13.53 13.74 13.74 13.86 14.00 13.96
12.45 12.48 12.03 11.24 11.08 11.46 11.06 11.03 11.48 11.68 10.83 10.81 10.87 9.88 8.72 8.36 10.11 10.06 9.28 10.21 10.88 11.11 11.74 12.23 12.28 11.54 12.54 12.50 11.52 12.19 12.05 11.72 11.03 10.86 11.46 11.32 11.48 11.17 11.89 11.72 11.62 11.91 12.11 12.15 12.77 13.15 13.06 13.24 13.27 13.49 13.46 13.26 13.29 13.26 13.03 12.94 12.97 13.17 13.21 13.01 13.15 13.57 13.71 12.98 13.01 12.96 12.93 13.16 13.43 13.63 13.53 13.58 13.57 13.54 13.80 13.94 13.95
12.54 12.41 11.93 11.14 11.66 11.02 10.84 11.25 10.99 11.07 10.34 10.73 11.23 10.24 9.02 8.82 10.29 10.25 9.52 9.57 10.21 10.56 10.79 11.44 11.86 11.83 12.21 12.39 11.98 11.65 11.23 11.27 10.94 11.40 10.93 10.83 10.99 11.06 10.85 11.06 11.07 11.61 11.94 11.94 12.32 12.95 12.94 13.58 13.57 13.47 13.31 13.24 13.32 13.20 12.98 12.97 12.91 12.88 13.10 13.10 12.78 12.83 13.05 12.78 12.98 12.88 12.87 13.00 13.13 13.38 13.36 13.39 13.59 13.58 13.64 13.79 13.85
11.32 12.14 11.94 11.18 11.56 11.53 11.25 11.30 11.28 10.93 10.46 10.06 10.84 10.59 9.97 9.81 10.48 10.23 10.74 10.87 11.05 10.85 10.60 10.39 10.53 11.64 11.80 11.98 11.55 11.66 11.71 10.76 10.92 11.43 10.94 11.26 11.09 11.13 10.88 10.61 10.58 11.22 11.41 11.28 12.12 12.44 12.65 13.09 13.63 13.62 13.39 13.06 13.20 13.14 12.85 12.53 12.57 12.78 12.67 13.03 12.86 12.69 12.73 12.81 13.10 13.12 13.01 13.32 13.30 12.97 13.22 13.10 13.32 13.63 13.76 13.79 13.65
11.14 11.41 11.67 11.46 11.25 12.02 11.13 10.94 10.69 11.24 11.08 10.45 10.82 10.64 9.93 10.81 11.31 11.14 11.50 11.80 11.59 11.29 10.26 10.43 10.12 10.32 11.01 11.54 11.01 10.79 10.48 9.95 10.30 10.59 11.19 11.41 11.44 10.71 10.17 10.36 10.67 10.23 11.23 11.90 11.63 11.54 12.17 12.33 13.20 13.54 13.68 13.44 13.31 13.05 12.55 12.49 12.45 12.64 12.68 13.16 13.01 12.63 12.69 12.49 12.52 12.76 12.99 13.15 13.34 13.13 13.06 13.13 12.99 13.49 13.70 13.79 13.69
11.02 10.72 11.78 11.50 11.22 11.30 11.60 11.49 10.23 10.24 10.64 9.96 10.62 11.30 10.84 11.33 11.10 10.86 11.25 11.38 11.48 11.66 11.79 10.96 10.40 10.14 10.22 10.78 10.74 11.16 10.78 10.43 10.36 10.21 10.61 11.28 10.80 10.62 10.08 10.15 10.28 10.23 10.59 11.53 12.04 11.43 11.84 12.16 13.04 13.24 13.49 13.61 13.33 13.17 12.89 12.07 12.40 12.60 12.63 13.09 13.09 12.70 12.77 12.54 12.33 12.71 13.06 13.33 13.35 13.14 12.95 12.94 12.88 13.24 13.57 13.71 13.70
10.79 10.66 11.35 11.43 11.63 11.70 11.34 11.88 11.13 9.83 10.48 10.06 10.13 10.93 11.24 10.97 10.58 10.95 10.72 10.97 11.20 11.58 11.55 11.22 11.01 11.21 10.35 9.70 10.54 10.64 10.95 10.91 10.00 9.81 9.94 10.51 10.30 10.23 9.86 10.48 10.58 10.80 10.78 11.03 11.20 11.84 12.20 12.65 12.60 13.12 12.86 12.98 13.03 12.92 12.85 12.52 12.36 12.34 12.28 12.56 12.63 12.70 12.44 12.55 12.62 12.44 12.86 13.19 13.41 13.48 13.16 12.96 12.84 12.85 13.01 13.46 13.74
10.91 11.05 11.80 11.21 11.60 10.87 10.36 11.13 11.25 10.63 10.93 10.78 10.05 10.24 11.34 10.95 10.57 11.09 11.49 11.16 10.96 11.31 11.42 11.04 10.83 11.15 10.67 9.42 8.79 10.09 10.62 10.65 10.19 10.01 9.64 9.80 9.90 9.19 9.85 9.93 10.59 10.41 10.66 10.71 11.05 12.05 12.37 12.95 13.16 13.02 12.47 11.84 12.47 12.71 12.63 12.64 12.47 12.38 12.49 12.29 12.77 12.39 12.43 12.41 12.58 12.66 12.67 12.84 13.15 13.60 13.48 13.21 13.09 13.15 13.12 13.22 13.55
11.47 11.23 11.47 10.93 11.17 11.17 10.42 10.83 11.26 11.44 11.02 11.33 10.73 9.95 10.10 10.64 11.22 11.51 11.78 11.39 11.25 11.06 11.26 11.15 11.09 11.13 10.53 9.38 8.49 9.12 9.64 9.96 10.11 9.71 10.06 9.76 10.13 10.01 10.27 9.65 10.29 11.03 10.35 10.54 10.67 11.46 11.97 12.05 12.31 13.06 12.68 12.17 12.24 12.16 12.77 12.23 12.29 12.76 12.74 12.17 12.39 12.37 12.29 12.12 12.27 12.89 13.09 12.53 13.05 13.24 13.29 13.42 13.16 13.12 13.44 13.26 13.33
11.80 12.22 10.80 10.86 10.74 10.86 10.60 10.95 10.53 10.86 11.30 11.26 11.21 10.94 9.59 9.91 11.02 11.67 11.67 11.84 11.50 11.58 11.61 11.36 10.92 10.65 10.08 10.33 9.78 9.49 9.41 9.13 9.55 9.79 10.06 10.14 10.03 10.22 9.82 10.07 9.71 10.58 11.77 11.18 11.20 11.74 11.96 12.08 11.99 12.45 12.57 12.40 12.27 12.11 12.21 12.85 12.42 12.26 12.38 11.99 11.94 12.28 12.42 12.32 12.70 12.90 13.18 13.08 12.66 12.90 12.63 13.06 13.42 13.36 13.52 13.37 13.40
12.25 11.81 11.23 11.12 10.68 10.95 11.22 11.21 10.66 10.20 10.75 11.25 11.93 11.35 10.07 9.81 9.93 11.42 11.14 10.95 11.33 11.60 11.69 11.33 10.91 10.08 10.13 9.97 10.10 10.11 10.17 9.02 9.32 9.19 9.62 9.94 9.90 9.74 9.90 10.01 9.56 10.25 10.76 11.16 11.33 11.84 11.17 11.58 11.92 12.07 12.45 12.54 11.88 11.78 11.84 11.96 12.69 12.42 11.98 12.36 12.24 12.69 12.69 12.43 12.66 12.33 12.72 13.06 12.67 12.20 12.57 12.67 13.08 13.47 13.63 13.57 13.52
12.23 11.69 11.52 11.01 10.37 10.22 10.28 10.91 11.01 10.77 9.99 11.21 11.18 11.28 10.84 10.85 10.72 10.97 10.93 10.62 10.97 11.91 11.84 11.35 10.97 10.46 10.15 10.23 10.17 10.30 10.20 9.43 9.48 9.23 9.27 9.39 9.74 9.62 9.69 9.86 9.86 9.62 10.32 10.40 10.98 11.88 11.91 12.04 11.85 12.24 12.50 12.81 12.40 11.50 11.15 11.30 11.80 12.22 11.81 11.93 12.21 12.66 12.41 11.71 11.77 12.25 12.51 12.72 12.70 12.32 12.49 12.79 13.04 13.44 13.63 13.60 13.52
11.55 11.23 10.68 10.63 9.88 10.76 10.89 10.81 11.45 11.16 11.26 11.42 11.67 11.00 10.72 10.45 10.41 10.16 10.71 10.72 10.63 11.49 11.56 11.35 10.44 10.53 10.10 10.67 10.64 10.27 10.00 9.70 9.51 9.32 9.33 9.60 9.25 9.35 9.26 8.97 9.37 9.30 9.91 10.53 10.61 10.95 11.67 11.74 11.74 11.76 12.12 12.50 12.56 12.33 11.45 11.57 11.06 11.55 11.88 11.99 11.89 12.23 12.16 12.23 11.76 12.08 12.41 12.60 12.65 12.55 12.26 12.23 12.50 13.00 13.29 13.41 13.57
11.16 11.30 10.75 11.08 11.06 11.04 11.73 11.72 10.97 10.55 11.29 11.59 11.69 11.20 10.86 10.59 10.61 10.72 11.23 11.19 10.87 11.14 11.56 11.69 10.42 10.28 10.18 10.53 10.59 9.94 9.83 9.62 9.81 9.91 9.74 9.63 9.45 9.47 9.69 9.26 9.48 9.65 9.26 9.71 9.80 10.43 11.13 10.79 11.29 11.70 11.85 12.14 12.29 12.57 12.09 11.52 11.36 11.26 11.17 11.09 11.35 11.44 11.35 11.53 11.72 11.80 11.95 12.56 12.78 13.11 13.17 12.85 12.45 12.42 12.88 12.91 13.23
10.53 10.88 11.03 11.53 11.75 11.53 11.82 12.01 11.18 11.37 12.34 11.61 11.34 11.18 11.62 11.61 11.53 10.94 11.29 11.54 11.59 11.90 12.31 11.97 11.44 11.01 10.45 10.65 10.43 9.59 9.90 10.41 10.01 9.70 9.79 9.73 9.18 9.35 9.15 9.46 9.06 9.54 9.75 9.42 10.16 9.90 9.66 10.26 10.68 11.41 11.28 11.75 12.10 12.23 12.00 11.67 11.54 11.24 11.07 11.14 11.18 10.86 11.20 11.22 12.05 12.20 11.98 12.32 12.80 12.77 13.00 13.13 13.07 12.79 12.73 12.89 13.26
9.95 10.21 11.74 11.78 11.61 11.21 11.34 11.42 11.24 10.66 11.18 11.22 10.22 10.99 11.88 12.03 11.43 11.80 11.94 12.05 12.05 12.39 12.59 12.09 11.69 11.34 10.80 10.81 11.06 10.38 10.14 9.71 9.91 9.47 9.57 9.15 8.72 8.94 9.39 9.09 9.39 9.56 10.27 10.05 10.22 10.03 9.37 9.70 10.09 10.75 10.76 11.05 11.86 12.08 11.53 11.07 11.15 10.90 11.29 11.23 11.05 10.64 10.69 11.16 11.25 11.74 11.83 11.58 11.82 12.12 12.54 12.52 12.52 12.74 12.89 12.52 12.73
11.25 11.52 11.55 11.02 11.49 11.21 11.19 11.87 10.90 11.04 11.27 11.12 11.24 11.96 12.26 12.01 11.83 12.89 12.68 11.93 12.06 12.10 12.30 12.09 11.90 11.94 11.58 11.01 11.22 10.53 9.98 9.75 9.65 9.66 9.90 9.56 9.19 8.87 9.39 9.64 9.22 9.89 10.17 10.87 10.85 10.43 9.86 9.67 9.43 10.38 11.40 10.88 11.01 11.00 10.49 10.62 10.57 10.73 11.16 11.69 11.10 11.05 10.73 10.73 10.96 11.53 11.34 11.15 11.70 11.58 12.00 12.60 12.21 12.30 12.69 12.80 12.39
10.86 11.37 11.13 10.40 10.19 10.97 10.63 10.84 10.68 10.70 10.72 10.62 11.06 11.38 11.76 11.53 11.45 12.69 12.92 12.76 12.84 13.01 12.79 12.70 12.16 12.42 12.29 11.53 11.37 10.77 10.54 10.79 10.52 9.91 10.53 9.87 9.57 9.43 9.39 9.50 9.56 9.54 9.44 10.11 10.86 10.87 10.20 9.27 8.83 9.90 10.03 10.74 10.41 10.43 10.86 11.09 10.87 10.73 10.79 11.23 11.32 10.77 10.50 10.39 11.10 11.12 11.20 11.60 12.12 11.93 11.71 11.89 11.97 12.11 11.97 12.49 12.16
10.82 10.13 11.49 11.95 11.69 11.01 11.00 10.68 11.07 11.25 10.55 11.28 11.57 11.60 11.52 11.73 11.94 12.52 12.83 12.76 12.77 12.93 12.93 12.79 12.27 11.95 12.13 12.07 11.19 11.23 11.06 11.36 11.04 11.22 10.98 10.51 9.06 9.28 9.76 8.98 9.24 10.00 9.89 10.03 10.06 10.68 10.58 9.61 8.28 8.90 9.64 9.96 9.95 10.14 10.83 10.94 11.52 10.95 10.99 11.28 11.55 11.58 11.11 10.27 10.46 11.23 11.21 11.52 11.63 11.59 11.48 11.62 11.78 11.81 11.73 11.48 11.94
10.90 10.05 9.42 10.44 11.50 11.60 10.49 10.71 10.27 9.73 10.36 11.25 11.69 11.18 10.60 10.82 11.54 11.97 12.52 12.71 12.49 12.60 12.82 12.23 11.65 11.50 12.06 12.25 11.74 11.42 11.04 11.25 11.09 11.44 11.04 10.63 9.52 10.20 10.48 9.59 9.18 9.80 10.26 10.35 9.66 9.97 10.35 9.83 9.43 9.29 9.22 9.23 9.45 10.03 10.37 10.96 10.80 10.72 10.85 11.26 11.37 11.27 11.01 10.28 9.80 10.80 11.38 11.66 11.36 11.37 11.49 11.60 11.63 11.97 11.61 11.37 11.39
11.36 10.53 10.51 9.32 10.17 10.33 10.11 10.52 10.42 10.20 9.04 10.30 10.58 10.50 10.44 10.18 10.26 11.11 11.12 11.56 12.16 12.29 11.75 11.66 11.50 11.56 11.56 11.94 11.44 11.45 11.46 11.68 11.58 11.70 11.17 11.30 10.16 10.74 10.03 9.96 10.14 10.67 10.50 10.26 9.55 10.04 10.54 10.68 10.12 9.75 9.73 9.35 9.21 9.28 9.74 10.54 10.51 10.62 10.91 10.98 10.67 10.39 10.80 11.07 9.73 10.03 10.84 11.59 11.84 11.41 11.70 11.63 11.66 11.70 11.13 11.06 11.24
12.50 11.83 10.68 9.94 10.11 10.32 10.59 11.11 11.36 10.95 10.66 9.96 9.80 9.30 10.19 10.55 9.94 10.41 11.07 10.79 11.62 11.87 11.63 11.83 12.06 12.53 11.75 11.44 11.02 11.09 11.49 11.89 11.66 11.37 11.26 11.37 10.83 10.78 11.27 11.19 10.93 10.71 10.90 10.19 9.60 10.07 9.60 11.14 10.93 10.50 10.18 9.77 8.97 9.12 9.51 9.69 9.82 10.30 10.99 11.15 10.23 10.13 10.30 10.63 11.17 10.87 10.77 11.12 11.71 11.15 11.12 11.51 11.41 11.52 11.50 10.98 10.81
12.42 12.09 11.68 11.09 10.13 10.09 10.32 11.01 12.01 11.49 10.87 10.10 10.08 10.10 10.18 9.55 10.37 10.14 10.95 10.47 10.80 10.77 11.61 11.85 11.94 12.14 12.25 11.75 10.91 11.33 11.47 12.12 11.58 11.24 11.46 10.91 10.68 11.06 11.43 11.58 11.70 11.09 11.39 10.85 9.96 10.23 10.49 10.78 10.71 10.46 10.19 10.27 9.84 8.86 9.79 9.77 9.60 9.47 9.83 9.98 9.74 9.87 10.33 10.18 10.84 10.81 10.47 10.80 10.92 11.40 11.05 10.89 11.49 11.54 11.78 11.45 10.72
12.00 11.92 11.34 10.97 10.80 10.54 10.68 11.33 11.21 11.42 11.24 10.54 9.13 9.11 9.30 9.41 9.44 9.96 10.60 10.46 10.64 10.65 10.98 11.25 11.72 11.97 11.69 11.56 10.85 11.08 11.72 11.73 11.96 12.20 12.04 11.47 11.28 10.66 11.37 11.68 11.75 11.50 10.71 11.03 10.85 10.97 10.78 10.86 10.88 10.07 9.87 9.45 8.93 9.57 9.45 10.03 9.68 9.94 9.37 9.93 9.97 9.79 9.95 9.74 9.68 10.74 10.71 10.57 10.83 10.62 11.17 10.59 10.96 10.88 11.18 11.62 11.10
11.60 11.50 12.32 11.47 10.69 10.06 10.34 10.15 10.10 11.55 11.09 10.33 9.98 9.22 8.64 9.99 10.33 10.87 10.67 11.12 11.52 10.44 9.52 9.83 10.65 12.14 11.61 10.89 11.44 11.49 11.08 11.64 11.50 11.39 11.49 11.37 12.26 10.90 11.84 11.48 11.33 11.64 11.43 11.50 11.72 11.07 11.03 11.20 10.64 10.62 10.29 10.05 8.54 9.21 9.86 9.87 9.76 9.76 10.07 10.50 10.22 9.81 9.63 9.92 10.45 9.85 10.33 9.66 9.90 10.50 10.65 10.77 10.47 10.48 10.23 10.74 10.89
12.22 11.05 10.48 10.74 10.66 11.11 10.05 9.34 9.70 10.78 11.38 10.78 9.85 9.38 8.99 9.18 9.88 10.01 10.68 11.56 11.52 11.16 10.83 10.49 11.03 11.19 10.95 10.64 10.73 10.13 10.93 11.37 10.66 10.30 10.55 11.08 10.92 10.95 11.34 11.31 11.53 11.58 12.18 12.18 12.28 11.56 11.73 11.59 10.72 10.90 10.32 10.05 9.48 9.74 9.53 9.98 9.74 9.52 9.99 10.26 10.85 10.49 9.69 9.55 9.77 10.03 9.80 9.83 9.60 10.15 10.24 10.20 10.17 9.77 9.93 9.93 10.26
11.20 10.85 10.72 10.51 11.02 11.76 10.86 9.48 9.59 10.31 10.99 11.01 10.29 9.65 9.19 8.60 9.26 8.89 9.96 10.97 11.46 10.61 10.47 10.75 10.89 10.69 9.91 9.99 10.40 10.57 10.93 11.39 10.71 10.58 10.22 10.90 11.22 11.37 11.00 10.98 10.95 11.24 11.83 12.08 11.96 11.67 12.09 12.28 12.10 11.54 11.12 10.43 9.39 8.89 9.83 10.70 10.48 9.72 9.92 9.80 10.84 10.95 9.90 9.55 9.38 10.11 9.95 9.17 9.33 10.01 9.98 9.81 10.08 9.70 9.71 9.89 10.23
