BOM_solar_grid_data_201906/2019062620190626.grid
ncols 839
nrows 679
xllcenter 112.0500
yllcenter -43.9500
cellsize 0.0500
nodata_value 99999.90
[rows 140 to 174 of 679, columns 616 to 692 of 839]
17.97 18.05 18.08 18.11 18.09 18.09 17.69 17.76 17.51 17.23 17.39 17.47 17.26 17.73 17.67 17.57 17.40 17.29 17.12 17.12 16.86 16.70 16.55 16.06 16.09 16.07 15.90 15.16 15.90 15.58 15.72 15.83 14.70 13.64 14.83 15.11 14.56 14.56 15.03 15.06 15.60 15.02 15.64 16.19 16.33 16.64 16.66 16.97 16.60 16.75 17.06 17.15 16.57 15.99 16.19 15.41 14.40 15.10 13.50 12.35 13.83 13.83 13.83 13.73 13.73 13.73 13.73 13.73 14.19 14.19 14.19 14.19 15.04 15.04 15.04 99999.90 99999.90
18.05 18.01 18.09 17.97 18.16 17.93 17.81 17.89 17.47 17.25 17.22 17.30 17.61 17.50 17.06 17.69 17.57 17.36 17.06 16.59 17.15 17.17 17.09 16.20 16.25 15.62 15.46 15.16 15.31 15.43 15.57 15.83 15.65 14.45 14.45 15.01 15.51 15.34 14.54 15.08 15.44 14.87 14.35 15.38 15.86 16.22 16.68 16.80 16.80 16.46 17.04 17.06 16.86 16.03 13.73 11.06 12.68 14.06 14.61 13.48 15.20 15.20 16.32 16.32 16.32 16.32 14.19 14.19 14.19 14.19 15.04 15.04 15.04 15.04 15.04 99999.90 99999.90
18.15 18.13 18.08 17.97 18.14 17.94 17.95 17.98 17.66 17.72 17.32 17.29 17.54 17.67 17.28 17.01 17.22 17.25 17.33 16.63 17.04 17.14 17.25 16.89 16.47 16.15 16.18 15.94 15.49 15.26 15.91 15.31 15.54 14.92 14.84 14.34 14.96 14.83 15.06 15.50 14.95 14.99 13.63 15.20 15.48 16.07 16.69 16.42 16.30 16.52 17.06 17.13 16.29 14.19 12.22 11.29 12.22 14.06 14.90 15.53 15.26 16.32 16.32 16.32 14.19 14.19 14.19 14.19 14.19 15.04 15.04 15.04 15.04 15.04 15.04 14.94 99999.90
18.17 18.19 18.12 18.03 18.02 18.00 17.90 18.05 17.81 17.91 17.42 17.34 17.59 17.74 17.42 17.17 17.09 16.39 16.87 17.17 16.73 17.12 16.87 16.78 16.99 16.24 16.00 16.38 16.27 15.69 16.71 16.66 16.05 15.64 15.81 16.34 15.65 15.96 15.52 14.94 15.16 13.68 13.57 13.74 14.44 15.05 16.48 16.35 16.68 17.26 17.56 17.62 16.76 15.98 14.89 14.35 13.94 14.40 15.75 15.98 15.60 15.98 15.98 14.19 14.19 14.19 14.19 13.14 15.04 15.04 15.04 15.04 15.04 15.04 15.04 14.94 99999.90
18.22 18.29 18.28 18.19 18.13 18.02 17.88 17.91 17.76 17.71 17.54 17.28 17.34 17.66 17.86 17.35 17.08 16.62 17.03 16.88 16.84 17.01 17.02 17.14 17.07 16.86 16.24 16.73 16.83 16.37 17.09 17.05 17.02 16.53 16.91 17.22 16.16 15.73 15.47 14.80 15.13 13.37 13.18 12.71 13.51 14.56 15.47 16.42 16.79 17.16 17.67 17.63 16.94 16.57 15.82 15.98 15.49 14.86 14.73 15.59 16.07 15.47 14.19 14.19 14.19 13.14 13.14 15.04 15.04 15.04 15.04 15.04 15.04 15.04 15.04 14.94 99999.90
18.16 18.22 18.29 18.24 18.20 18.13 17.91 18.08 17.78 17.54 17.58 17.47 17.23 17.69 17.45 17.64 17.26 16.68 16.54 16.71 17.02 17.02 17.32 17.24 17.42 17.47 17.15 17.25 17.27 17.50 17.16 17.22 17.58 17.30 17.42 17.19 16.19 15.33 16.04 15.71 15.31 13.57 12.70 13.30 14.47 15.07 15.83 16.20 16.77 17.49 16.45 14.80 14.70 15.72 15.98 16.25 15.36 15.24 14.80 15.07 15.55 15.87 15.36 15.36 13.14 13.14 15.04 15.04 15.04 15.04 15.04 15.04 15.04 15.04 15.04 14.94 99999.90
18.09 18.21 18.24 18.24 18.24 18.21 18.16 18.09 18.06 17.79 17.65 17.40 17.55 17.77 17.23 17.57 17.41 16.97 16.97 16.26 16.48 17.21 17.51 17.11 17.60 17.77 17.82 17.87 18.06 17.55 17.33 17.68 17.59 17.73 17.24 16.84 16.23 16.54 16.14 16.16 15.55 14.55 14.92 14.80 15.26 15.89 15.59 16.33 16.55 16.34 13.89 13.23 14.78 15.21 16.40 16.10 16.31 15.44 15.48 15.30 16.53 15.07 13.62 13.14 13.14 15.04 15.04 15.04 15.04 15.04 15.04 15.04 15.04 15.04 15.04 14.94 99999.90
18.13 18.15 18.14 18.22 18.21 18.21 18.21 18.14 18.15 18.05 17.83 17.44 17.63 17.67 17.34 17.58 17.35 16.98 17.07 17.06 16.84 16.84 17.37 17.45 17.70 17.83 18.15 18.12 18.09 17.40 17.46 17.66 17.97 17.75 17.34 17.00 16.72 16.82 16.84 16.22 15.82 15.65 15.76 15.17 15.10 15.57 15.27 15.23 15.23 14.87 13.97 13.24 13.27 14.70 14.98 15.47 15.82 15.76 15.59 15.37 16.74 14.78 13.99 14.28 15.04 15.04 15.04 15.04 15.04 15.04 15.04 15.04 15.04 15.04 15.04 14.94 99999.90
18.12 18.12 18.14 18.13 18.19 18.20 18.20 18.15 18.16 18.13 18.02 17.71 17.89 17.64 17.80 17.78 17.06 17.21 17.52 17.27 16.90 16.96 17.56 16.97 17.50 17.81 18.03 17.99 18.10 17.91 18.07 17.80 18.05 17.38 17.41 17.11 17.02 17.16 17.17 17.16 16.58 16.36 15.95 15.47 15.34 15.46 15.58 14.64 13.14 12.87 13.65 13.07 14.09 13.33 13.16 13.64 15.24 14.74 15.30 14.67 15.40 14.45 14.57 14.79 15.04 15.04 15.04 15.04 15.04 15.04 15.04 15.04 15.04 14.94 14.94 14.94 99999.90
18.10 18.11 18.11 18.07 18.11 18.17 18.17 18.12 18.14 18.17 18.14 17.88 17.78 17.71 17.75 17.89 17.66 17.40 16.93 17.44 17.36 17.28 17.13 17.48 17.45 17.48 17.83 17.97 17.96 17.95 17.97 17.83 17.79 17.64 17.69 17.47 17.43 17.18 17.46 17.12 16.84 15.99 15.89 15.51 15.44 15.21 15.04 13.83 13.37 14.10 13.00 13.03 12.81 12.32 12.67 13.43 15.37 14.56 16.07 16.54 15.50 15.75 15.46 14.64 14.63 14.63 14.63 14.63 14.63 14.63 14.94 14.94 14.94 14.94 14.94 14.94 99999.90
18.02 18.04 18.07 18.03 18.05 18.11 18.10 18.07 18.00 18.11 18.17 18.05 18.01 17.90 17.88 17.80 17.61 17.67 17.51 17.40 17.13 17.22 17.29 17.09 17.24 17.59 17.72 17.79 18.00 18.10 17.97 17.98 17.74 17.87 17.64 17.50 17.31 17.15 17.35 17.19 16.69 16.39 15.66 15.13 14.69 14.47 14.26 13.65 13.18 14.05 13.51 13.41 12.14 13.39 12.91 13.81 13.94 15.16 16.12 17.13 16.35 15.11 15.04 14.45 14.17 14.17 14.17 14.94 14.94 14.94 14.94 14.94 14.94 14.94 14.94 14.94 99999.90
17.92 17.98 17.99 18.00 17.97 18.08 17.93 17.92 17.96 18.08 18.09 18.10 18.08 18.06 18.04 18.05 17.92 17.84 17.75 17.51 17.35 17.65 17.19 17.23 17.25 17.11 17.79 17.90 17.89 18.09 18.02 17.92 18.03 17.94 17.63 17.83 17.67 17.63 17.68 17.46 16.78 16.37 15.53 15.06 14.72 14.21 14.30 13.72 13.48 14.01 13.72 13.52 12.66 12.13 12.48 13.79 14.84 15.62 15.84 16.77 15.88 15.37 15.37 14.85 14.99 14.99 14.94 14.94 14.94 14.94 14.94 14.94 14.94 14.94 14.94 14.94 99999.90
18.01 17.97 17.97 17.94 18.00 18.05 18.01 18.04 17.99 18.00 18.01 17.91 18.08 18.09 18.09 18.08 18.07 18.00 17.91 17.79 17.74 17.64 17.25 17.07 17.27 17.12 17.52 17.64 17.47 17.95 17.97 17.76 18.08 17.84 17.93 17.69 17.50 17.67 17.60 17.29 17.18 16.21 15.67 14.23 14.15 14.28 15.03 14.75 14.46 14.79 14.13 14.53 14.01 14.84 15.18 15.63 15.19 15.09 15.43 16.79 16.68 16.17 14.75 15.26 15.54 14.94 14.94 14.94 14.94 14.94 14.94 14.94 14.94 14.94 14.94 14.94 99999.90
18.08 18.05 18.04 17.96 18.01 18.05 18.04 17.92 17.97 18.02 18.08 18.05 18.04 18.07 18.04 18.05 18.06 17.94 17.84 17.64 17.68 17.36 17.56 17.30 16.63 17.40 17.40 17.34 17.64 17.73 17.90 17.99 17.90 17.83 17.69 17.79 17.62 17.49 17.55 17.41 17.34 16.35 15.31 13.60 13.39 13.73 13.84 13.78 13.98 14.36 14.75 14.28 14.91 15.96 15.76 16.30 16.42 16.03 17.35 17.32 16.99 15.31 15.82 16.52 15.76 14.94 14.94 14.94 14.94 14.94 14.94 14.94 14.94 14.94 14.94 14.94 99999.90
18.07 18.07 18.05 18.04 17.98 18.01 18.01 17.95 17.84 18.04 18.02 18.07 18.07 17.84 17.85 18.03 18.05 18.00 17.95 17.80 17.75 17.71 17.61 17.55 17.41 17.20 17.40 17.17 17.08 17.30 17.41 17.89 17.73 17.90 17.65 17.67 17.46 17.43 17.63 17.19 16.99 16.63 15.38 13.90 13.49 13.74 14.20 14.16 14.45 14.31 13.94 15.02 15.10 14.82 16.13 16.38 16.68 17.15 17.08 17.28 16.92 15.71 16.28 16.29 15.92 15.92 15.92 14.94 14.94 14.94 14.94 14.94 14.94 14.94 14.94 14.94 99999.90
18.04 18.06 18.06 18.04 18.02 17.98 18.01 18.00 17.98 18.04 18.05 18.06 18.01 17.93 17.94 17.93 17.96 18.02 17.95 17.93 17.75 17.65 17.71 17.47 17.48 17.21 17.45 17.07 17.33 16.96 17.12 16.70 17.26 17.45 17.40 17.62 17.64 17.62 17.28 17.25 16.65 16.20 15.31 14.03 13.48 13.35 13.45 14.31 13.88 13.59 14.27 15.23 14.47 15.48 16.17 17.07 17.13 16.95 17.31 16.59 17.39 17.40 16.81 16.45 15.90 15.90 15.90 15.90 15.90 14.94 14.94 14.94 14.94 14.94 14.94 14.94 15.61
17.99 17.99 18.02 18.03 18.02 18.00 17.97 18.00 17.96 18.01 18.03 18.04 18.06 18.05 17.96 17.85 17.84 17.90 17.95 17.96 17.82 17.77 17.60 17.70 17.45 17.52 17.24 17.57 17.27 17.29 17.17 16.88 16.66 16.43 16.53 17.21 17.46 17.19 17.24 17.29 17.16 16.54 15.36 14.71 14.59 14.49 14.15 14.25 14.47 13.63 14.28 14.64 15.50 15.28 16.28 17.41 17.82 17.26 16.96 17.12 17.46 17.91 17.43 16.45 16.00 16.00 16.00 16.00 16.00 16.00 16.00 16.00 16.00 14.94 14.94 14.94 15.61
17.92 17.93 17.99 18.00 18.02 17.98 17.97 17.94 17.95 18.02 17.99 18.00 18.04 18.04 17.93 17.79 17.86 17.89 17.87 17.83 17.84 17.86 17.63 17.67 17.40 17.58 17.58 17.85 17.72 16.99 17.41 17.06 17.13 17.21 16.54 17.29 17.07 16.85 17.06 17.08 16.96 16.40 15.67 15.50 15.05 14.83 14.93 14.91 14.60 14.20 14.00 14.39 14.87 15.83 16.73 17.49 17.86 17.72 16.88 16.97 17.42 17.62 16.80 15.81 15.91 15.91 15.91 15.91 15.91 15.91 15.91 15.91 15.91 15.91 15.91 15.61 15.61
17.91 17.93 17.93 17.95 17.99 18.00 17.97 17.96 17.98 17.99 17.99 18.00 17.98 17.99 17.92 17.90 17.90 17.84 17.82 17.82 17.81 17.91 17.83 17.79 17.66 17.79 17.44 17.19 17.27 17.48 17.60 17.40 17.09 16.97 17.05 16.80 17.29 17.39 16.88 16.96 16.95 16.53 16.35 15.89 15.55 15.68 15.31 15.40 15.11 14.92 14.40 14.35 15.22 15.43 16.66 17.28 17.67 17.73 17.08 16.88 16.95 17.45 16.88 16.39 15.92 15.92 15.92 15.92 15.92 15.92 15.92 15.92 15.92 15.61 15.61 15.61 15.61
17.88 17.89 17.94 17.96 17.98 17.98 17.96 17.96 17.96 17.97 17.95 17.92 17.93 17.89 17.94 17.86 17.87 17.81 17.81 17.83 17.82 17.86 17.86 17.90 17.83 17.89 17.66 17.66 17.75 17.56 17.51 17.46 17.21 17.55 17.02 16.58 16.83 17.38 16.72 16.50 16.84 16.78 16.62 16.46 16.26 16.16 15.61 15.18 15.05 15.41 15.14 14.88 15.32 14.83 14.76 16.31 17.50 16.93 16.96 16.62 16.84 16.62 16.03 15.78 15.92 15.92 15.92 15.92 15.92 15.92 15.92 15.61 15.61 15.61 15.61 15.61 15.61
17.88 17.89 17.92 17.96 17.96 17.94 17.98 17.98 17.95 17.94 17.90 17.94 17.91 17.88 17.86 17.80 17.82 17.76 17.79 17.86 17.91 17.95 17.87 17.82 17.87 17.91 17.89 17.81 17.55 17.61 17.34 17.45 17.02 17.08 17.30 17.06 17.02 16.90 16.95 15.98 16.61 16.56 16.66 16.68 16.34 16.34 16.00 15.14 15.08 15.73 15.50 15.45 16.29 15.53 14.75 14.04 15.10 16.10 16.53 16.28 16.32 16.25 15.91 15.51 15.51 15.51 15.92 15.92 15.92 15.61 15.61 15.61 15.61 15.61 15.61 15.61 15.61
17.84 17.86 17.88 17.91 17.92 17.92 17.95 17.93 17.88 17.92 17.92 17.93 17.92 17.90 17.87 17.81 17.79 17.80 17.75 17.87 17.95 17.95 17.90 17.90 17.86 17.92 17.82 17.73 17.56 17.50 17.60 17.27 17.02 16.94 16.90 16.97 17.23 16.89 16.93 16.15 16.46 16.49 16.28 16.12 16.54 16.53 16.00 15.39 15.23 15.98 16.33 16.04 15.88 16.00 15.59 15.10 14.76 15.19 16.39 15.86 15.94 16.08 15.81 15.65 15.65 15.65 15.65 15.65 15.61 15.61 15.61 15.61 15.61 15.61 15.61 15.61 15.61
17.75 17.82 17.89 17.90 17.91 17.92 17.93 17.87 17.80 17.86 17.90 17.92 17.92 17.88 17.83 17.79 17.74 17.77 17.81 17.91 17.96 17.96 17.92 17.85 17.81 17.91 17.80 17.74 17.78 17.74 17.54 17.43 17.20 17.12 17.40 16.59 16.50 16.69 16.30 16.16 15.67 15.55 15.54 15.67 16.31 16.55 16.25 15.74 15.17 15.57 16.40 16.49 16.57 16.34 15.74 15.54 16.43 17.02 16.76 15.84 15.72 16.52 15.94 15.65 15.65 15.65 16.98 16.98 15.61 15.61 15.61 15.61 15.61 15.61 15.61 15.61 15.61
17.81 17.80 17.86 17.85 17.88 17.88 17.89 17.85 17.74 17.82 17.78 17.84 17.88 17.88 17.84 17.78 17.75 17.77 17.81 17.89 17.89 17.94 17.88 17.87 17.88 17.80 17.87 17.86 17.81 17.60 17.74 17.61 17.16 16.72 17.00 17.42 17.24 17.02 16.51 16.37 15.76 15.61 15.44 15.67 16.26 16.42 16.40 16.17 15.67 15.74 16.26 16.55 16.61 16.20 15.74 15.73 16.04 16.49 16.86 16.97 17.01 16.71 15.97 15.97 15.97 16.98 16.98 16.98 15.61 15.61 15.61 15.61 15.61 15.61 15.61 16.75 16.75
17.88 17.76 17.83 17.81 17.72 17.86 17.86 17.85 17.71 17.77 17.74 17.74 17.74 17.84 17.83 17.74 17.72 17.71 17.84 17.90 17.88 17.86 17.78 17.72 17.85 17.91 17.85 17.86 17.63 17.53 17.57 17.29 16.93 17.02 17.04 16.61 16.78 16.74 16.21 16.39 15.88 15.91 15.52 15.14 15.55 16.71 16.33 16.20 15.97 15.61 15.95 16.51 16.74 16.59 15.77 15.87 16.47 16.73 16.92 17.45 17.15 16.21 16.00 16.00 16.74 16.98 16.98 16.98 15.61 15.61 15.61 15.61 15.61 16.75 16.75 16.75 16.75
17.84 17.77 17.76 17.79 17.77 17.84 17.84 17.85 17.80 17.80 17.75 17.75 17.66 17.67 17.74 17.78 17.70 17.67 17.77 17.87 17.84 17.79 17.81 17.86 17.87 17.90 17.85 17.86 17.84 17.46 17.22 17.35 17.24 17.45 16.74 16.60 16.53 16.68 16.60 16.54 16.11 16.04 15.61 15.06 15.32 15.86 16.18 15.87 16.04 15.88 15.95 15.86 16.50 17.10 17.00 16.81 16.96 17.56 17.40 17.28 17.04 16.56 16.80 16.74 16.74 16.98 16.98 16.98 15.61 15.61 15.61 16.75 16.75 16.75 16.75 16.75 16.75
17.77 17.78 17.74 17.79 17.80 17.81 17.86 17.87 17.81 17.81 17.67 17.76 17.63 17.53 17.66 17.66 17.77 17.70 17.78 17.83 17.86 17.80 17.84 17.86 17.84 17.89 17.88 17.84 17.65 17.67 17.63 17.37 17.02 17.13 16.70 16.59 16.46 16.70 16.75 16.74 16.25 16.45 15.79 15.02 15.49 16.17 16.50 16.49 15.83 16.51 16.19 15.92 16.30 17.11 17.27 17.34 17.69 17.76 17.55 17.48 17.46 17.55 17.32 17.37 16.60 16.60 16.98 16.77 16.86 16.86 16.75 16.75 16.75 16.75 16.75 16.75 16.75
17.77 17.80 17.78 17.80 17.82 17.80 17.84 17.78 17.73 17.75 17.75 17.75 17.74 17.65 17.63 17.62 17.68 17.64 17.72 17.81 17.83 17.83 17.84 17.83 17.83 17.86 17.86 17.83 17.80 17.76 17.68 17.52 17.16 16.83 16.36 16.84 16.92 17.21 17.05 16.87 16.64 16.83 16.59 15.97 15.37 15.57 15.99 16.57 16.29 16.31 16.62 16.41 16.42 16.78 16.97 17.55 17.95 17.89 17.37 17.33 17.45 17.50 17.09 17.22 17.71 16.69 15.95 16.77 17.19 16.75 16.75 16.75 16.75 16.75 16.75 16.75 16.75
17.65 17.75 17.79 17.79 17.84 17.84 17.80 17.77 17.79 17.71 17.71 17.76 17.77 17.74 17.64 17.60 17.59 17.67 17.76 17.82 17.82 17.82 17.82 17.82 17.83 17.84 17.84 17.83 17.80 17.82 17.82 17.76 17.56 17.11 17.01 16.59 17.15 17.38 16.96 16.73 16.54 16.32 16.52 16.35 15.90 15.94 16.03 16.50 16.30 16.25 16.65 17.02 16.69 16.72 17.12 17.53 17.91 17.94 17.67 17.55 17.33 17.30 16.88 16.73 17.60 17.49 16.84 16.84 17.13 17.98 17.98 17.98 17.98 17.98 17.98 17.98 17.98
17.64 17.60 17.71 17.76 17.80 17.81 17.79 17.79 17.81 17.80 17.76 17.74 17.76 17.74 17.71 17.58 17.59 17.70 17.71 17.80 17.79 17.79 17.78 17.79 17.81 17.82 17.82 17.84 17.82 17.81 17.81 17.81 17.73 17.61 17.39 17.48 17.26 17.47 17.31 16.97 16.73 16.83 16.17 16.41 16.22 16.14 16.34 16.37 16.22 16.02 15.90 16.91 17.02 16.88 17.19 17.45 17.69 17.87 17.90 17.57 17.20 16.98 16.85 16.49 17.05 17.52 17.68 17.68 17.13 17.98 17.98 17.98 17.98 17.98 17.98 17.98 17.98
17.68 17.66 17.61 17.76 17.77 17.78 17.76 17.75 17.77 17.77 17.73 17.72 17.71 17.68 17.64 17.55 17.56 17.68 17.71 17.77 17.76 17.77 17.77 17.78 17.79 17.80 17.80 17.80 17.82 17.80 17.81 17.81 17.79 17.74 17.63 17.55 17.60 17.36 17.37 17.21 16.93 16.87 16.28 16.33 16.43 16.21 16.29 16.24 16.23 16.04 15.74 16.39 16.87 17.01 16.98 17.25 17.48 17.75 17.83 17.68 17.28 17.13 17.14 16.39 16.75 17.56 17.55 17.34 16.40 16.17 16.17 16.17 16.17 16.17 16.17 16.17 16.17
17.76 17.70 17.57 17.76 17.76 17.79 17.77 17.74 17.75 17.78 17.76 17.72 17.66 17.64 17.63 17.56 17.62 17.72 17.74 17.75 17.74 17.76 17.76 17.77 17.78 17.79 17.78 17.78 17.78 17.78 17.78 17.77 17.74 17.72 17.63 17.71 17.70 17.52 17.42 17.31 17.18 17.21 17.01 16.88 16.84 16.77 16.72 16.63 16.31 16.52 16.22 16.41 17.00 16.88 16.98 17.06 17.27 17.41 17.76 17.74 17.63 17.20 17.09 16.69 16.67 16.96 17.07 16.65 16.02 16.03 16.03 16.03 16.03 16.03 16.03 16.03 16.03
17.75 17.73 17.68 17.75 17.77 17.76 17.75 17.74 17.73 17.74 17.73 17.70 17.69 17.64 17.58 17.57 17.65 17.70 17.73 17.73 17.73 17.74 17.73 17.75 17.76 17.76 17.76 17.76 17.77 17.76 17.76 17.76 17.74 17.72 17.63 17.74 17.71 17.70 17.64 17.61 17.56 17.43 17.31 17.25 17.20 17.24 17.14 17.14 16.49 16.12 16.46 16.53 16.62 16.93 16.96 16.95 17.07 17.24 17.44 17.60 17.50 17.08 16.97 16.72 16.38 16.37 16.75 16.55 15.88 15.73 15.73 15.73 15.73 15.73 15.73 15.73 15.73
17.75 17.72 17.74 17.74 17.73 17.73 17.76 17.76 17.72 17.74 17.72 17.68 17.67 17.67 17.66 17.66 17.69 17.67 17.67 17.70 17.72 17.72 17.72 17.73 17.74 17.74 17.74 17.74 17.74 17.74 17.73 17.73 17.73 17.71 17.70 17.74 17.72 17.72 17.74 17.63 17.71 17.59 17.35 17.42 17.22 17.25 17.07 17.08 17.05 16.31 16.42 16.60 16.58 16.66 16.68 16.61 16.61 17.00 17.21 17.22 17.34 17.45 16.83 16.44 15.77 16.00 16.25 16.53 16.22 15.73 15.73 15.73 15.73 15.73 15.73 15.73 15.73
17.72 17.72 17.73 17.75 17.72 17.72 17.72 17.71 17.68 17.71 17.70 17.68 17.65 17.65 17.68 17.67 17.66 17.63 17.63 17.69 17.71 17.70 17.71 17.73 17.72 17.72 17.71 17.71 17.71 17.71 17.71 17.70 17.70 17.70 17.69 17.71 17.71 17.67 17.69 17.64 17.57 17.57 17.50 17.47 17.54 17.27 17.19 17.14 17.06 17.00 16.88 16.72 16.65 16.67 16.74 16.57 16.60 16.75 16.92 16.94 17.26 17.07 16.85 16.66 15.94 15.61 15.85 16.05 16.41 16.41 16.41 15.73 15.73 15.73 15.73 15.73 15.73
