BOM_solar_grid_data_201906/2019062320190623.grid
ncols 839
nrows 679
xllcenter 112.0500
yllcenter -43.9500
cellsize 0.0500
nodata_value 99999.90
[rows 306 to 339 of 679, columns 234 to 311 of 839]
14.64 14.61 14.55 14.68 14.67 14.63 14.56 14.70 14.78 14.68 14.64 14.63 14.64 14.67 14.69 14.70 14.71 14.71 14.72 14.77 14.80 14.82 14.83 14.80 14.79 14.76 14.72 14.82 14.83 14.78 14.76 14.75 14.79 14.82 14.84 14.83 14.83 14.84 14.84 14.84 14.84 14.85 14.84 14.85 14.85 14.85 14.84 14.84 14.84 14.84 14.86 14.87 14.86 14.91 14.88 14.87 14.85 14.85 14.85 14.87 14.87 14.89 14.87 14.91 14.88 14.89 14.88 14.87 14.88 14.89 14.89 14.90 14.88 14.88 14.88 14.88 14.85 14.86
14.42 14.35 14.36 14.49 14.56 14.58 14.49 14.55 14.66 14.67 14.66 14.61 14.60 14.53 14.61 14.65 14.66 14.70 14.73 14.77 14.79 14.80 14.73 14.74 14.75 14.73 14.70 14.76 14.79 14.74 14.76 14.78 14.77 14.81 14.83 14.82 14.80 14.84 14.83 14.83 14.84 14.83 14.83 14.84 14.83 14.83 14.83 14.82 14.82 14.81 14.83 14.84 14.87 14.86 14.86 14.85 14.84 14.84 14.84 14.81 14.84 14.87 14.86 14.87 14.88 14.86 14.87 14.83 14.85 14.85 14.86 14.85 14.84 14.83 14.84 14.84 14.84 14.83
14.17 14.16 14.25 14.48 14.51 14.50 14.40 14.44 14.54 14.59 14.53 14.51 14.40 14.38 14.50 14.62 14.61 14.68 14.74 14.73 14.74 14.73 14.70 14.69 14.71 14.67 14.67 14.72 14.78 14.75 14.74 14.74 14.76 14.76 14.78 14.78 14.75 14.81 14.82 14.81 14.79 14.78 14.82 14.82 14.79 14.78 14.78 14.79 14.80 14.80 14.81 14.81 14.83 14.84 14.85 14.82 14.83 14.83 14.82 14.80 14.74 14.82 14.84 14.82 14.84 14.85 14.83 14.83 14.82 14.81 14.82 14.83 14.84 14.81 14.81 14.81 14.83 14.81
14.09 14.26 14.31 14.23 14.34 14.33 14.29 14.40 14.53 14.51 14.43 14.59 14.55 14.38 14.43 14.48 14.53 14.65 14.73 14.69 14.69 14.63 14.63 14.65 14.63 14.65 14.72 14.75 14.73 14.72 14.72 14.74 14.74 14.74 14.76 14.75 14.76 14.80 14.80 14.80 14.79 14.78 14.76 14.76 14.77 14.76 14.76 14.78 14.78 14.78 14.78 14.80 14.82 14.82 14.80 14.82 14.80 14.80 14.79 14.79 14.78 14.77 14.81 14.80 14.80 14.82 14.84 14.84 14.82 14.80 14.80 14.79 14.80 14.79 14.79 14.78 14.77 14.76
13.96 14.05 14.17 14.22 14.16 14.33 14.51 14.43 14.41 14.36 14.31 14.45 14.36 14.40 14.31 14.47 14.60 14.64 14.64 14.58 14.62 14.58 14.58 14.57 14.62 14.68 14.69 14.71 14.68 14.69 14.68 14.69 14.70 14.70 14.72 14.72 14.76 14.77 14.79 14.77 14.78 14.74 14.74 14.74 14.73 14.74 14.75 14.75 14.76 14.75 14.74 14.74 14.74 14.77 14.76 14.78 14.78 14.76 14.76 14.75 14.74 14.75 14.76 14.80 14.79 14.78 14.77 14.79 14.79 14.78 14.77 14.76 14.76 14.76 14.75 14.75 14.77 14.76
13.88 14.08 14.00 14.17 14.21 14.23 14.28 14.32 14.19 14.20 14.09 14.12 14.33 14.46 14.35 14.39 14.49 14.58 14.49 14.55 14.56 14.58 14.62 14.59 14.65 14.67 14.66 14.71 14.67 14.61 14.65 14.64 14.65 14.65 14.68 14.71 14.71 14.73 14.77 14.76 14.76 14.74 14.72 14.70 14.71 14.71 14.72 14.73 14.72 14.72 14.73 14.74 14.74 14.73 14.75 14.77 14.76 14.74 14.74 14.75 14.75 14.71 14.72 14.73 14.74 14.75 14.76 14.76 14.78 14.77 14.76 14.76 14.76 14.76 14.74 14.73 14.72 14.74
13.84 13.98 14.18 14.30 14.31 14.31 14.26 14.01 14.04 14.15 14.05 14.15 14.24 14.29 14.29 14.45 14.53 14.46 14.43 14.56 14.60 14.61 14.61 14.59 14.66 14.63 14.64 14.68 14.62 14.55 14.62 14.64 14.64 14.68 14.70 14.71 14.72 14.68 14.73 14.73 14.73 14.73 14.71 14.69 14.69 14.69 14.70 14.71 14.70 14.71 14.72 14.72 14.73 14.73 14.73 14.74 14.74 14.72 14.72 14.70 14.72 14.72 14.74 14.73 14.75 14.75 14.75 14.74 14.76 14.75 14.77 14.75 14.75 14.74 14.73 14.72 14.72 14.71
14.13 14.23 14.33 14.43 14.36 14.29 14.14 14.03 13.81 13.84 13.95 14.08 14.07 14.22 14.23 14.29 14.35 14.39 14.44 14.36 14.53 14.59 14.57 14.52 14.50 14.56 14.64 14.66 14.65 14.60 14.67 14.66 14.66 14.67 14.67 14.67 14.73 14.75 14.71 14.69 14.69 14.70 14.69 14.70 14.69 14.68 14.68 14.68 14.68 14.69 14.69 14.69 14.70 14.71 14.71 14.70 14.72 14.71 14.70 14.68 14.68 14.68 14.69 14.69 14.68 14.69 14.72 14.71 14.71 14.73 14.73 14.72 14.73 14.71 14.71 14.71 14.70 14.69
14.14 14.33 14.34 14.45 14.35 14.17 14.14 14.18 13.97 13.93 14.02 14.16 14.03 14.07 14.20 14.25 14.10 14.20 14.39 14.44 14.43 14.45 14.48 14.47 14.43 14.52 14.58 14.60 14.60 14.56 14.56 14.62 14.64 14.62 14.63 14.66 14.66 14.66 14.65 14.66 14.70 14.68 14.65 14.66 14.66 14.65 14.65 14.65 14.65 14.67 14.67 14.66 14.67 14.68 14.68 14.69 14.67 14.66 14.67 14.66 14.67 14.67 14.67 14.67 14.67 14.67 14.67 14.66 14.70 14.71 14.67 14.67 14.69 14.69 14.67 14.68 14.68 14.67
14.11 14.18 14.23 14.17 14.06 14.13 14.12 14.05 14.11 14.00 14.08 14.13 13.90 14.04 14.12 14.03 13.84 13.90 14.06 14.27 14.26 14.36 14.39 14.38 14.42 14.48 14.52 14.55 14.58 14.54 14.49 14.59 14.63 14.61 14.62 14.62 14.60 14.67 14.63 14.66 14.63 14.67 14.66 14.65 14.64 14.63 14.62 14.64 14.64 14.64 14.64 14.64 14.66 14.66 14.65 14.65 14.63 14.63 14.63 14.64 14.64 14.66 14.66 14.66 14.66 14.65 14.66 14.66 14.66 14.67 14.67 14.66 14.65 14.67 14.66 14.66 14.65 14.65
14.12 14.24 14.20 14.21 14.16 14.08 14.09 13.98 14.04 14.12 14.13 13.99 13.86 13.85 13.95 13.85 13.91 14.03 14.21 14.29 14.41 14.33 14.36 14.40 14.45 14.48 14.40 14.46 14.48 14.46 14.46 14.53 14.57 14.56 14.55 14.58 14.62 14.57 14.61 14.57 14.59 14.60 14.62 14.64 14.62 14.62 14.61 14.63 14.62 14.62 14.62 14.63 14.62 14.61 14.65 14.64 14.62 14.62 14.62 14.61 14.62 14.61 14.64 14.64 14.65 14.62 14.62 14.63 14.65 14.64 14.64 14.64 14.64 14.63 14.63 14.63 14.63 14.63
14.21 14.16 14.15 14.23 14.08 14.20 14.18 13.96 13.90 14.13 14.05 13.82 13.80 13.81 13.84 13.91 13.90 13.95 14.08 14.33 14.38 14.32 14.34 14.45 14.40 14.33 14.42 14.46 14.43 14.45 14.48 14.49 14.57 14.57 14.49 14.51 14.54 14.58 14.57 14.55 14.54 14.56 14.58 14.60 14.60 14.59 14.59 14.59 14.60 14.61 14.62 14.60 14.61 14.63 14.63 14.62 14.59 14.59 14.61 14.61 14.60 14.61 14.61 14.60 14.62 14.59 14.59 14.61 14.60 14.61 14.61 14.61 14.62 14.61 14.61 14.62 14.62 14.60
14.40 14.10 14.00 14.07 14.12 14.00 14.09 14.10 14.17 14.12 14.01 13.85 13.92 14.00 13.98 13.93 13.99 14.08 14.12 14.24 14.32 14.35 14.39 14.42 14.39 14.37 14.52 14.50 14.52 14.58 14.57 14.50 14.42 14.50 14.53 14.57 14.58 14.56 14.54 14.52 14.51 14.52 14.56 14.58 14.59 14.59 14.59 14.57 14.57 14.57 14.59 14.61 14.60 14.57 14.58 14.59 14.58 14.59 14.60 14.59 14.60 14.60 14.60 14.59 14.58 14.58 14.59 14.58 14.59 14.59 14.59 14.60 14.60 14.59 14.57 14.59 14.58 14.58
14.21 14.22 14.20 14.07 14.16 14.04 14.05 14.22 14.26 14.23 14.19 14.02 14.05 14.07 14.08 14.05 14.06 14.09 14.15 14.20 14.28 14.26 14.32 14.42 14.54 14.53 14.54 14.52 14.54 14.48 14.48 14.45 14.44 14.48 14.57 14.58 14.56 14.54 14.54 14.50 14.51 14.52 14.53 14.55 14.56 14.54 14.59 14.58 14.56 14.54 14.56 14.55 14.56 14.58 14.57 14.55 14.56 14.59 14.59 14.58 14.57 14.57 14.56 14.58 14.56 14.58 14.57 14.57 14.56 14.57 14.55 14.56 14.57 14.57 14.57 14.57 14.56 14.55
14.18 14.22 14.06 13.96 14.16 14.14 14.24 14.24 14.17 14.18 14.22 14.13 14.12 14.11 14.17 14.16 14.24 14.04 14.17 14.21 14.26 14.33 14.25 14.40 14.50 14.55 14.54 14.48 14.46 14.44 14.44 14.43 14.47 14.52 14.54 14.55 14.54 14.53 14.51 14.51 14.51 14.52 14.52 14.55 14.54 14.53 14.53 14.54 14.56 14.55 14.54 14.52 14.52 14.54 14.55 14.55 14.54 14.55 14.57 14.57 14.55 14.54 14.53 14.54 14.52 14.54 14.54 14.54 14.55 14.54 14.53 14.54 14.55 14.57 14.56 14.56 14.56 14.54
13.99 14.22 14.07 13.96 14.09 14.17 14.21 14.18 14.18 14.17 14.24 14.19 14.12 14.21 14.20 14.20 14.19 14.17 14.18 14.15 14.22 14.33 14.29 14.38 14.42 14.48 14.42 14.41 14.43 14.38 14.40 14.42 14.46 14.50 14.51 14.49 14.49 14.49 14.48 14.48 14.48 14.50 14.52 14.52 14.52 14.52 14.52 14.52 14.53 14.53 14.55 14.53 14.53 14.54 14.53 14.52 14.52 14.53 14.52 14.53 14.53 14.51 14.52 14.52 14.50 14.52 14.53 14.54 14.53 14.53 14.51 14.52 14.54 14.54 14.53 14.53 14.52 14.50
13.83 13.83 13.93 14.00 14.02 14.14 14.11 14.03 14.05 14.19 14.23 14.23 14.23 14.25 14.31 14.14 14.08 14.00 14.12 14.20 14.31 14.30 14.37 14.39 14.41 14.39 14.36 14.39 14.38 14.36 14.33 14.38 14.42 14.47 14.48 14.45 14.45 14.46 14.45 14.44 14.44 14.48 14.49 14.50 14.50 14.50 14.48 14.49 14.48 14.48 14.47 14.51 14.49 14.48 14.49 14.50 14.50 14.51 14.50 14.49 14.51 14.49 14.49 14.50 14.51 14.52 14.50 14.48 14.49 14.49 14.48 14.49 14.50 14.48 14.51 14.50 14.49 14.49
13.71 13.78 13.75 13.90 13.97 14.09 14.06 14.01 14.06 14.04 14.07 14.18 14.21 14.41 14.37 14.25 14.08 13.88 14.04 14.19 14.28 14.32 14.35 14.39 14.39 14.32 14.34 14.33 14.38 14.33 14.32 14.37 14.39 14.44 14.45 14.38 14.40 14.43 14.42 14.42 14.45 14.48 14.47 14.48 14.47 14.46 14.46 14.46 14.46 14.47 14.46 14.48 14.47 14.47 14.48 14.49 14.47 14.48 14.48 14.49 14.48 14.47 14.47 14.47 14.47 14.49 14.48 14.47 14.48 14.47 14.47 14.48 14.48 14.48 14.47 14.49 14.50 14.49
14.02 13.74 13.52 13.80 13.99 13.89 13.95 14.09 14.08 14.10 14.16 14.27 14.29 14.38 14.36 14.28 14.19 14.05 14.16 14.22 14.23 14.20 14.43 14.44 14.36 14.27 14.21 14.26 14.33 14.35 14.34 14.34 14.37 14.45 14.42 14.34 14.34 14.40 14.40 14.40 14.43 14.45 14.46 14.45 14.45 14.45 14.45 14.45 14.43 14.43 14.45 14.46 14.48 14.47 14.47 14.45 14.46 14.46 14.45 14.43 14.44 14.46 14.45 14.46 14.45 14.46 14.47 14.46 14.45 14.45 14.46 14.45 14.47 14.47 14.46 14.46 14.48 14.46
13.58 13.72 13.63 13.59 13.89 14.02 14.01 14.06 14.03 14.17 14.22 14.24 14.21 14.27 14.20 14.17 14.08 13.94 14.26 14.16 14.09 14.20 14.37 14.40 14.30 14.25 14.26 14.34 14.35 14.35 14.32 14.32 14.35 14.42 14.39 14.31 14.32 14.36 14.36 14.36 14.42 14.42 14.42 14.44 14.43 14.44 14.43 14.43 14.41 14.42 14.43 14.42 14.43 14.44 14.44 14.43 14.43 14.42 14.42 14.42 14.42 14.43 14.44 14.43 14.43 14.46 14.45 14.44 14.42 14.42 14.43 14.42 14.44 14.45 14.43 14.41 14.44 14.45
13.26 13.43 13.61 13.64 13.79 13.81 14.05 14.06 14.00 14.01 14.09 14.10 14.08 14.09 14.16 14.30 14.13 14.04 14.05 14.16 14.18 14.10 14.23 14.34 14.27 14.27 14.24 14.33 14.35 14.33 14.27 14.34 14.35 14.38 14.35 14.26 14.24 14.31 14.33 14.37 14.40 14.42 14.40 14.39 14.39 14.40 14.40 14.40 14.39 14.39 14.39 14.39 14.39 14.41 14.42 14.42 14.42 14.41 14.40 14.43 14.43 14.42 14.39 14.35 14.37 14.36 14.41 14.42 14.41 14.41 14.41 14.42 14.43 14.41 14.42 14.40 14.40 14.43
13.36 13.21 13.22 13.40 13.40 13.48 13.94 13.98 13.75 13.88 14.03 13.91 14.02 14.02 14.20 14.22 14.14 13.95 14.00 13.91 13.83 13.90 14.13 14.25 14.28 14.21 14.20 14.34 14.34 14.23 14.27 14.32 14.33 14.36 14.36 14.16 14.08 14.21 14.25 14.32 14.32 14.36 14.41 14.39 14.37 14.37 14.37 14.39 14.38 14.37 14.36 14.37 14.39 14.38 14.40 14.40 14.40 14.39 14.36 14.39 14.39 14.39 14.40 14.37 14.36 14.41 14.38 14.38 14.39 14.37 14.37 14.37 14.40 14.42 14.40 14.38 14.38 14.40
13.21 13.01 13.13 13.26 13.28 13.54 13.85 13.88 13.73 13.70 13.79 14.00 14.15 13.95 14.02 14.14 13.95 13.86 13.90 13.91 13.75 13.49 13.85 14.25 14.33 14.27 14.30 14.36 14.26 14.24 14.26 14.29 14.32 14.30 14.29 14.13 14.09 14.15 14.19 14.28 14.32 14.32 14.35 14.38 14.37 14.35 14.34 14.35 14.38 14.36 14.36 14.36 14.37 14.38 14.37 14.36 14.34 14.36 14.35 14.36 14.37 14.36 14.37 14.37 14.36 14.38 14.39 14.37 14.36 14.35 14.35 14.37 14.38 14.40 14.38 14.39 14.38 14.38
12.98 13.28 13.21 13.33 13.36 13.29 13.53 13.38 13.50 13.57 13.56 13.75 13.65 13.64 13.62 13.74 13.75 13.67 13.82 13.63 13.83 13.88 14.07 14.19 14.20 14.22 14.26 14.18 14.18 14.26 14.27 14.29 14.31 14.27 14.23 14.22 14.17 14.08 14.14 14.24 14.31 14.31 14.32 14.33 14.35 14.33 14.32 14.32 14.29 14.37 14.38 14.39 14.37 14.37 14.36 14.36 14.35 14.35 14.36 14.38 14.36 14.36 14.37 14.34 14.34 14.34 14.34 14.36 14.34 14.34 14.35 14.34 14.35 14.32 14.32 14.31 14.30 14.32
12.94 13.39 13.45 13.31 12.90 12.97 13.32 13.23 13.16 13.39 13.43 13.51 13.44 13.49 13.53 13.62 13.58 13.56 13.65 13.63 13.84 13.99 14.11 14.12 14.11 14.14 14.17 14.10 14.27 14.27 14.28 14.23 14.24 14.16 14.11 14.20 14.11 14.06 14.16 14.24 14.24 14.30 14.31 14.30 14.31 14.31 14.29 14.29 14.29 14.22 14.25 14.30 14.37 14.34 14.34 14.33 14.32 14.32 14.34 14.32 14.35 14.34 14.31 14.34 14.35 14.35 14.36 14.35 14.33 14.33 14.32 14.31 14.31 14.31 14.30 14.25 14.27 14.31
12.74 13.26 13.19 12.89 12.74 12.82 12.85 13.18 12.98 13.15 13.31 13.36 13.49 13.57 13.61 13.53 13.42 13.32 13.66 13.77 13.77 13.90 13.92 14.00 13.98 14.04 14.21 14.31 14.27 14.23 14.24 14.29 14.22 14.14 14.09 14.08 13.99 14.10 14.19 14.17 14.27 14.28 14.28 14.26 14.28 14.31 14.30 14.29 14.28 14.30 14.31 14.33 14.31 14.31 14.30 14.28 14.27 14.26 14.32 14.32 14.27 14.34 14.29 14.23 14.22 14.28 14.34 14.36 14.33 14.31 14.29 14.30 14.30 14.28 14.25 14.25 14.29 14.29
12.99 13.20 12.86 12.53 12.56 12.85 12.92 12.87 12.97 13.23 13.15 13.11 13.26 13.22 13.10 13.13 13.17 13.41 13.65 13.80 13.87 13.98 13.99 14.01 14.00 14.06 14.22 14.06 14.15 14.15 14.22 14.24 14.25 14.23 14.14 13.96 14.04 14.10 14.08 14.17 14.26 14.24 14.26 14.26 14.25 14.26 14.29 14.27 14.29 14.30 14.27 14.29 14.29 14.32 14.28 14.27 14.27 14.27 14.24 14.20 14.27 14.20 14.08 14.22 14.23 14.24 14.30 14.28 14.32 14.29 14.27 14.25 14.27 14.27 14.25 14.25 14.24 14.25
12.67 12.83 12.80 12.51 12.52 12.66 12.98 12.98 12.95 13.22 13.07 12.89 12.72 12.87 12.60 13.15 13.45 13.65 13.68 13.67 13.69 13.94 13.88 13.87 13.98 14.05 14.14 14.19 14.22 14.12 14.13 14.22 14.20 14.17 14.09 13.99 14.06 14.02 14.13 14.21 14.23 14.23 14.22 14.24 14.25 14.24 14.26 14.25 14.25 14.26 14.25 14.28 14.26 14.27 14.24 14.25 14.28 14.27 14.20 14.09 14.22 14.19 14.24 14.27 14.23 14.27 14.28 14.26 14.28 14.27 14.27 14.27 14.25 14.25 14.24 14.23 14.22 14.22
12.33 12.16 12.33 12.38 12.49 12.72 13.04 13.01 13.06 12.97 12.85 12.79 12.71 12.63 12.78 13.01 13.27 13.49 13.72 13.58 13.66 14.06 13.82 13.75 13.93 14.04 14.21 14.13 14.06 14.06 14.12 13.96 14.00 14.08 14.04 14.05 14.13 14.15 14.21 14.23 14.23 14.23 14.22 14.22 14.24 14.23 14.28 14.26 14.25 14.24 14.24 14.24 14.23 14.23 14.22 14.20 14.20 14.25 14.12 14.19 14.24 14.26 14.28 14.30 14.26 14.23 14.24 14.25 14.24 14.27 14.25 14.23 14.22 14.22 14.22 14.21 14.20 14.21
11.64 11.60 12.07 12.43 12.67 12.64 12.71 12.80 12.85 12.67 12.82 12.97 12.66 12.94 13.07 13.10 13.05 13.22 13.54 13.71 13.68 13.78 13.78 13.86 13.83 13.99 14.14 14.09 13.95 13.98 13.96 13.93 13.94 14.05 14.03 14.12 14.22 14.19 14.20 14.21 14.20 14.19 14.19 14.20 14.18 14.11 14.23 14.22 14.18 14.21 14.24 14.23 14.21 14.20 14.21 14.19 14.19 14.24 14.25 14.24 14.24 14.22 14.22 14.20 14.24 14.20 14.22 14.25 14.22 14.17 14.21 14.26 14.22 14.22 14.20 14.19 14.19 14.19
11.61 11.77 11.94 12.33 12.52 12.49 12.53 12.70 12.73 12.97 12.99 13.09 12.83 12.88 13.18 12.97 12.79 13.24 13.67 13.58 13.57 13.72 13.79 13.72 13.69 13.83 13.99 14.05 13.93 13.97 14.07 14.12 14.04 13.99 14.00 14.11 14.12 14.14 14.15 14.14 14.15 14.17 14.16 14.16 14.16 14.17 14.09 14.19 14.16 14.18 14.21 14.19 14.19 14.17 14.18 14.17 14.19 14.18 14.18 14.21 14.23 14.22 14.21 14.22 14.20 14.20 14.22 14.20 14.17 14.18 14.16 14.09 14.18 14.18 14.17 14.19 14.19 14.18
10.89 11.14 11.72 11.96 12.41 12.48 12.26 12.43 12.51 12.59 12.92 13.08 12.75 12.87 12.85 12.75 12.82 13.24 13.43 13.44 13.57 13.63 13.69 13.65 13.86 13.82 13.85 13.96 13.93 13.90 14.02 14.12 14.09 13.96 14.04 13.93 14.01 14.03 14.11 14.13 14.12 14.14 14.13 14.13 14.14 14.15 14.15 14.16 14.16 14.18 14.17 14.19 14.16 14.15 14.15 14.14 14.16 14.19 14.22 14.23 14.19 14.19 14.17 14.19 14.19 14.16 14.09 14.04 14.10 14.13 14.15 14.15 14.15 14.15 14.15 14.17 14.17 14.16
10.88 11.04 11.58 11.84 11.78 11.61 11.93 12.13 12.14 12.25 12.65 13.01 12.76 12.79 12.67 12.72 12.92 13.14 13.35 13.67 13.54 13.62 13.79 13.71 13.71 13.58 13.65 13.89 13.89 13.84 14.03 14.03 14.00 13.99 13.86 13.57 13.80 13.94 14.12 14.12 14.11 14.12 14.13 14.13 14.12 14.12 14.12 14.12 14.10 14.17 14.17 14.13 14.08 14.13 14.17 14.15 14.18 14.18 14.19 14.18 14.19 14.16 14.15 14.17 14.18 14.16 14.05 14.00 14.06 14.13 14.13 14.13 14.13 14.13 14.14 14.16 14.14 14.14
10.84 11.23 11.71 11.80 11.60 11.32 11.52 11.67 11.29 11.80 12.60 12.86 12.73 12.71 12.55 12.86 12.95 12.99 13.37 13.59 13.30 13.21 13.30 13.49 13.51 13.48 13.46 13.63 13.62 13.84 13.91 13.83 13.98 14.00 13.75 13.65 13.78 13.96 14.08 14.11 14.09 14.10 14.09 14.09 14.08 14.08 14.07 14.09 14.10 14.13 14.15 14.11 14.11 14.11 14.10 14.10 14.06 14.17 14.17 14.18 14.17 14.13 14.12 14.11 14.10 14.14 14.06 14.03 14.08 14.12 14.08 14.10 14.12 14.12 14.16 14.15 14.15 14.18
