BOM_solar_grid_data_201906/2019061720190617.grid
ncols 839
nrows 679
xllcenter 112.0500
yllcenter -43.9500
cellsize 0.0500
nodata_value 99999.90
[rows 102 to 135 of 679, columns 616 to 692 of 839]
19.00 18.98 18.67 18.64 18.45 18.29 18.77 18.98 19.20 19.10 19.06 19.09 19.08 19.20 19.20 19.20 19.19 19.15 19.04 19.00 19.03 18.98 18.85 18.78 18.44 18.35 18.02 18.01 18.00 18.34 18.10 17.48 17.17 17.28 17.70 17.71 17.62 17.19 16.97 16.61 16.17 16.97 17.65 17.95 17.92 17.59 17.81 18.18 18.18 18.18 18.19 18.19 18.19 18.19 18.19 18.19 18.19 18.19 18.19 99999.90 99999.90 99999.90 99999.90 99999.90 99999.90 99999.90 99999.90 99999.90 99999.90 99999.90 99999.90 99999.90 99999.90 99999.90 99999.90 99999.90 99999.90
18.99 19.03 18.87 18.62 18.39 18.48 18.41 18.73 19.08 19.07 19.09 19.00 19.16 19.19 19.17 19.03 19.17 19.17 19.10 19.09 19.13 19.13 19.04 18.70 18.29 18.18 18.47 18.43 17.94 18.01 18.07 18.21 17.98 17.78 17.09 17.33 17.51 17.35 16.90 16.88 16.96 16.97 16.13 17.50 18.12 18.09 16.95 18.40 18.40 18.40 18.25 18.25 18.25 18.25 18.25 18.25 18.25 18.25 18.25 17.01 99999.90 99999.90 99999.90 99999.90 99999.90 99999.90 99999.90 99999.90 99999.90 99999.90 99999.90 99999.90 99999.90 99999.90 99999.90 99999.90 99999.90
18.99 19.16 19.04 18.92 18.82 18.43 18.50 18.77 18.97 18.97 19.14 19.07 19.17 19.03 19.01 19.06 19.15 19.13 19.13 19.13 19.13 19.14 19.03 18.62 17.67 18.21 18.12 17.31 18.19 17.79 17.75 18.12 18.08 18.14 17.64 17.29 17.17 16.53 17.05 17.55 17.34 17.40 17.47 17.52 17.79 17.98 17.33 18.48 18.48 18.25 18.25 18.25 18.25 18.25 18.25 18.25 18.25 18.25 18.25 17.01 99999.90 99999.90 99999.90 99999.90 99999.90 99999.90 99999.90 99999.90 99999.90 99999.90 99999.90 99999.90 99999.90 99999.90 99999.90 99999.90 99999.90
19.12 19.10 19.08 19.02 18.94 18.71 18.50 18.64 18.69 18.89 19.06 18.96 19.06 18.93 19.02 19.13 19.13 18.93 18.84 19.09 19.12 18.98 18.37 18.27 18.39 17.83 17.61 17.91 17.39 17.98 18.02 18.11 18.20 17.78 18.11 17.55 17.24 17.38 17.00 16.80 17.09 17.47 17.78 18.22 17.31 18.08 18.04 18.52 18.25 18.25 18.25 18.25 18.25 18.25 18.25 18.25 18.25 18.25 18.25 17.01 99999.90 99999.90 99999.90 99999.90 99999.90 99999.90 99999.90 99999.90 99999.90 99999.90 99999.90 99999.90 99999.90 99999.90 99999.90 99999.90 99999.90
19.09 19.10 19.11 19.06 19.01 18.81 18.67 18.61 18.59 18.94 18.67 19.07 19.04 19.01 18.90 19.09 19.10 19.10 19.04 18.89 19.03 18.62 18.35 18.46 18.31 17.21 17.39 18.01 17.30 17.75 17.77 17.71 17.90 18.07 17.91 17.96 17.49 17.56 17.05 15.98 16.05 16.10 17.14 17.44 17.96 17.75 18.39 18.20 18.17 18.17 18.17 18.17 18.17 18.17 18.17 18.17 18.17 18.17 18.17 17.01 13.58 99999.90 99999.90 99999.90 99999.90 99999.90 99999.90 99999.90 99999.90 99999.90 99999.90 99999.90 99999.90 99999.90 99999.90 99999.90 99999.90
19.06 19.11 19.11 19.09 19.07 19.03 19.06 18.65 18.87 18.71 18.78 18.65 19.05 18.99 18.97 19.07 19.08 19.08 18.86 18.99 18.37 18.33 18.41 18.34 17.51 17.43 17.21 17.55 17.10 17.09 17.53 16.89 17.51 17.56 18.22 18.08 17.87 17.64 17.47 17.16 16.90 16.04 16.22 15.93 17.89 18.04 17.81 18.37 18.17 18.17 18.17 18.17 18.17 18.17 18.17 18.17 18.17 18.17 18.17 17.01 13.58 99999.90 99999.90 99999.90 99999.90 99999.90 99999.90 99999.90 99999.90 99999.90 99999.90 99999.90 99999.90 99999.90 99999.90 99999.90 99999.90
19.02 19.08 19.08 19.08 19.08 19.10 19.10 19.09 18.96 18.88 18.96 18.68 18.34 18.81 19.03 19.07 19.05 19.04 18.89 18.50 17.84 17.89 17.43 17.53 17.29 17.07 17.35 16.79 17.65 17.48 18.01 17.44 17.31 17.87 17.85 18.36 18.56 18.02 17.77 16.85 17.25 17.55 16.63 14.88 15.91 17.61 17.48 18.14 18.14 18.28 18.28 18.28 18.28 18.28 18.28 18.28 18.28 18.28 18.28 17.01 13.58 99999.90 99999.90 99999.90 99999.90 99999.90 99999.90 99999.90 99999.90 99999.90 99999.90 99999.90 99999.90 99999.90 99999.90 99999.90 99999.90
19.07 19.06 19.05 19.07 19.06 19.07 19.07 19.06 19.06 19.06 19.07 18.96 18.83 18.67 18.96 18.71 18.91 18.93 18.61 18.73 18.45 17.94 17.82 16.32 16.85 16.96 17.68 16.19 17.40 17.11 17.10 17.74 17.14 17.55 17.58 18.32 18.56 18.31 17.66 16.34 16.69 17.36 16.39 15.23 14.70 15.06 17.76 18.42 18.28 18.28 18.28 18.28 18.28 18.28 18.28 18.28 18.28 17.01 17.01 17.01 13.58 13.88 99999.90 99999.90 99999.90 99999.90 99999.90 99999.90 99999.90 99999.90 99999.90 99999.90 99999.90 99999.90 99999.90 99999.90 99999.90
19.05 19.05 19.05 19.05 19.02 19.05 19.05 19.04 19.04 19.03 19.03 19.03 18.90 19.00 19.03 19.02 18.89 18.39 18.13 18.00 18.10 17.87 18.55 18.28 18.11 18.12 18.18 18.22 18.25 18.06 17.68 17.62 17.59 17.23 17.71 18.64 18.33 18.35 16.77 15.42 16.41 16.62 16.63 15.63 14.47 14.79 15.87 17.87 18.28 18.28 18.28 18.28 18.28 18.28 17.01 17.01 17.01 17.01 17.01 17.01 13.58 13.88 99999.90 99999.90 99999.90 99999.90 99999.90 99999.90 99999.90 99999.90 99999.90 99999.90 99999.90 99999.90 99999.90 99999.90 99999.90
19.02 19.03 19.03 19.01 18.93 18.99 19.02 19.02 19.01 19.01 19.01 19.01 19.00 19.01 19.00 19.00 19.00 18.90 18.86 18.34 18.60 18.03 17.36 17.92 18.09 18.51 18.84 18.92 18.85 18.82 18.65 18.45 18.37 18.78 18.93 18.77 18.62 18.48 16.31 15.53 15.65 16.40 15.64 14.89 14.62 14.83 15.10 16.58 17.67 17.67 17.67 17.01 17.01 17.01 17.01 17.01 17.01 17.01 17.01 17.01 13.58 13.88 99999.90 99999.90 99999.90 99999.90 99999.90 99999.90 99999.90 99999.90 99999.90 99999.90 99999.90 99999.90 99999.90 99999.90 99999.90
19.01 19.01 19.00 18.97 19.02 19.01 19.01 19.00 19.00 18.99 18.99 18.96 18.94 18.98 18.98 18.99 18.97 18.71 18.47 18.52 17.91 17.86 16.95 16.56 17.74 18.19 18.48 18.76 18.86 18.95 18.70 18.71 18.87 18.98 18.98 18.91 18.61 17.88 16.33 16.15 15.67 14.31 14.63 14.76 14.93 15.60 16.56 16.85 16.96 16.96 17.01 17.01 17.01 17.01 17.01 17.01 17.01 17.01 13.58 13.58 13.58 13.88 99999.90 99999.90 99999.90 99999.90 99999.90 99999.90 99999.90 99999.90 99999.90 99999.90 99999.90 99999.90 99999.90 99999.90 99999.90
18.94 18.94 18.94 18.97 18.98 18.97 18.98 18.98 18.97 18.95 18.96 18.95 18.95 18.96 18.45 17.99 18.36 18.72 18.81 18.75 18.70 18.83 18.66 18.36 17.99 18.29 18.78 18.72 18.87 18.95 18.94 18.85 18.96 18.95 18.92 18.77 18.40 17.83 17.41 14.95 14.32 13.98 13.98 13.48 15.37 15.99 15.25 16.26 15.22 17.01 17.01 17.01 17.01 17.01 17.01 13.58 13.58 13.58 13.58 13.58 13.58 13.88 99999.90 99999.90 99999.90 99999.90 99999.90 99999.90 99999.90 99999.90 99999.90 99999.90 99999.90 99999.90 99999.90 99999.90 99999.90
18.91 18.92 18.95 18.92 18.93 18.94 18.95 18.88 18.88 18.91 18.93 18.93 18.93 18.94 18.85 18.93 18.36 18.54 18.81 18.45 18.87 18.85 18.85 18.69 18.43 17.80 17.48 17.59 18.03 18.47 18.82 18.90 18.94 18.94 18.64 18.51 18.20 17.92 17.02 16.31 14.20 12.69 15.11 15.15 15.23 16.11 16.48 16.14 15.53 15.19 15.19 15.19 13.58 13.58 13.58 13.58 13.58 13.58 13.58 13.58 13.58 13.88 99999.90 99999.90 99999.90 99999.90 99999.90 99999.90 99999.90 99999.90 99999.90 99999.90 99999.90 99999.90 99999.90 99999.90 99999.90
18.88 18.87 18.93 18.87 18.89 18.86 18.91 18.84 18.79 18.77 18.87 18.92 18.92 18.92 18.92 18.92 18.92 18.34 18.15 18.51 18.85 18.67 18.17 17.73 17.10 17.31 16.48 16.41 16.67 17.43 18.46 18.80 18.82 18.86 18.89 18.68 18.33 18.23 17.84 17.21 16.37 14.82 15.17 14.57 15.40 15.65 14.65 15.43 14.42 15.25 15.25 13.58 13.58 13.58 13.58 13.58 13.58 13.58 13.58 13.88 13.88 13.88 99999.90 99999.90 99999.90 99999.90 99999.90 99999.90 99999.90 99999.90 99999.90 99999.90 99999.90 99999.90 99999.90 99999.90 99999.90
18.84 18.87 18.89 18.90 18.83 18.81 18.83 18.77 18.61 18.72 18.63 18.64 18.85 18.90 18.89 18.88 18.88 18.80 18.24 16.57 16.14 16.95 17.72 18.17 17.49 17.19 15.97 15.20 14.81 14.38 16.19 18.03 18.60 18.81 18.71 18.48 17.88 17.81 17.66 17.62 17.07 16.93 16.18 15.11 15.33 15.72 15.08 14.97 14.32 13.05 13.58 13.58 13.58 13.58 13.58 13.58 13.88 13.88 13.88 13.88 13.88 13.88 99999.90 99999.90 99999.90 99999.90 99999.90 99999.90 99999.90 99999.90 99999.90 99999.90 99999.90 99999.90 99999.90 99999.90 99999.90
18.79 18.86 18.87 18.85 18.74 18.75 18.79 18.80 18.75 18.68 18.83 18.81 18.78 18.87 18.85 18.87 18.87 18.78 18.36 18.00 17.76 17.70 17.60 17.16 16.54 17.12 15.82 16.39 15.45 14.83 15.04 15.63 17.11 18.00 18.60 18.54 18.36 18.06 17.74 17.24 16.98 16.34 17.07 16.84 15.78 15.36 16.95 15.73 13.40 12.04 13.58 13.58 13.58 13.88 13.88 13.88 13.88 13.88 13.88 13.88 13.88 13.88 99999.90 99999.90 99999.90 99999.90 99999.90 99999.90 99999.90 99999.90 99999.90 99999.90 99999.90 99999.90 99999.90 99999.90 99999.90
18.69 18.71 18.82 18.83 18.81 18.80 18.72 18.71 18.72 18.82 18.74 18.73 18.78 18.78 18.79 18.82 18.76 18.75 18.80 18.38 18.47 18.48 18.35 17.82 17.34 18.05 17.35 16.88 16.92 16.71 15.82 15.99 16.99 17.92 17.89 17.99 18.28 17.82 17.56 16.53 16.19 15.98 16.84 17.64 16.61 15.97 15.12 14.27 12.75 12.10 13.93 13.93 13.88 13.88 13.88 13.88 13.88 13.88 13.88 13.88 13.88 13.88 99999.90 99999.90 99999.90 99999.90 99999.90 99999.90 99999.90 99999.90 99999.90 99999.90 99999.90 99999.90 99999.90 99999.90 99999.90
18.62 18.67 18.72 18.61 18.74 18.61 18.67 18.76 18.83 18.72 18.76 18.61 18.51 18.60 18.57 18.46 18.51 18.28 18.41 18.67 18.67 18.33 17.82 17.89 18.13 17.57 17.61 17.79 16.32 16.25 15.94 14.54 16.02 17.39 17.07 16.95 17.33 16.97 17.00 16.36 16.61 16.65 16.25 16.20 16.66 16.66 14.11 13.18 11.74 10.63 14.07 13.88 13.88 13.88 13.88 13.88 13.88 13.88 13.88 13.88 13.88 13.88 99999.90 99999.90 99999.90 99999.90 99999.90 99999.90 99999.90 99999.90 99999.90 99999.90 99999.90 99999.90 99999.90 99999.90 99999.90
18.72 18.67 18.79 18.71 18.68 18.74 18.73 18.71 18.69 18.77 18.71 18.75 18.72 18.69 18.73 18.68 18.68 18.63 18.23 17.86 18.45 18.66 18.81 18.78 18.47 18.17 18.31 17.85 17.08 17.56 17.88 17.20 16.52 17.40 16.37 14.81 14.88 14.90 15.91 15.90 16.02 15.94 16.05 16.20 16.07 16.52 14.35 14.11 13.57 14.19 13.32 13.72 13.72 13.72 13.72 13.72 13.72 13.72 13.72 13.72 13.72 13.72 12.61 99999.90 99999.90 99999.90 99999.90 99999.90 99999.90 99999.90 99999.90 99999.90 99999.90 99999.90 99999.90 99999.90 99999.90
18.65 18.74 18.74 18.77 18.78 18.79 18.77 18.74 18.68 18.76 18.79 18.80 18.75 18.70 18.71 18.76 18.65 18.67 18.70 18.57 18.54 17.94 18.67 18.62 18.51 18.43 18.27 17.20 16.12 16.03 16.69 16.67 15.98 15.97 16.24 15.24 15.23 15.28 14.05 14.17 14.75 14.69 14.78 16.66 16.54 15.47 14.50 14.29 14.56 14.37 13.53 14.02 14.02 14.02 14.02 14.02 14.02 14.02 14.02 14.02 14.02 14.02 12.61 11.92 99999.90 99999.90 99999.90 99999.90 99999.90 99999.90 99999.90 99999.90 99999.90 99999.90 99999.90 99999.90 99999.90
18.56 18.63 18.73 18.75 18.75 18.76 18.78 18.73 18.71 18.67 18.63 18.79 18.76 18.76 18.58 18.69 18.70 18.59 18.51 18.42 18.41 18.20 17.61 17.60 17.09 17.45 17.35 16.97 16.31 16.75 16.77 17.42 16.86 16.65 16.67 16.48 15.92 15.63 14.55 13.11 12.59 13.30 14.59 15.72 15.28 14.71 14.80 14.21 14.50 14.40 12.88 11.72 11.72 11.72 11.72 11.72 11.72 11.72 11.72 11.72 11.72 11.72 11.92 11.92 99999.90 99999.90 99999.90 99999.90 99999.90 99999.90 99999.90 99999.90 99999.90 99999.90 99999.90 99999.90 99999.90
18.62 18.63 18.66 18.71 18.75 18.75 18.74 18.72 18.70 18.67 18.52 18.57 18.68 18.62 18.76 18.70 18.60 18.69 18.45 18.44 18.12 18.38 18.32 18.22 17.26 17.34 17.03 16.96 17.16 16.69 16.15 16.51 17.09 16.94 15.82 15.74 15.60 15.43 16.36 14.22 13.10 12.67 14.30 13.68 12.57 13.07 13.91 13.98 14.19 15.38 14.54 11.41 11.41 11.41 11.41 11.41 11.41 11.41 11.41 11.41 11.41 11.41 11.92 11.92 10.45 99999.90 99999.90 99999.90 99999.90 99999.90 99999.90 99999.90 99999.90 99999.90 99999.90 99999.90 99999.90
18.63 18.63 18.61 18.56 18.64 18.70 18.71 18.72 18.66 18.61 18.49 18.31 18.57 18.64 18.66 18.71 18.53 18.43 18.10 18.22 18.24 17.59 17.72 17.37 17.02 17.26 17.67 16.11 16.58 16.09 17.03 16.87 17.27 16.51 15.95 15.82 14.59 15.64 16.46 14.85 13.86 13.19 14.41 13.01 11.89 11.87 12.08 13.85 12.95 14.31 13.61 11.72 11.72 11.72 11.72 11.72 11.72 11.72 11.72 11.72 11.72 11.72 11.92 11.92 10.45 12.21 99999.90 99999.90 99999.90 99999.90 99999.90 99999.90 99999.90 99999.90 99999.90 99999.90 99999.90
18.64 18.63 18.59 18.59 18.63 18.62 18.69 18.68 18.67 18.52 18.59 18.35 18.37 18.44 18.67 18.57 18.63 18.61 18.31 17.87 17.71 17.99 18.16 18.09 17.53 17.38 17.74 17.12 17.33 17.04 17.74 17.35 17.03 16.93 16.69 15.58 14.51 15.27 15.84 15.41 14.03 13.75 13.66 13.09 12.17 12.23 11.04 11.31 11.55 12.00 12.96 11.86 11.86 11.86 11.86 11.86 11.86 11.86 11.86 11.86 11.86 11.86 11.92 11.92 12.21 12.21 13.07 99999.90 99999.90 99999.90 99999.90 99999.90 99999.90 99999.90 99999.90 99999.90 99999.90
18.58 18.62 18.64 18.53 18.58 18.50 18.63 18.65 18.66 18.62 18.50 18.16 18.37 18.21 18.52 18.49 18.46 18.62 18.14 18.36 18.42 18.33 17.92 17.47 17.53 18.23 17.96 17.56 18.04 17.78 17.38 17.06 17.30 17.98 17.59 15.87 15.39 15.09 15.55 15.59 13.85 14.19 14.79 13.03 12.08 11.57 11.53 9.80 10.54 12.44 12.85 11.86 11.86 11.86 11.86 11.86 11.86 11.86 11.86 11.92 11.92 11.92 11.92 11.92 12.21 13.07 13.07 13.67 99999.90 99999.90 99999.90 99999.90 99999.90 99999.90 99999.90 99999.90 99999.90
18.50 18.55 18.58 18.58 18.54 18.54 18.48 18.59 18.61 18.56 18.57 18.51 18.35 18.16 18.36 17.87 18.39 18.22 18.39 18.28 17.94 17.92 18.41 18.08 18.16 18.24 17.95 18.19 18.31 17.83 18.22 17.89 17.82 18.07 16.92 16.70 16.24 15.89 15.89 15.64 14.92 14.01 14.24 14.73 14.31 12.05 11.40 10.80 11.92 10.88 11.63 11.63 11.63 11.86 11.86 12.61 12.61 11.92 11.92 11.92 11.92 11.92 11.92 12.21 13.07 13.07 13.67 13.67 99999.90 99999.90 99999.90 99999.90 99999.90 99999.90 99999.90 99999.90 99999.90
18.44 18.48 18.49 18.52 18.47 18.30 18.36 18.46 18.42 18.57 18.51 18.54 18.42 18.15 18.09 18.19 17.64 17.97 18.14 17.93 18.23 17.98 17.99 18.15 18.27 18.48 18.33 18.05 18.15 18.42 18.40 18.32 18.09 17.91 17.38 16.84 16.41 16.13 15.70 15.87 15.67 14.69 14.82 14.16 13.76 12.29 12.86 10.62 10.15 10.18 10.99 10.99 11.52 11.52 12.61 12.61 11.92 11.92 11.92 11.92 11.92 12.21 12.21 13.07 16.50 16.50 16.50 16.50 16.50 16.50 16.50 16.50 99999.90 99999.90 99999.90 99999.90 99999.90
18.44 18.45 18.38 18.50 18.49 18.50 18.24 18.38 18.42 18.44 18.52 18.46 18.51 18.42 18.31 18.22 18.41 18.24 18.02 17.63 17.63 17.55 17.78 18.06 17.82 18.21 18.16 18.44 18.23 18.26 18.16 17.66 17.94 17.49 17.50 17.33 16.85 16.69 16.37 16.28 15.64 15.64 15.77 14.74 14.41 13.95 13.80 11.57 10.61 9.95 10.25 11.52 11.52 12.61 12.61 11.92 11.92 11.92 11.92 11.92 12.21 12.21 13.07 13.07 16.50 16.50 16.50 16.50 16.50 16.50 16.50 16.50 99999.90 99999.90 99999.90 99999.90 99999.90
18.45 18.44 18.45 18.49 18.58 18.58 18.54 18.45 18.49 18.51 18.58 18.56 18.51 18.45 18.24 18.31 17.96 18.23 18.21 17.80 17.50 17.46 17.31 17.73 17.91 18.25 18.06 18.02 17.87 18.32 18.11 17.72 17.52 17.48 17.34 17.11 17.30 16.85 16.62 16.49 16.13 15.98 15.29 14.88 14.50 14.17 14.86 12.87 13.17 11.65 11.60 11.78 12.61 12.61 11.92 11.92 11.92 11.92 10.45 12.21 12.21 13.07 13.07 16.50 16.50 16.50 16.50 16.50 16.50 16.50 16.50 16.50 99999.90 99999.90 99999.90 99999.90 99999.90
18.42 18.49 18.52 18.53 18.51 18.55 18.54 18.34 18.33 18.51 18.47 18.57 18.55 18.56 18.55 18.29 18.40 17.98 17.72 17.81 17.75 17.30 17.15 17.58 17.91 18.24 18.34 17.90 17.55 17.61 17.32 17.27 16.57 17.15 16.80 17.48 17.64 17.08 16.84 16.44 16.37 16.13 15.13 14.38 13.88 13.77 14.57 13.60 13.67 12.17 13.27 12.80 11.50 11.92 11.92 11.92 10.45 10.45 12.21 12.21 13.07 13.07 13.67 16.50 16.50 16.50 16.50 16.50 16.50 16.50 16.50 16.50 99999.90 99999.90 99999.90 99999.90 99999.90
18.48 18.48 18.47 18.50 18.45 18.51 18.49 18.44 18.38 18.31 18.30 18.43 18.51 18.53 18.53 18.46 18.21 17.92 18.06 17.68 18.09 17.41 17.37 17.50 17.23 17.45 17.86 17.59 17.79 17.31 17.19 16.60 16.43 16.64 16.87 16.69 16.79 16.80 16.80 16.36 15.61 15.88 15.16 14.32 13.11 12.99 13.82 14.01 14.66 14.02 13.71 13.23 12.15 10.69 10.69 10.45 10.45 12.21 12.21 13.07 13.07 13.67 16.50 16.50 16.50 16.50 16.50 16.50 16.50 16.50 16.50 16.50 99999.90 99999.90 99999.90 99999.90 99999.90
18.48 18.48 18.47 18.43 18.48 18.45 18.51 18.36 18.29 18.18 18.03 18.33 18.39 18.48 18.48 18.46 18.28 18.44 17.86 17.81 17.74 17.95 17.51 17.17 17.77 17.47 16.87 16.88 16.59 17.25 17.11 16.96 16.70 17.07 17.06 16.94 16.00 16.51 16.31 16.30 15.67 16.03 15.28 14.72 12.77 12.64 13.09 13.56 15.03 14.71 13.95 14.64 13.38 13.05 10.45 10.45 12.21 12.21 13.07 13.07 13.67 13.67 16.50 16.50 16.50 16.50 16.50 16.50 16.50 16.50 16.50 16.50 99999.90 99999.90 99999.90 99999.90 99999.90
18.45 18.52 18.49 18.42 18.41 18.46 18.43 18.51 18.42 18.37 18.21 18.30 18.22 18.39 18.37 18.46 18.38 18.20 18.13 18.09 17.63 18.24 17.90 17.67 17.82 17.63 17.74 16.59 16.45 16.66 16.14 16.54 16.96 17.18 16.36 16.76 16.04 16.40 15.92 15.38 15.55 15.63 15.44 15.00 13.79 14.20 13.40 12.94 14.13 14.37 14.89 15.83 14.74 12.46 11.48 12.21 12.21 13.07 13.07 13.67 13.67 16.50 16.50 16.50 16.50 16.50 16.50 16.50 16.50 16.50 16.50 16.50 15.90 99999.90 99999.90 99999.90 99999.90
18.44 18.42 18.44 18.37 18.44 18.40 18.33 18.43 18.34 18.17 18.07 18.03 18.17 18.23 18.22 18.39 18.38 18.30 17.85 18.01 18.15 17.88 17.92 17.32 17.80 17.63 17.10 16.54 17.07 16.82 16.27 17.11 17.08 16.45 16.29 16.85 16.02 16.51 16.31 15.28 14.30 12.67 14.81 15.11 15.14 15.42 15.48 14.99 13.82 13.87 14.77 15.78 13.91 12.59 12.88 13.69 13.07 13.07 13.67 13.67 15.73 16.50 16.50 16.50 16.50 16.50 16.50 16.50 16.50 16.50 16.50 16.50 15.90 99999.90 99999.90 99999.90 99999.90
