BOM_solar_grid_data_201906/2019061820190618.grid
ncols 839
nrows 679
xllcenter 112.0500
yllcenter -43.9500
cellsize 0.0500
nodata_value 99999.90
[rows 238 to 271 of 679, columns 231 to 307 of 839]
16.41 16.35 16.37 16.34 16.32 16.34 16.29 16.36 16.37 16.38 16.34 16.42 16.40 16.37 16.37 16.39 16.37 16.31 16.09 16.33 16.31 16.26 16.25 16.27 16.31 16.17 16.28 16.13 16.32 15.87 15.51 16.04 15.82 14.93 15.84 15.96 15.92 15.40 15.13 15.57 15.47 15.79 15.72 15.75 16.06 16.05 15.91 15.27 14.83 15.97 15.65 15.76 15.11 14.68 14.38 14.03 14.59 15.80 14.39 14.33 14.10 14.44 14.48 14.01 14.79 15.34 15.68 15.14 14.85 15.62 15.02 15.20 15.18 15.47 15.78 15.68 15.82
16.43 16.40 16.39 16.32 16.36 16.37 16.38 16.29 16.21 16.35 16.31 16.37 16.39 16.37 16.35 16.36 16.34 16.26 16.11 16.31 16.27 16.26 16.29 16.30 16.28 16.27 16.07 16.18 16.23 15.89 15.87 15.93 15.99 16.03 15.98 15.95 15.95 15.99 15.20 15.46 15.74 15.93 15.58 15.56 16.06 15.55 15.49 15.60 15.73 15.83 15.73 15.84 15.55 13.50 14.31 14.95 14.93 15.37 15.45 14.77 13.45 14.52 14.38 14.42 14.92 15.69 15.43 15.12 15.35 15.57 15.75 15.69 15.65 15.44 15.43 15.84 15.52
16.39 16.37 16.36 16.33 16.34 16.35 16.34 16.23 16.27 16.21 16.34 16.34 16.31 16.37 16.36 16.37 16.33 16.29 16.18 16.23 16.25 16.22 16.27 16.28 16.25 16.11 16.12 15.88 16.04 16.12 15.99 16.08 16.23 15.81 15.36 15.92 16.07 15.93 15.23 15.71 16.07 16.10 15.47 15.49 15.11 15.70 15.47 15.80 15.85 16.08 15.91 15.13 15.59 14.40 14.59 15.02 15.11 15.43 14.88 14.63 13.73 15.41 15.00 15.71 15.74 15.67 15.74 15.09 15.51 15.42 15.63 15.76 15.76 15.91 15.88 15.78 14.61
16.36 16.34 16.34 16.31 16.32 16.33 16.28 16.29 16.26 16.20 16.22 16.32 16.31 16.34 16.36 16.33 16.31 16.19 16.19 16.14 16.27 16.27 16.24 16.14 16.22 16.22 16.23 16.26 16.26 16.24 16.22 16.20 16.02 16.16 15.71 15.73 15.76 15.72 15.19 15.65 15.82 16.09 15.46 15.27 15.18 14.86 15.62 15.96 15.32 15.57 15.75 15.39 15.36 14.48 14.95 14.82 15.25 15.58 15.10 15.15 14.69 15.24 15.13 15.09 15.92 15.58 15.03 15.51 15.24 14.64 14.96 15.08 15.58 15.96 15.47 15.25 15.94
16.29 16.31 16.28 16.05 16.27 16.31 16.27 16.21 16.10 16.26 16.28 16.31 16.24 16.22 16.34 16.33 16.31 16.29 16.24 16.25 16.24 16.24 16.13 16.13 16.16 16.24 16.13 16.02 16.09 16.20 16.09 16.02 16.09 16.22 15.94 15.72 15.26 15.69 15.79 15.09 15.70 15.77 16.09 15.32 15.43 14.57 15.57 15.51 15.21 15.18 15.31 16.13 15.47 15.33 15.33 15.23 15.73 15.53 14.59 15.62 14.29 15.08 15.56 15.12 15.08 15.27 15.72 15.63 15.32 15.06 15.27 14.83 15.54 15.55 15.03 15.39 15.01
16.26 16.26 16.25 15.69 16.27 16.26 16.28 16.18 16.21 16.27 16.27 16.27 16.10 16.25 16.29 16.29 16.28 16.24 16.22 16.23 16.10 16.22 16.22 16.17 16.23 16.20 16.17 16.18 16.05 16.12 16.20 16.02 16.04 15.82 15.82 15.68 15.22 15.44 15.78 15.19 15.76 15.93 15.81 15.12 15.30 14.48 15.98 15.55 15.02 15.06 15.07 16.08 15.53 15.74 14.93 15.06 15.35 15.00 15.17 15.97 15.39 15.73 15.62 15.55 14.99 15.81 15.51 15.60 15.24 14.46 15.04 15.17 14.86 14.88 14.15 14.29 15.01
16.28 16.25 16.22 15.72 16.01 16.23 16.28 16.21 16.14 16.29 16.28 16.27 16.17 16.13 16.23 16.15 16.23 16.22 16.22 16.23 16.17 16.23 16.22 16.08 16.17 16.17 16.19 16.21 16.25 16.23 16.06 15.98 15.82 15.88 15.92 15.51 15.52 14.97 15.63 15.29 15.16 15.22 15.16 15.23 14.97 15.11 15.69 15.74 15.64 15.76 15.28 15.85 15.23 15.02 14.63 14.73 14.61 15.42 15.63 16.00 15.61 15.83 15.22 14.39 15.17 15.02 14.44 14.11 14.73 13.89 14.74 14.91 15.64 15.31 14.38 15.37 14.04
16.29 16.25 16.20 16.21 14.79 16.19 16.22 16.23 16.25 16.27 16.26 16.23 16.21 16.20 16.18 16.20 16.23 16.22 16.24 16.23 16.23 16.19 16.11 16.09 16.20 16.20 16.21 16.15 16.12 16.11 15.84 16.04 15.94 15.78 15.69 15.32 15.53 15.22 15.54 15.21 15.11 14.61 14.76 15.50 15.61 15.30 15.35 15.45 15.26 15.39 14.96 15.12 15.45 14.68 14.63 15.29 15.54 15.63 15.45 15.70 15.75 14.95 14.16 13.92 15.27 16.01 15.65 15.22 14.78 14.20 14.91 15.55 15.34 14.99 14.48 14.30 14.17
16.24 16.20 16.24 16.20 15.80 16.11 16.18 16.21 16.23 16.19 16.21 16.20 16.21 16.21 16.14 16.20 16.18 16.21 16.19 16.21 16.19 16.19 16.16 16.11 15.99 16.12 16.12 16.03 16.07 16.11 16.08 15.91 15.87 15.67 15.59 15.20 15.65 15.46 15.49 15.50 14.91 14.95 15.19 14.83 14.65 14.76 15.46 15.14 15.20 15.00 14.60 15.42 15.09 14.52 14.68 15.41 14.97 14.83 15.16 14.97 14.73 14.64 14.24 13.56 15.17 15.39 15.50 14.54 13.01 13.41 14.23 14.54 14.25 14.62 15.04 14.94 15.23
16.16 16.20 16.19 16.19 15.98 16.08 16.15 16.17 16.17 16.17 16.21 16.17 16.21 16.18 16.11 16.17 16.21 16.19 16.16 16.19 16.18 16.18 16.12 15.98 15.92 16.10 16.09 16.09 16.07 16.10 16.04 16.08 16.01 15.97 16.08 15.87 15.99 15.89 15.84 15.43 15.08 15.42 15.29 15.08 14.17 14.56 15.12 14.04 15.05 14.79 14.83 14.70 15.16 14.92 14.38 14.64 13.42 13.61 14.62 14.15 14.48 14.49 14.98 14.84 14.98 15.16 15.14 14.78 15.12 15.47 15.53 15.49 14.58 15.35 14.32 14.20 14.33
16.14 16.14 16.13 16.13 15.09 16.02 16.13 16.12 16.14 16.14 16.16 16.16 16.17 16.15 16.15 16.14 16.17 16.16 16.13 16.16 16.14 16.09 15.99 16.04 16.03 15.96 16.11 16.11 16.08 16.07 16.04 16.09 16.14 16.07 16.11 16.07 15.96 15.70 15.70 15.56 15.76 15.88 14.91 15.12 14.64 15.77 15.50 14.75 15.59 15.35 14.95 15.04 15.10 15.55 15.10 14.97 13.59 14.65 14.86 14.85 15.03 14.57 14.97 15.28 14.74 14.78 15.28 15.56 15.33 15.74 14.39 14.86 14.66 14.45 13.88 13.95 14.65
16.17 16.13 16.11 15.58 14.84 15.98 16.14 16.15 16.12 16.14 16.12 16.09 16.13 16.10 16.13 16.11 16.13 16.12 16.13 16.12 16.09 16.07 15.96 16.09 16.06 16.02 16.08 16.11 16.05 16.08 16.04 16.06 15.95 15.93 15.98 15.95 15.91 15.91 15.83 15.74 15.51 15.59 15.67 15.43 15.50 15.63 15.44 15.53 14.82 14.70 15.08 14.82 15.01 14.05 14.54 14.15 14.22 14.58 14.21 14.12 14.46 14.33 14.01 14.74 14.63 15.18 14.89 15.00 14.95 15.22 15.24 15.13 15.56 15.07 14.92 14.79 15.13
16.13 16.09 16.02 15.17 16.03 16.08 16.11 16.12 16.11 16.12 16.08 16.08 16.08 16.14 16.07 16.09 16.08 16.04 16.08 16.09 16.04 16.07 16.07 16.05 15.97 15.95 15.90 16.04 16.04 16.01 16.05 15.99 15.91 15.91 15.98 15.92 15.71 15.80 15.76 15.77 15.23 15.75 15.78 15.55 15.52 15.77 15.34 15.58 15.10 13.95 15.13 15.40 14.79 14.83 14.99 15.22 14.76 15.56 15.44 15.60 14.55 14.59 13.98 13.88 14.26 14.84 15.01 15.59 15.65 15.79 14.46 15.16 15.46 15.18 15.32 14.66 15.56
16.08 16.05 15.97 16.04 16.07 16.01 16.06 16.10 16.11 16.10 16.09 16.06 16.07 16.03 16.07 16.04 16.00 16.05 16.06 16.07 16.05 16.03 16.08 16.01 15.93 15.94 16.00 16.03 16.01 15.98 16.00 15.92 15.81 15.77 15.87 15.81 15.77 15.87 15.83 15.71 15.61 15.66 15.79 15.78 15.54 15.52 15.64 15.67 15.17 15.55 15.40 15.48 15.02 14.45 14.29 14.03 14.73 15.06 15.10 14.83 14.11 14.26 14.14 15.01 14.76 15.20 15.21 15.67 15.89 15.64 15.78 15.89 15.91 15.50 15.64 15.37 15.14
15.57 15.98 16.05 15.99 16.03 16.04 16.07 16.07 16.09 16.07 16.04 16.06 16.05 16.06 16.06 16.04 16.02 16.03 16.05 16.01 16.05 16.04 16.04 16.06 16.03 16.03 16.04 16.04 16.02 15.97 15.99 15.91 15.92 15.70 15.51 15.82 15.77 15.56 15.75 15.85 15.74 15.78 15.56 15.61 15.80 15.45 15.13 15.50 15.57 15.79 15.43 15.38 15.23 14.88 14.76 14.98 14.76 14.99 15.44 15.14 15.51 15.66 15.07 14.88 15.28 15.29 14.79 14.54 15.09 14.70 15.57 15.26 14.96 15.56 15.07 14.49 15.17
15.92 15.97 15.99 16.01 16.01 16.05 16.05 16.03 16.05 16.03 16.03 16.03 16.00 16.03 15.94 16.00 15.98 15.99 15.97 15.99 15.99 16.02 16.00 16.02 16.00 16.00 16.01 16.01 15.96 15.98 15.97 15.95 15.82 15.60 15.51 15.77 15.87 15.68 15.75 15.68 15.75 15.75 15.44 15.84 15.73 15.40 14.40 15.32 15.27 15.19 15.05 15.27 14.92 14.57 15.57 15.28 15.82 15.54 14.92 15.20 15.68 15.35 14.80 15.09 15.15 15.30 15.21 15.51 15.42 15.19 15.33 14.58 14.00 14.55 15.01 15.45 15.29
15.99 15.93 15.97 15.90 15.96 15.99 16.02 16.00 16.00 16.02 16.02 15.99 15.97 15.97 15.99 15.98 16.01 15.94 15.98 15.99 15.94 15.96 15.96 15.97 16.02 16.01 16.00 15.94 15.94 15.94 15.89 15.87 15.82 15.80 15.62 15.67 15.60 15.71 15.68 15.55 15.36 15.52 15.66 15.37 15.86 15.67 15.32 15.36 15.02 15.16 15.33 15.44 15.48 15.04 15.56 15.50 15.55 15.00 14.47 14.26 15.56 15.08 14.23 15.04 15.30 14.97 15.33 15.09 14.58 15.00 14.58 13.41 14.28 15.22 15.08 14.77 14.34
15.85 15.94 15.91 15.90 15.79 15.86 15.94 15.92 15.96 15.95 16.00 15.95 15.91 15.86 16.02 15.97 15.78 15.84 15.87 15.86 15.84 15.90 15.95 15.96 15.96 15.98 15.95 15.97 15.93 15.90 15.88 15.59 15.58 15.63 15.56 15.84 15.73 15.61 15.38 15.25 15.46 15.29 15.17 15.19 15.33 15.80 15.79 15.42 14.91 14.93 14.10 15.60 15.29 15.06 15.75 15.70 15.33 14.97 14.23 15.18 15.55 14.22 14.21 14.19 13.83 14.78 15.36 14.97 14.28 14.46 14.27 14.36 15.21 15.25 15.05 15.15 14.17
15.94 15.98 15.86 15.82 15.79 15.79 15.79 15.90 15.90 15.89 15.87 15.95 16.00 15.95 15.92 15.76 15.83 15.72 15.76 15.71 15.79 15.76 15.88 15.86 15.88 15.92 15.84 15.86 15.85 15.83 15.80 15.47 15.38 15.61 15.70 15.66 15.30 15.45 15.70 15.51 15.06 15.43 15.28 15.45 15.30 15.61 15.72 15.80 15.50 13.83 14.03 15.13 14.54 15.22 15.18 14.82 14.87 14.49 14.15 15.38 15.38 15.21 14.25 13.06 13.06 14.98 14.40 14.16 13.73 13.51 13.75 14.39 14.40 13.94 14.97 14.78 14.59
15.91 15.84 15.84 15.83 15.71 15.82 15.86 15.92 15.90 15.72 15.88 15.90 15.92 15.89 15.85 15.83 15.89 15.94 15.92 15.61 15.52 15.72 15.66 15.75 15.74 15.55 15.65 15.75 15.80 15.79 15.71 15.55 15.72 15.55 15.57 15.50 15.52 15.41 15.49 15.08 15.08 15.31 15.15 14.89 15.39 15.42 15.73 15.62 15.72 15.26 15.48 14.87 14.63 15.33 14.51 15.15 15.41 14.49 13.75 14.44 15.14 15.31 14.66 14.37 14.68 14.42 14.12 13.62 14.09 14.11 15.06 14.53 13.23 12.88 14.29 14.52 13.24
15.82 15.79 15.83 15.84 15.75 15.84 15.78 15.74 15.76 15.82 15.79 15.85 15.88 15.84 15.90 15.93 15.75 15.64 15.41 15.71 15.77 15.68 15.70 15.50 15.53 15.71 15.69 15.73 15.71 15.46 15.51 15.53 15.57 15.35 15.01 15.16 15.51 15.34 15.17 15.50 15.45 15.05 15.11 15.33 15.16 15.41 15.63 15.47 15.68 15.49 15.53 15.10 15.19 13.83 13.02 15.12 14.73 14.08 14.74 15.26 15.52 14.83 14.31 13.97 13.52 14.25 15.13 14.45 14.45 13.50 13.59 13.16 13.32 12.84 14.91 14.56 12.80
15.77 15.65 15.75 15.79 15.75 15.68 15.73 15.66 15.56 15.75 15.84 15.83 15.77 15.94 15.86 15.80 15.81 15.76 15.63 15.81 15.78 15.61 15.71 15.61 15.76 15.52 15.58 15.43 15.47 15.70 15.67 15.40 15.47 15.13 15.09 15.04 15.07 15.37 15.48 15.33 15.38 15.50 15.31 15.36 15.31 15.58 15.05 15.64 15.79 15.62 15.37 15.00 14.89 13.73 14.58 14.99 14.29 14.29 15.00 14.98 15.12 14.79 14.09 12.33 13.73 15.05 15.21 15.06 14.68 14.61 13.90 12.68 13.41 13.56 13.39 13.20 12.68
15.73 15.77 15.72 15.69 15.75 15.63 15.53 15.60 15.64 15.58 15.37 15.62 15.51 15.76 15.75 15.64 15.62 15.54 15.43 15.58 15.58 15.26 15.22 15.58 15.57 15.51 15.22 15.02 15.24 15.21 15.20 15.27 15.19 15.16 15.10 14.87 15.13 15.38 15.48 15.29 15.04 15.55 15.43 14.60 14.61 14.42 14.93 15.31 14.66 15.07 15.67 15.31 15.54 15.56 15.43 14.99 14.48 14.81 14.34 14.66 14.94 14.98 13.21 13.73 14.66 14.63 13.47 12.84 13.65 13.26 13.13 13.13 13.30 13.84 14.07 13.93 13.23
15.72 15.72 15.74 15.72 15.78 15.64 15.69 15.55 15.57 15.34 15.40 15.52 15.40 15.55 15.68 15.63 15.61 15.66 15.65 15.45 15.26 15.18 15.37 15.57 15.35 15.32 15.29 15.28 15.62 15.34 15.38 15.32 15.45 15.33 14.87 15.13 15.02 14.95 14.90 15.19 15.52 15.29 15.38 15.06 15.18 14.51 14.71 14.51 13.31 15.23 14.58 14.55 15.27 15.11 15.26 14.75 14.71 15.06 15.37 14.73 14.61 14.16 13.43 14.15 15.39 14.97 14.02 12.62 12.96 13.11 13.47 14.20 13.55 13.48 14.69 14.80 14.74
15.80 15.78 15.74 15.65 15.61 15.70 15.79 15.74 15.63 15.48 15.41 15.17 15.29 15.42 15.60 15.56 15.67 15.59 15.63 15.33 15.48 15.62 15.55 15.03 15.18 15.17 15.33 15.56 15.54 15.35 15.09 14.96 14.95 15.15 14.64 14.83 14.70 14.80 14.94 14.93 15.21 15.62 15.45 15.27 15.27 14.41 15.43 15.07 14.39 15.06 14.58 15.22 14.90 15.08 15.61 14.32 13.69 14.09 14.95 15.13 14.34 14.37 13.14 13.66 15.19 14.76 13.43 13.07 14.13 13.89 13.81 13.69 12.69 13.26 14.76 14.17 14.27
15.50 15.49 15.51 15.53 15.54 15.55 15.51 15.58 15.38 15.29 15.19 15.44 15.17 15.00 15.37 15.30 15.46 15.52 15.61 15.19 15.45 15.52 15.33 14.67 14.65 14.89 15.25 14.80 15.17 14.91 15.44 15.32 14.88 14.11 14.79 14.84 15.19 15.02 15.58 14.84 15.33 15.59 15.44 15.41 15.50 15.22 15.49 15.02 14.51 15.07 14.40 14.72 14.53 14.84 15.11 14.47 14.67 14.66 15.10 15.52 14.99 14.16 14.87 15.06 15.70 15.45 13.90 13.19 14.19 14.49 14.59 13.29 13.02 14.23 15.23 14.75 13.25
15.58 15.65 15.55 15.51 15.58 15.28 15.11 15.22 15.21 15.43 15.39 15.34 15.42 15.63 15.45 15.31 15.34 15.33 15.18 15.42 15.37 15.24 14.64 14.60 15.03 15.17 14.98 14.61 14.76 15.27 15.22 15.47 15.08 15.17 15.25 15.07 15.28 15.30 15.47 15.38 15.07 15.21 14.99 15.27 15.40 15.14 15.36 14.71 14.96 14.60 15.08 14.67 14.42 14.92 14.10 14.71 14.55 14.76 15.45 15.64 14.67 15.45 15.65 15.03 15.26 15.33 14.72 14.38 14.14 14.62 14.96 15.07 14.54 14.59 15.01 14.51 13.45
15.62 15.70 15.69 15.43 15.42 15.22 15.59 15.70 15.60 15.58 15.48 15.56 15.33 15.37 15.45 15.24 15.15 15.29 15.10 14.82 14.91 14.39 14.35 15.42 15.37 14.96 14.90 15.19 15.13 15.30 14.86 14.76 15.00 15.17 15.02 15.04 15.24 14.86 15.34 14.41 15.08 14.71 14.26 14.65 14.87 14.86 15.30 15.18 15.07 15.06 15.13 15.43 14.67 14.87 15.13 15.09 14.76 15.39 15.58 15.45 14.73 15.52 14.19 14.41 15.20 14.59 14.86 14.29 15.14 14.84 15.02 14.69 14.01 13.96 14.05 13.85 13.86
15.54 15.54 15.48 15.51 15.47 15.74 15.60 15.60 15.60 15.67 15.59 15.25 15.44 15.17 15.23 15.28 15.59 15.51 15.35 15.37 15.10 14.94 15.09 15.18 14.72 14.84 14.48 15.13 14.92 14.47 14.67 14.43 14.89 15.16 15.18 15.34 14.89 14.62 15.09 15.15 15.20 14.96 14.62 14.61 15.02 15.40 15.39 15.44 15.35 15.53 15.31 15.35 15.11 14.05 14.08 14.78 14.85 14.80 14.21 14.54 14.69 15.53 14.07 14.39 14.91 14.75 14.97 15.18 13.85 13.74 14.03 14.11 14.15 13.70 13.03 12.71 13.06
15.47 15.48 15.53 15.38 15.69 15.32 15.19 15.12 15.21 14.97 15.27 14.85 15.18 15.25 15.22 15.20 15.04 15.10 15.35 15.48 14.85 15.20 15.30 15.16 14.61 14.51 14.74 14.56 14.59 14.47 14.61 14.82 15.09 15.10 15.32 15.04 15.05 15.54 15.32 15.35 15.06 14.26 13.92 14.36 14.78 15.06 15.00 15.30 15.25 15.43 15.16 14.91 15.28 14.96 15.33 15.08 14.98 12.61 13.36 14.47 14.87 15.60 14.53 14.74 14.82 14.78 14.98 15.08 13.94 12.39 13.01 12.71 14.04 14.36 12.64 12.53 14.11
15.67 15.48 15.62 15.63 15.34 15.27 15.30 15.63 15.42 15.61 15.60 15.55 15.59 15.38 15.63 15.60 15.41 14.92 15.16 15.13 15.38 15.38 15.27 14.66 14.95 15.03 15.15 14.99 15.26 15.10 14.81 14.85 15.07 15.13 15.12 15.12 15.16 14.56 14.94 14.78 14.00 14.84 14.73 14.72 14.47 13.62 13.27 14.61 15.35 15.46 15.37 15.14 15.33 14.74 15.06 15.08 15.16 13.80 14.45 14.12 14.96 15.17 14.65 13.78 14.49 14.13 15.44 15.13 14.41 12.87 12.35 12.66 13.34 14.76 13.33 14.14 14.19
15.71 15.67 15.38 15.25 15.29 15.64 15.61 15.58 15.53 15.54 15.63 15.47 15.55 15.35 15.44 15.43 15.14 15.58 15.33 15.22 15.20 15.01 14.49 15.14 15.28 14.78 14.68 15.47 15.41 15.41 15.09 15.12 15.11 14.84 14.70 14.78 15.06 15.21 15.11 14.82 14.69 15.02 14.97 15.00 14.27 14.00 13.95 14.31 15.12 15.31 14.10 14.59 15.16 15.47 15.04 14.68 14.89 14.94 14.83 14.02 14.26 14.81 13.85 13.87 14.81 14.87 14.15 14.02 13.24 11.91 12.36 13.48 14.91 15.29 14.20 12.98 11.50
15.43 15.21 15.33 15.60 15.62 15.61 15.45 15.42 15.10 15.45 14.95 15.14 15.08 15.22 14.85 15.29 15.22 15.34 15.52 15.43 15.58 15.56 15.19 15.07 15.31 15.32 14.86 14.74 14.82 14.89 15.22 14.99 15.02 15.15 14.83 14.78 14.86 15.33 15.02 14.42 14.58 15.06 14.92 13.96 14.37 14.31 14.25 14.06 13.67 14.26 13.88 14.16 14.55 14.61 14.25 14.91 14.85 15.18 14.60 14.84 14.65 14.69 15.17 13.91 14.45 14.25 13.92 13.40 12.49 12.81 14.10 14.62 15.08 14.71 13.42 13.58 12.69
15.44 15.40 15.61 15.61 15.43 15.13 15.37 15.01 15.28 15.04 15.44 15.20 15.43 15.40 15.40 15.35 15.14 15.28 15.13 14.88 15.06 15.48 15.42 15.33 15.28 15.34 14.46 15.00 15.16 15.36 14.77 14.91 15.17 15.13 15.37 15.34 15.30 15.31 15.00 14.42 14.80 15.07 14.17 13.32 14.34 14.20 14.66 14.68 14.51 12.95 13.22 13.84 14.57 13.98 13.41 14.04 13.86 13.89 13.55 14.67 14.02 14.52 15.40 14.55 13.49 13.01 14.25 14.27 13.78 14.08 14.00 14.19 13.68 13.98 14.08 13.28 13.28
