BOM_solar_grid_data_201906/2019061320190613.grid
ncols 839
nrows 679
xllcenter 112.0500
yllcenter -43.9500
cellsize 0.0500
nodata_value 99999.90
[rows 476 to 509 of 679, columns 539 to 615 of 839]
10.09 10.42 10.51 10.42 10.72 10.80 10.96 11.01 11.01 11.01 10.98 11.02 11.02 11.01 11.00 11.04 10.73 10.34 10.58 10.84 10.90 10.91 10.87 10.83 10.79 10.87 10.91 10.77 10.77 10.75 10.80 10.72 10.85 10.63 10.47 10.77 10.87 10.83 10.96 10.86 10.75 10.67 10.85 10.99 10.93 11.00 11.01 11.00 11.00 10.98 10.98 10.94 10.98 11.04 11.05 11.03 11.03 11.03 11.05 11.04 11.01 10.88 10.75 10.81 10.88 10.73 10.72 10.85 10.86 10.75 10.63 10.54 10.74 11.05 11.04 11.01 10.96
9.63 9.80 9.91 10.28 10.40 10.77 10.88 10.97 11.07 11.01 11.04 11.08 11.08 11.05 10.95 10.72 10.69 10.09 10.67 10.75 10.59 10.64 10.56 10.58 10.81 10.85 10.90 10.85 10.82 10.78 10.73 10.83 10.84 10.97 10.86 10.92 10.92 10.85 10.85 10.93 10.91 10.92 10.83 10.90 10.90 10.99 10.88 11.00 10.96 10.98 10.98 10.98 10.94 10.97 10.97 10.96 10.96 10.98 10.98 10.99 10.99 11.01 10.94 10.84 10.74 10.83 10.76 10.80 10.66 10.67 10.93 10.95 10.79 10.68 10.85 10.92 10.91
9.25 9.87 10.45 10.72 10.91 10.91 10.71 10.90 10.96 10.98 10.99 11.03 10.92 10.95 10.51 9.92 9.81 9.79 10.20 10.56 10.62 10.31 10.63 10.55 10.67 10.74 10.83 10.49 10.65 10.70 10.87 10.91 10.91 10.79 10.80 10.86 10.93 10.93 10.94 11.00 11.02 10.95 10.90 10.88 10.90 10.99 10.88 10.99 10.86 10.81 10.87 10.90 10.75 10.90 10.91 10.95 10.95 10.95 10.96 10.98 10.96 10.98 10.91 10.91 10.80 10.84 10.73 10.89 10.84 10.88 10.64 10.61 10.59 10.67 10.74 10.64 10.79
9.30 9.98 9.97 10.14 10.64 10.75 10.53 10.76 10.86 10.72 10.88 10.63 10.50 10.38 10.32 10.47 10.29 10.48 9.96 9.87 10.42 10.50 10.64 10.65 10.75 10.57 10.75 10.76 10.68 10.68 10.97 10.96 10.95 10.93 10.93 11.02 10.97 10.97 10.95 10.99 10.98 10.99 10.92 10.90 10.90 10.90 10.99 10.99 10.88 10.86 10.91 10.83 10.82 10.85 10.80 10.85 10.93 10.96 10.96 10.99 11.00 10.92 10.65 10.73 10.78 10.82 10.88 10.76 10.72 10.57 10.78 10.61 10.67 10.71 10.44 10.53 10.73
9.54 9.97 10.42 10.40 10.60 10.76 10.81 10.89 10.82 10.57 10.78 10.24 10.03 9.92 10.22 10.54 10.36 10.49 10.48 10.57 10.37 10.70 10.62 10.55 10.31 10.11 10.38 10.46 10.39 10.61 10.72 10.94 10.92 10.93 10.98 10.98 10.90 10.89 10.92 10.94 10.88 10.79 10.81 10.90 10.85 10.85 10.91 10.91 10.89 10.89 10.92 10.88 10.92 10.90 10.94 10.95 10.99 11.00 10.95 10.98 10.97 10.97 10.90 10.70 10.58 10.68 10.60 10.81 10.84 10.79 10.83 10.77 10.75 10.75 10.74 10.65 10.66
9.19 9.13 10.23 10.81 10.54 10.79 10.77 10.80 10.68 10.68 10.68 10.07 10.17 10.32 10.36 10.32 10.68 10.54 9.59 10.47 10.38 10.79 10.60 10.63 10.69 10.37 10.75 10.64 10.66 10.77 10.76 10.87 10.90 10.88 10.89 10.87 10.80 10.69 10.60 10.81 10.74 10.81 10.85 10.85 10.84 10.85 10.88 10.92 10.92 10.91 10.89 10.89 10.94 10.92 10.93 10.91 10.95 10.97 10.86 10.82 10.77 10.80 10.81 10.82 10.88 10.76 10.80 10.77 10.91 10.84 10.88 10.74 10.73 10.62 10.42 10.56 10.45
9.36 9.71 9.81 10.17 10.21 10.77 10.81 10.83 10.74 10.64 10.01 10.11 10.04 10.22 10.36 10.48 10.69 10.50 10.54 10.78 10.68 10.79 10.62 10.75 10.69 10.76 10.82 10.73 10.73 10.76 10.69 10.68 10.54 10.57 10.64 10.89 10.80 10.82 10.84 10.86 10.78 10.73 10.85 10.89 10.89 10.88 10.86 10.87 10.86 10.85 10.90 10.94 10.87 10.92 10.93 10.93 10.92 10.91 10.89 10.88 10.68 10.66 10.74 10.70 10.82 10.86 10.86 10.66 10.68 10.84 10.64 10.61 10.38 10.47 10.40 10.56 10.39
9.71 10.20 10.40 10.71 10.81 10.83 10.84 10.86 10.67 10.38 9.88 10.22 10.21 10.38 10.63 10.48 10.74 10.66 10.76 10.79 10.57 10.76 10.56 10.40 10.50 10.30 10.58 10.46 10.77 10.72 10.43 10.24 10.60 10.71 10.80 10.81 10.82 10.88 10.87 10.83 10.78 10.80 10.85 10.87 10.90 10.87 10.89 10.89 10.91 10.90 10.87 10.86 10.90 10.94 10.93 10.93 10.94 10.90 10.92 10.94 10.92 10.84 10.84 10.88 10.82 10.76 10.64 10.64 10.66 10.48 10.47 10.52 10.52 10.55 10.45 10.38 10.20
10.06 10.15 9.48 10.17 10.42 10.66 10.83 10.86 10.56 9.32 9.60 9.46 10.05 10.48 10.60 10.29 10.37 10.59 10.69 10.85 10.76 10.85 10.87 10.83 10.90 10.67 10.81 10.75 10.30 10.34 10.25 10.30 10.07 10.52 10.55 10.80 10.79 10.73 10.77 10.80 10.76 10.75 10.75 10.76 10.82 10.84 10.87 10.84 10.89 10.90 10.90 10.89 10.90 10.92 10.94 10.94 10.94 10.93 10.93 10.95 10.85 10.81 10.81 10.71 10.45 10.65 10.60 10.61 10.54 10.55 10.62 10.52 10.49 10.59 10.48 10.31 10.50
9.75 10.01 9.10 9.52 10.16 10.74 10.69 10.80 10.82 9.64 8.28 9.42 10.34 10.48 10.60 10.66 10.65 10.42 10.28 9.94 9.94 10.72 10.72 10.38 10.68 10.51 10.67 10.60 10.44 10.27 10.14 10.09 10.54 10.77 10.62 10.69 10.75 10.86 10.80 10.77 10.72 10.72 10.66 10.80 10.87 10.77 10.86 10.91 10.91 10.92 10.93 10.92 10.81 10.79 10.93 10.92 10.92 10.91 10.92 10.93 10.90 10.82 10.75 10.79 10.83 10.77 10.48 10.62 10.67 10.55 10.43 10.58 10.43 10.40 10.35 10.47 10.42
9.82 9.31 8.47 9.05 9.78 10.15 10.31 10.35 9.98 8.90 8.27 9.52 10.47 10.18 10.25 10.76 10.75 10.28 10.17 10.57 10.40 10.67 10.75 10.74 10.60 10.66 10.74 10.70 10.64 10.45 10.27 10.51 10.57 10.63 10.75 10.71 10.85 10.88 10.85 10.83 10.68 10.65 10.75 10.76 10.76 10.88 10.87 10.86 10.87 10.89 10.89 10.79 10.78 10.76 10.89 10.88 10.88 10.83 10.86 10.85 10.84 10.79 10.69 10.71 10.73 10.76 10.64 10.59 10.56 10.70 10.68 10.54 10.65 10.59 10.44 10.57 10.52
8.41 8.72 8.36 9.36 9.29 9.58 9.89 9.91 9.46 8.90 8.81 9.10 10.31 10.59 10.62 10.52 10.56 10.25 10.33 10.56 10.41 10.48 10.59 10.51 10.50 10.65 10.55 10.64 10.58 10.61 10.20 10.37 10.33 9.95 10.33 10.69 10.53 10.64 10.76 10.49 10.67 10.70 10.74 10.74 10.60 10.74 10.83 10.83 10.81 10.83 10.84 10.81 10.77 10.66 10.80 10.87 10.85 10.87 10.79 10.83 10.83 10.82 10.81 10.81 10.85 10.77 10.80 10.70 10.64 10.49 10.50 10.32 10.46 10.14 10.48 10.50 10.43
9.78 9.72 9.16 9.53 9.31 9.79 10.00 9.90 9.26 9.05 9.14 9.94 10.07 10.38 10.40 10.44 10.50 10.45 10.60 10.59 10.41 10.46 10.39 10.45 10.41 10.41 10.22 10.46 10.62 10.62 10.37 10.27 10.28 10.48 10.75 10.46 10.64 10.58 10.66 10.33 10.44 10.53 10.56 10.58 10.57 10.63 10.74 10.54 10.73 10.75 10.82 10.80 10.80 10.79 10.85 10.78 10.84 10.83 10.83 10.85 10.83 10.84 10.84 10.84 10.82 10.80 10.71 10.62 10.61 10.55 10.51 10.46 10.43 10.45 10.45 10.64 10.51
9.35 8.11 8.28 7.98 9.30 10.04 10.09 9.81 8.93 8.60 8.99 9.99 10.01 10.32 10.32 10.30 10.39 10.44 10.15 10.38 10.50 10.54 10.49 10.49 10.42 10.49 10.60 10.58 10.44 10.51 10.50 10.35 10.29 10.16 10.22 10.74 10.74 10.54 10.62 10.30 10.41 10.27 10.19 10.00 10.22 10.25 10.46 9.85 10.71 10.75 10.80 10.75 10.77 10.67 10.77 10.79 10.82 10.67 10.80 10.80 10.77 10.78 10.81 10.82 10.78 10.68 10.68 10.67 10.65 10.60 10.62 10.63 10.43 10.19 10.45 10.41 10.26
7.06 6.19 6.67 7.83 9.08 9.44 9.88 9.27 8.63 8.35 9.01 9.76 9.97 9.97 10.16 10.17 10.21 10.46 9.97 10.40 10.49 10.55 10.55 10.60 10.65 10.62 10.60 10.43 10.67 10.63 10.67 10.35 9.97 10.48 10.63 10.32 10.16 10.04 10.01 9.96 9.88 10.05 10.19 9.95 10.10 10.44 10.62 10.57 10.24 9.97 10.51 10.41 10.17 10.17 10.41 10.42 10.22 10.44 10.34 10.53 10.48 10.59 10.74 10.71 10.70 10.75 10.75 10.57 10.54 10.63 10.65 10.64 10.21 10.44 10.51 10.42 10.50
4.76 6.30 6.48 8.20 9.22 9.70 9.91 8.92 8.69 8.63 8.94 9.63 10.15 10.08 10.35 10.31 10.16 10.25 10.48 10.41 10.48 10.52 10.44 10.35 10.54 10.54 10.60 10.37 10.48 10.46 10.47 10.39 10.32 9.80 9.77 9.95 10.54 10.63 10.60 10.35 10.08 10.11 10.18 10.20 10.21 10.36 10.04 10.34 9.27 9.97 10.00 10.13 9.92 10.22 10.21 10.11 10.05 10.17 9.82 10.22 10.59 10.42 10.44 10.77 10.66 10.63 10.54 10.38 10.35 10.46 10.37 10.42 10.40 10.40 10.45 10.37 10.35
5.87 6.95 7.28 8.72 9.38 9.58 9.83 8.74 8.90 8.43 9.60 10.30 10.41 10.33 10.32 10.37 10.39 10.15 10.29 10.41 10.33 10.29 10.34 10.22 10.57 10.50 10.49 10.49 10.40 10.22 10.52 9.62 9.71 9.63 10.09 10.27 10.69 10.63 10.74 10.69 10.44 10.12 9.72 10.01 10.34 10.41 10.07 9.67 10.02 10.36 10.21 10.26 10.06 9.93 10.20 10.27 10.12 10.05 10.38 10.35 10.54 10.64 10.72 10.75 10.75 10.44 10.25 10.31 10.36 10.08 10.42 10.43 10.37 10.30 10.34 10.37 10.37
6.50 7.13 7.56 9.00 9.51 9.47 9.82 9.09 9.17 9.44 9.89 10.44 10.28 10.18 10.19 10.27 10.28 10.49 10.40 10.46 10.42 10.46 10.44 10.37 10.57 10.16 10.22 10.55 10.47 10.64 10.45 10.38 10.34 10.49 10.40 10.36 10.53 10.43 10.52 10.60 10.26 9.95 9.96 9.79 10.44 10.25 10.43 10.18 10.38 9.85 9.89 9.94 10.03 10.38 10.28 9.96 10.35 10.08 10.19 10.21 10.64 10.69 10.55 10.69 10.58 10.31 10.33 10.21 10.23 10.36 10.46 10.29 10.52 10.56 10.55 10.41 10.47
6.31 6.85 7.90 8.80 9.52 9.78 10.10 10.05 9.88 9.82 9.92 10.04 10.11 10.28 10.28 10.28 10.31 10.46 10.52 10.56 10.56 10.28 9.97 10.26 10.51 10.57 10.14 10.56 10.45 10.30 10.48 10.32 10.41 10.48 10.38 10.42 10.24 10.08 10.58 10.49 10.35 9.98 9.79 9.56 10.01 10.22 9.94 9.88 10.11 10.36 9.71 9.94 9.83 10.00 10.20 10.04 10.29 10.15 10.17 10.14 10.33 10.59 10.35 10.19 10.40 10.41 10.10 10.18 10.50 10.43 10.50 10.47 10.50 10.26 10.48 10.50 10.63
7.28 7.46 8.18 9.41 9.77 10.03 10.19 10.33 9.71 10.05 9.90 9.57 9.86 9.93 10.32 10.39 10.36 10.44 10.42 10.46 10.33 10.05 10.28 10.21 10.51 10.31 10.53 10.45 10.51 10.20 10.38 10.32 9.96 10.37 10.32 10.24 9.95 10.37 10.34 10.37 10.23 10.23 9.89 9.80 9.83 9.78 9.58 9.89 9.88 10.05 9.89 10.19 10.14 10.10 10.18 10.24 9.74 10.16 10.43 9.79 9.69 10.13 10.16 10.06 10.42 10.29 10.26 10.20 10.37 10.20 9.91 9.77 9.86 10.28 10.32 10.39 10.64
7.40 7.70 8.93 9.65 10.04 10.20 10.29 10.34 10.18 10.06 9.77 9.62 9.69 9.52 10.23 9.92 9.86 9.78 10.15 10.37 10.41 9.90 9.68 9.58 10.15 10.28 10.46 10.34 10.24 10.41 10.08 9.92 10.10 10.14 10.03 9.80 9.88 9.53 10.11 10.17 9.99 9.93 9.81 9.84 9.44 9.78 9.65 9.82 9.52 9.99 10.24 10.05 10.12 10.02 10.22 9.66 9.94 10.13 10.03 9.72 9.90 10.08 10.01 9.85 9.76 10.04 10.15 10.16 10.14 9.97 9.83 9.97 9.42 9.88 10.22 10.26 10.10
7.00 7.55 8.90 10.01 10.27 10.33 10.36 10.34 10.26 10.28 10.32 10.16 10.04 10.09 9.90 9.14 9.92 10.13 10.39 10.47 10.46 10.45 10.18 9.76 9.87 9.89 9.62 9.71 9.75 9.76 9.83 9.66 9.89 9.61 9.95 9.61 9.55 9.95 10.26 9.55 9.63 9.66 9.58 10.06 10.27 9.59 9.44 9.96 9.48 9.90 9.75 9.69 10.32 9.90 9.76 9.92 9.57 9.37 9.78 9.47 9.75 10.03 10.21 9.68 9.96 9.99 10.01 10.18 9.83 10.10 9.99 9.86 9.62 9.41 9.66 9.82 10.29
8.30 8.98 9.47 9.84 9.99 10.22 10.24 10.29 10.14 9.96 10.24 9.98 10.11 10.12 9.51 9.19 9.18 10.41 10.37 10.44 10.26 10.30 10.10 9.70 9.10 9.20 9.29 9.55 9.77 9.31 9.96 9.44 9.31 9.33 9.42 9.77 9.98 9.68 10.13 10.12 9.89 9.37 9.35 9.46 9.58 9.72 9.78 9.88 9.45 9.31 9.77 9.22 9.52 9.69 9.66 9.70 9.30 9.51 9.55 9.56 9.66 10.26 10.33 10.20 10.24 9.74 9.43 9.83 9.90 10.20 10.00 10.07 9.88 10.02 10.43 10.39 10.22
9.55 9.98 10.13 10.21 10.24 10.31 10.33 10.25 9.86 10.15 9.69 9.92 9.85 9.79 9.39 9.42 8.68 8.31 9.84 9.85 9.68 9.10 9.52 9.05 8.94 8.94 9.07 9.19 10.13 10.08 9.91 9.24 9.60 9.76 9.22 9.64 9.41 9.37 9.93 9.79 9.57 9.96 9.94 8.90 9.59 9.56 9.33 9.06 9.47 8.97 9.18 9.21 9.72 9.84 9.78 10.05 9.88 9.18 9.44 9.52 9.36 9.80 10.16 10.38 10.22 10.18 10.31 10.01 9.79 9.95 9.94 10.27 10.27 10.48 10.52 10.56 10.53
9.86 10.22 10.31 10.28 10.25 10.23 10.27 10.20 9.81 10.08 9.83 9.93 9.76 9.82 9.58 9.00 8.93 9.58 9.47 10.13 10.04 9.06 9.31 8.39 8.94 9.37 8.94 9.02 9.56 9.92 10.12 9.53 9.16 9.83 9.95 9.88 9.88 9.87 9.79 10.17 10.15 9.88 9.76 9.52 9.58 9.86 9.63 9.35 9.17 9.32 9.71 9.71 9.94 9.51 9.78 9.75 9.59 9.86 9.99 9.70 9.97 9.84 9.99 10.25 10.09 10.03 10.17 10.17 9.94 10.17 9.87 9.93 10.21 10.25 10.54 10.53 10.54
9.66 10.11 10.15 10.15 10.12 9.97 10.19 9.74 9.39 9.26 9.45 9.60 9.66 10.04 9.64 9.20 8.90 9.12 9.24 10.01 10.14 9.70 9.65 9.06 9.17 9.27 9.35 9.66 9.59 10.08 9.79 9.75 9.86 9.89 9.73 10.02 9.80 9.80 9.92 10.13 10.52 10.11 10.06 9.96 10.05 9.92 9.96 9.69 9.49 9.82 10.28 10.07 9.97 10.41 10.26 9.75 9.64 9.95 10.15 9.99 9.85 9.77 10.26 10.48 10.46 10.32 10.43 10.33 10.24 10.19 10.23 10.07 10.12 10.34 10.41 10.36 10.51
10.09 10.31 10.19 10.12 10.06 10.16 10.01 9.66 9.34 9.25 9.46 9.20 9.50 9.71 9.71 9.31 8.47 9.53 9.22 9.76 9.92 9.03 9.28 9.49 9.37 9.24 8.97 9.07 8.85 9.66 10.36 10.38 10.18 10.37 10.04 10.18 10.05 10.18 9.94 10.01 10.34 10.52 10.13 10.20 10.09 10.19 10.08 9.67 9.63 10.05 10.01 9.94 10.12 10.08 10.04 10.45 10.15 10.34 9.95 10.12 9.99 9.70 9.87 10.25 10.30 10.31 9.88 9.83 10.17 10.16 9.96 10.13 9.78 10.01 10.13 10.27 10.42
10.30 9.99 9.81 9.74 9.88 9.98 10.08 10.03 10.15 9.86 9.35 9.97 9.99 9.48 9.66 8.88 8.81 9.48 9.80 9.75 9.96 9.96 9.81 9.43 9.55 9.55 9.69 9.67 9.78 10.04 10.47 10.25 10.44 10.13 10.05 10.32 10.48 10.35 10.24 9.87 10.11 10.23 10.04 10.35 10.21 10.22 10.18 10.14 9.49 9.79 9.86 9.62 9.92 9.92 9.88 9.87 9.89 10.05 9.73 10.23 10.06 10.20 10.14 9.75 9.84 10.15 10.08 10.04 9.97 10.03 10.00 9.95 9.93 9.96 10.27 10.10 9.93
10.14 10.01 9.78 9.29 9.38 9.22 9.73 9.80 9.85 9.82 9.14 9.59 9.75 9.32 9.22 8.74 8.57 9.49 10.05 10.18 9.85 9.58 9.67 9.63 9.61 10.01 10.07 10.44 9.99 9.85 10.34 10.09 9.95 9.74 10.20 9.87 10.07 10.44 10.40 9.88 9.64 9.50 9.58 9.35 10.08 9.90 9.56 9.93 9.90 9.74 9.26 9.45 9.83 9.85 9.56 9.64 10.01 10.30 10.20 9.97 10.17 10.18 10.11 9.81 9.74 9.83 10.18 9.80 10.00 10.33 10.37 9.67 9.81 10.10 9.91 9.74 10.01
10.04 9.82 9.57 9.59 9.08 9.39 9.39 9.89 9.83 9.76 9.32 9.61 9.62 9.49 8.65 8.37 8.69 9.16 9.31 9.35 9.42 8.96 9.13 8.98 9.03 9.07 9.72 9.79 9.26 9.63 9.59 9.69 9.59 9.52 9.64 10.06 10.13 10.36 10.08 10.18 10.03 10.25 9.28 9.87 9.86 9.79 10.18 10.03 10.00 10.00 10.18 9.20 9.20 9.74 9.72 9.43 9.24 9.97 10.33 9.84 10.04 10.25 10.11 9.94 9.91 10.12 9.58 10.12 9.92 9.70 10.19 10.15 10.06 10.10 9.91 10.25 10.29
9.15 9.48 8.95 9.59 9.08 9.39 8.85 8.79 9.45 9.80 9.46 9.23 9.71 9.53 8.92 8.63 8.49 8.23 8.96 9.52 9.21 9.95 9.77 8.44 8.66 9.39 9.28 10.28 10.11 10.10 9.63 10.21 9.87 9.82 10.22 10.00 9.87 10.17 10.02 10.19 10.24 9.93 10.26 10.08 10.03 9.52 9.63 9.73 9.30 9.49 9.64 9.34 9.52 9.22 9.06 9.34 9.49 9.10 9.28 9.31 9.11 9.42 9.85 10.06 10.20 9.96 9.51 9.81 9.75 9.72 9.88 10.09 10.21 10.13 9.97 9.96 9.95
9.15 9.48 8.95 8.95 9.08 8.85 8.85 8.79 9.80 8.84 8.99 9.56 9.74 9.41 8.96 9.24 8.60 8.82 9.18 9.64 9.71 9.85 9.85 10.02 9.85 9.57 10.10 10.26 10.13 9.67 9.98 10.06 10.05 10.09 10.11 10.18 9.97 9.89 9.73 9.21 9.54 10.09 9.93 9.84 9.70 9.22 8.90 9.20 9.40 8.97 8.65 8.44 8.35 8.79 8.88 9.20 9.21 9.37 9.39 9.23 9.62 9.49 9.69 9.55 9.81 9.73 9.94 9.63 9.72 9.67 9.79 9.83 9.88 9.80 9.68 9.55 9.79
9.90 9.48 8.95 10.15 10.15 8.85 8.85 9.81 9.81 9.02 9.02 9.38 9.74 9.68 9.37 9.67 9.52 9.24 9.33 9.63 9.72 9.96 9.88 9.85 9.97 9.97 10.08 10.00 9.79 10.24 10.17 10.23 10.21 10.09 10.00 9.75 9.27 9.57 9.29 9.38 9.33 9.64 9.19 8.83 9.58 9.13 9.11 9.34 9.28 9.15 8.77 9.41 8.45 9.04 8.97 8.76 8.98 9.29 9.47 9.95 9.86 9.72 9.76 9.18 9.60 9.57 9.77 9.61 10.10 10.07 9.75 9.72 9.53 9.88 9.75 9.65 9.81
9.90 9.53 9.53 10.15 10.15 10.15 10.01 10.26 10.26 10.15 9.69 9.34 9.63 10.13 10.00 9.71 9.92 9.96 9.88 10.13 10.23 9.89 9.92 9.90 9.66 9.80 9.24 9.30 9.08 9.54 9.35 9.38 9.45 9.27 9.24 9.46 9.18 9.47 9.12 8.92 9.21 9.42 9.35 9.19 9.42 9.49 9.50 9.23 9.41 9.38 9.33 9.53 9.37 9.41 9.35 8.79 8.47 8.84 8.87 9.72 9.78 9.69 9.56 9.05 9.23 9.20 8.96 9.60 9.78 9.95 9.85 9.69 9.62 9.80 9.53 9.37 9.56
