BOM_solar_grid_data_201906/2019060520190605.grid
ncols 839
nrows 679
xllcenter 112.0500
yllcenter -43.9500
cellsize 0.0500
nodata_value 99999.90
[rows 272 to 305 of 679, columns 308 to 384 of 839]
15.96 15.95 15.96 15.94 15.94 15.92 15.92 15.94 15.95 15.96 15.95 15.96 15.96 15.96 15.97 15.97 15.96 15.96 15.94 15.92 15.92 15.91 15.90 15.91 15.90 15.90 15.90 15.91 15.91 15.91 15.91 15.91 15.92 15.94 15.92 15.90 15.91 15.90 15.90 15.91 15.90 15.90 15.89 15.90 15.86 15.84 15.87 15.89 15.88 15.82 15.86 15.88 15.87 15.88 15.89 15.90 15.89 15.89 15.89 15.89 15.89 15.89 15.88 15.87 15.87 15.89 15.90 15.90 15.91 15.89 15.90 15.90 15.90 15.90 15.89 15.88 15.88
15.92 15.93 15.91 15.92 15.92 15.92 15.92 15.93 15.93 15.93 15.95 15.95 15.94 15.95 15.94 15.94 15.90 15.91 15.90 15.89 15.89 15.88 15.87 15.87 15.87 15.88 15.87 15.88 15.91 15.91 15.92 15.91 15.89 15.91 15.90 15.88 15.89 15.87 15.88 15.87 15.88 15.86 15.87 15.86 15.88 15.84 15.84 15.84 15.84 15.81 15.83 15.84 15.82 15.86 15.87 15.86 15.86 15.88 15.87 15.86 15.85 15.85 15.85 15.84 15.85 15.84 15.85 15.87 15.89 15.87 15.87 15.86 15.87 15.87 15.87 15.86 15.85
15.88 15.91 15.92 15.92 15.89 15.89 15.90 15.90 15.90 15.90 15.94 15.93 15.90 15.90 15.91 15.91 15.92 15.90 15.89 15.89 15.89 15.87 15.87 15.87 15.88 15.89 15.89 15.90 15.88 15.88 15.91 15.88 15.89 15.91 15.90 15.87 15.86 15.86 15.85 15.84 15.86 15.85 15.88 15.86 15.86 15.84 15.85 15.85 15.83 15.83 15.82 15.79 15.80 15.84 15.83 15.83 15.83 15.84 15.84 15.84 15.84 15.85 15.82 15.83 15.85 15.83 15.85 15.84 15.84 15.81 15.85 15.85 15.85 15.84 15.85 15.85 15.85
15.86 15.84 15.87 15.89 15.88 15.88 15.87 15.88 15.87 15.90 15.90 15.90 15.90 15.88 15.86 15.89 15.87 15.87 15.86 15.88 15.85 15.86 15.89 15.87 15.88 15.86 15.86 15.86 15.84 15.86 15.89 15.88 15.87 15.88 15.89 15.87 15.85 15.85 15.84 15.85 15.86 15.83 15.83 15.82 15.84 15.83 15.82 15.83 15.78 15.78 15.80 15.82 15.80 15.83 15.83 15.83 15.83 15.82 15.83 15.82 15.82 15.81 15.82 15.84 15.85 15.82 15.83 15.81 15.82 15.82 15.81 15.81 15.79 15.80 15.83 15.82 15.81
15.83 15.84 15.84 15.85 15.88 15.87 15.85 15.85 15.85 15.88 15.88 15.85 15.86 15.85 15.88 15.86 15.85 15.86 15.84 15.83 15.81 15.83 15.83 15.84 15.86 15.85 15.85 15.83 15.82 15.84 15.86 15.83 15.85 15.85 15.88 15.86 15.83 15.84 15.83 15.81 15.83 15.82 15.81 15.82 15.81 15.80 15.80 15.81 15.82 15.80 15.79 15.79 15.81 15.83 15.83 15.82 15.81 15.81 15.80 15.80 15.80 15.81 15.83 15.83 15.83 15.77 15.81 15.80 15.82 15.79 15.79 15.79 15.79 15.78 15.81 15.83 15.81
15.80 15.82 15.82 15.81 15.82 15.82 15.81 15.81 15.83 15.85 15.83 15.82 15.82 15.87 15.85 15.82 15.81 15.79 15.80 15.79 15.80 15.81 15.83 15.82 15.81 15.81 15.79 15.79 15.80 15.82 15.83 15.85 15.85 15.84 15.83 15.83 15.80 15.80 15.80 15.80 15.79 15.78 15.78 15.80 15.80 15.78 15.78 15.78 15.79 15.80 15.80 15.82 15.80 15.80 15.81 15.80 15.80 15.78 15.75 15.78 15.78 15.78 15.78 15.79 15.80 15.76 15.74 15.74 15.75 15.75 15.76 15.77 15.77 15.76 15.78 15.79 15.79
15.78 15.79 15.80 15.80 15.80 15.80 15.81 15.81 15.83 15.83 15.82 15.82 15.81 15.81 15.80 15.79 15.77 15.77 15.77 15.77 15.78 15.80 15.79 15.78 15.78 15.78 15.78 15.79 15.79 15.80 15.83 15.82 15.87 15.79 15.80 15.77 15.78 15.76 15.76 15.76 15.76 15.77 15.78 15.78 15.77 15.76 15.77 15.76 15.76 15.78 15.79 15.79 15.76 15.77 15.77 15.78 15.79 15.76 15.75 15.75 15.77 15.75 15.75 15.75 15.76 15.73 15.72 15.69 15.73 15.73 15.73 15.74 15.74 15.73 15.77 15.79 15.78
15.76 15.76 15.76 15.78 15.77 15.77 15.79 15.81 15.80 15.81 15.80 15.80 15.79 15.78 15.78 15.75 15.75 15.75 15.76 15.76 15.76 15.77 15.77 15.78 15.78 15.77 15.76 15.77 15.77 15.79 15.81 15.81 15.82 15.81 15.80 15.80 15.79 15.78 15.74 15.73 15.74 15.74 15.75 15.75 15.74 15.75 15.75 15.75 15.75 15.75 15.76 15.78 15.75 15.74 15.76 15.74 15.73 15.74 15.75 15.77 15.74 15.74 15.73 15.73 15.74 15.75 15.75 15.75 15.71 15.71 15.70 15.72 15.72 15.73 15.72 15.75 15.77
15.74 15.75 15.75 15.75 15.75 15.75 15.77 15.76 15.76 15.78 15.77 15.76 15.76 15.74 15.73 15.73 15.73 15.75 15.74 15.73 15.73 15.75 15.75 15.76 15.76 15.77 15.80 15.77 15.77 15.80 15.79 15.82 15.85 15.82 15.78 15.77 15.74 15.73 15.71 15.72 15.73 15.71 15.70 15.72 15.71 15.72 15.70 15.72 15.72 15.71 15.72 15.73 15.72 15.72 15.72 15.71 15.73 15.73 15.76 15.74 15.74 15.73 15.73 15.71 15.72 15.74 15.73 15.73 15.68 15.68 15.68 15.68 15.68 15.70 15.70 15.72 15.72
15.76 15.77 15.78 15.75 15.72 15.72 15.72 15.72 15.73 15.74 15.73 15.72 15.71 15.70 15.70 15.69 15.69 15.70 15.72 15.72 15.70 15.70 15.72 15.73 15.73 15.76 15.74 15.76 15.77 15.75 15.77 15.81 15.78 15.75 15.72 15.70 15.68 15.70 15.70 15.68 15.69 15.70 15.70 15.68 15.69 15.68 15.69 15.69 15.69 15.68 15.69 15.70 15.71 15.71 15.70 15.70 15.71 15.71 15.71 15.74 15.73 15.71 15.72 15.71 15.69 15.69 15.69 15.69 15.67 15.66 15.66 15.68 15.66 15.67 15.68 15.71 15.72
15.71 15.75 15.75 15.75 15.74 15.71 15.70 15.68 15.71 15.68 15.69 15.68 15.67 15.69 15.69 15.68 15.69 15.69 15.69 15.71 15.71 15.69 15.65 15.60 15.69 15.71 15.70 15.70 15.72 15.69 15.73 15.76 15.76 15.70 15.69 15.67 15.68 15.68 15.70 15.67 15.65 15.65 15.64 15.66 15.66 15.66 15.65 15.65 15.65 15.65 15.66 15.67 15.66 15.67 15.67 15.66 15.67 15.69 15.68 15.67 15.69 15.71 15.72 15.70 15.71 15.71 15.68 15.68 15.67 15.65 15.65 15.66 15.65 15.65 15.65 15.65 15.67
15.72 15.74 15.75 15.73 15.69 15.71 15.70 15.71 15.68 15.68 15.67 15.67 15.63 15.65 15.66 15.65 15.64 15.67 15.67 15.68 15.67 15.67 15.67 15.68 15.69 15.69 15.64 15.59 15.61 15.53 15.65 15.70 15.68 15.70 15.65 15.67 15.66 15.65 15.66 15.66 15.63 15.59 15.63 15.65 15.63 15.63 15.63 15.57 15.63 15.63 15.64 15.64 15.63 15.64 15.65 15.64 15.63 15.63 15.65 15.65 15.67 15.68 15.67 15.69 15.69 15.68 15.67 15.67 15.67 15.66 15.65 15.63 15.62 15.62 15.61 15.61 15.64
15.66 15.68 15.71 15.72 15.70 15.67 15.67 15.68 15.68 15.66 15.64 15.63 15.61 15.61 15.61 15.62 15.63 15.64 15.64 15.65 15.67 15.67 15.67 15.66 15.56 15.49 15.53 15.45 15.42 15.33 15.63 15.64 15.63 15.66 15.64 15.64 15.63 15.64 15.64 15.65 15.62 15.61 15.60 15.58 15.56 15.60 15.62 15.58 15.46 15.56 15.60 15.57 15.62 15.61 15.60 15.62 15.61 15.59 15.60 15.61 15.62 15.64 15.63 15.63 15.64 15.63 15.62 15.63 15.63 15.64 15.62 15.61 15.61 15.61 15.61 15.58 15.61
15.64 15.63 15.71 15.70 15.67 15.66 15.66 15.65 15.64 15.62 15.61 15.62 15.64 15.64 15.64 15.64 15.64 15.64 15.63 15.63 15.63 15.64 15.62 15.60 15.54 15.59 15.55 15.23 15.51 15.58 15.58 15.61 15.60 15.61 15.61 15.62 15.61 15.61 15.60 15.60 15.60 15.58 15.56 15.54 15.54 15.55 15.59 15.58 15.53 15.42 15.42 15.48 15.53 15.58 15.57 15.55 15.55 15.55 15.58 15.57 15.58 15.59 15.62 15.63 15.59 15.58 15.58 15.58 15.58 15.61 15.58 15.57 15.58 15.58 15.58 15.57 15.57
15.64 15.62 15.70 15.69 15.70 15.67 15.63 15.63 15.60 15.61 15.61 15.61 15.62 15.62 15.63 15.63 15.62 15.60 15.59 15.60 15.60 15.58 15.59 15.57 15.58 15.59 15.57 15.53 15.53 15.56 15.58 15.59 15.59 15.58 15.56 15.55 15.57 15.58 15.58 15.57 15.56 15.55 15.49 15.52 15.50 15.50 15.52 15.55 15.52 15.55 15.52 15.51 15.49 15.45 15.55 15.54 15.55 15.54 15.57 15.56 15.55 15.55 15.54 15.57 15.55 15.54 15.54 15.55 15.56 15.55 15.54 15.54 15.55 15.54 15.55 15.55 15.54
15.62 15.63 15.62 15.64 15.62 15.65 15.64 15.63 15.60 15.59 15.60 15.60 15.59 15.59 15.58 15.58 15.58 15.58 15.57 15.56 15.56 15.56 15.58 15.54 15.47 15.52 15.57 15.55 15.56 15.55 15.55 15.54 15.53 15.56 15.54 15.52 15.54 15.54 15.52 15.56 15.55 15.56 15.52 15.52 15.53 15.50 15.52 15.54 15.53 15.53 15.53 15.55 15.33 15.46 15.36 15.47 15.49 15.53 15.52 15.52 15.51 15.54 15.53 15.51 15.52 15.53 15.53 15.54 15.54 15.53 15.55 15.55 15.54 15.53 15.53 15.53 15.53
15.64 15.64 15.62 15.64 15.63 15.63 15.62 15.64 15.61 15.59 15.58 15.60 15.59 15.59 15.58 15.58 15.57 15.56 15.56 15.56 15.55 15.54 15.53 15.54 15.53 15.54 15.54 15.52 15.51 15.53 15.53 15.52 15.49 15.53 15.53 15.53 15.50 15.48 15.50 15.54 15.54 15.54 15.53 15.52 15.51 15.51 15.51 15.49 15.49 15.50 15.49 15.50 15.47 15.47 15.47 15.35 15.17 15.50 15.49 15.51 15.51 15.51 15.49 15.49 15.50 15.50 15.50 15.50 15.50 15.51 15.50 15.50 15.50 15.50 15.52 15.52 15.52
15.58 15.62 15.63 15.60 15.61 15.59 15.60 15.57 15.60 15.58 15.58 15.59 15.59 15.58 15.57 15.55 15.53 15.55 15.54 15.54 15.52 15.52 15.52 15.51 15.53 15.51 15.51 15.51 15.52 15.53 15.48 15.50 15.48 15.51 15.51 15.50 15.47 15.50 15.47 15.51 15.53 15.51 15.52 15.49 15.49 15.49 15.48 15.48 15.47 15.47 15.48 15.44 15.47 15.49 15.46 15.46 15.47 15.49 15.48 15.48 15.49 15.50 15.47 15.45 15.48 15.47 15.49 15.50 15.50 15.49 15.49 15.50 15.50 15.48 15.50 15.49 15.50
15.53 15.56 15.55 15.54 15.57 15.56 15.54 15.54 15.54 15.53 15.53 15.51 15.53 15.52 15.52 15.51 15.51 15.49 15.50 15.50 15.50 15.50 15.49 15.49 15.48 15.49 15.49 15.49 15.49 15.47 15.48 15.50 15.50 15.50 15.51 15.50 15.49 15.50 15.48 15.45 15.49 15.49 15.49 15.50 15.45 15.45 15.44 15.43 15.43 15.43 15.44 15.44 15.46 15.47 15.45 15.45 15.45 15.46 15.48 15.46 15.37 15.44 15.46 15.44 15.46 15.47 15.47 15.47 15.49 15.46 15.48 15.47 15.47 15.46 15.47 15.46 15.47
15.51 15.53 15.53 15.52 15.54 15.55 15.53 15.52 15.51 15.51 15.51 15.52 15.48 15.48 15.48 15.49 15.50 15.49 15.49 15.49 15.49 15.49 15.50 15.49 15.47 15.45 15.48 15.47 15.46 15.46 15.45 15.48 15.47 15.47 15.48 15.48 15.47 15.45 15.46 15.45 15.46 15.45 15.45 15.46 15.43 15.42 15.44 15.44 15.43 15.42 15.44 15.43 15.44 15.44 15.42 15.44 15.44 15.44 15.44 15.42 15.44 15.38 15.40 15.41 15.38 15.44 15.45 15.44 15.45 15.45 15.46 15.44 15.44 15.44 15.44 15.43 15.45
15.48 15.49 15.46 15.47 15.48 15.48 15.49 15.48 15.47 15.48 15.46 15.44 15.45 15.46 15.47 15.48 15.46 15.45 15.46 15.47 15.47 15.46 15.45 15.46 15.47 15.49 15.44 15.44 15.42 15.41 15.42 15.44 15.42 15.44 15.40 15.42 15.42 15.48 15.46 15.44 15.45 15.45 15.45 15.45 15.45 15.42 15.42 15.41 15.42 15.42 15.42 15.42 15.41 15.41 15.40 15.38 15.38 15.40 15.41 15.41 15.42 15.41 15.44 15.23 14.84 15.05 15.26 15.39 15.41 15.35 15.42 15.42 15.43 15.43 15.42 15.43 15.43
15.46 15.44 15.44 15.45 15.46 15.46 15.47 15.45 15.45 15.43 15.44 15.44 15.45 15.44 15.45 15.45 15.44 15.43 15.42 15.42 15.43 15.43 15.43 15.43 15.44 15.44 15.44 15.38 15.37 15.36 15.39 15.38 15.40 15.41 15.43 15.43 15.40 15.38 15.41 15.42 15.43 15.43 15.42 15.38 15.40 15.42 15.38 15.39 15.41 15.39 15.38 15.40 15.37 15.36 15.34 15.38 15.36 15.38 15.37 15.39 15.40 15.40 15.40 15.40 15.31 15.04 14.97 14.97 14.69 14.84 15.25 15.37 15.41 15.39 15.40 15.38 15.39
15.45 15.45 15.42 15.45 15.43 15.41 15.44 15.43 15.43 15.42 15.42 15.41 15.40 15.41 15.43 15.40 15.41 15.42 15.42 15.43 15.42 15.42 15.42 15.41 15.40 15.41 15.36 15.39 15.37 15.33 15.35 15.37 15.40 15.37 15.40 15.38 15.36 15.37 15.36 15.40 15.40 15.39 15.40 15.39 15.40 15.41 15.38 15.37 15.37 15.38 15.37 15.37 15.35 15.34 15.34 15.36 15.34 15.36 15.32 15.33 15.34 15.38 15.38 15.37 15.37 15.31 15.32 14.98 14.84 14.83 14.84 15.06 15.26 15.35 15.38 15.38 15.38
15.45 15.43 15.42 15.43 15.43 15.43 15.45 15.40 15.39 15.40 15.41 15.40 15.40 15.41 15.39 15.39 15.39 15.40 15.40 15.41 15.41 15.40 15.40 15.42 15.39 15.39 15.39 15.39 15.34 15.33 15.30 15.31 15.37 15.36 15.38 15.38 15.34 15.36 15.36 15.39 15.39 15.38 15.38 15.37 15.37 15.35 15.37 15.35 15.33 15.36 15.33 15.34 15.33 15.30 15.32 15.29 15.32 15.31 15.33 15.28 15.30 15.35 15.35 15.35 15.35 15.35 15.35 15.34 15.14 14.76 14.87 14.78 15.04 15.25 15.33 15.36 15.37
15.40 15.39 15.39 15.39 15.40 15.40 15.41 15.41 15.41 15.41 15.41 15.38 15.37 15.38 15.37 15.37 15.37 15.38 15.37 15.37 15.37 15.37 15.37 15.38 15.35 15.36 15.38 15.36 15.34 15.35 15.37 15.35 15.29 15.37 15.37 15.36 15.37 15.35 15.35 15.36 15.35 15.36 15.35 15.34 15.35 15.32 15.31 15.35 15.33 15.32 15.32 15.34 15.30 15.32 15.30 15.31 15.30 15.32 15.32 15.30 15.32 15.32 15.33 15.35 15.35 15.32 15.33 15.34 15.32 15.29 15.20 14.98 15.03 15.12 15.26 15.28 15.34
15.38 15.37 15.36 15.35 15.38 15.37 15.37 15.36 15.37 15.38 15.38 15.37 15.36 15.36 15.36 15.34 15.35 15.36 15.35 15.36 15.35 15.36 15.33 15.36 15.36 15.36 15.36 15.34 15.34 15.31 15.35 15.37 15.33 15.34 15.34 15.33 15.34 15.33 15.34 15.32 15.33 15.30 15.33 15.32 15.31 15.26 15.32 15.32 15.29 15.30 15.30 15.30 15.28 15.27 15.25 15.27 15.27 15.28 15.26 15.24 15.32 15.30 15.30 15.31 15.31 15.29 15.32 15.32 15.32 15.31 15.27 14.60 14.53 15.14 15.16 15.14 15.29
15.33 15.32 15.35 15.35 15.35 15.34 15.34 15.34 15.34 15.32 15.33 15.32 15.34 15.35 15.32 15.32 15.32 15.33 15.34 15.33 15.33 15.30 15.33 15.32 15.32 15.31 15.33 15.32 15.32 15.34 15.37 15.34 15.33 15.31 15.32 15.32 15.32 15.31 15.29 15.32 15.31 15.29 15.30 15.29 15.30 15.26 15.26 15.30 15.29 15.26 15.26 15.27 15.25 15.25 15.23 15.24 15.24 15.27 15.25 15.25 15.26 15.28 15.29 15.29 15.29 15.28 15.30 15.31 15.30 15.30 15.29 15.27 15.05 15.10 14.43 14.87 15.22
15.33 15.31 15.30 15.32 15.32 15.32 15.32 15.32 15.32 15.32 15.30 15.30 15.31 15.33 15.33 15.31 15.31 15.33 15.32 15.31 15.30 15.30 15.31 15.29 15.30 15.30 15.31 15.31 15.31 15.32 15.33 15.31 15.29 15.30 15.30 15.32 15.30 15.30 15.28 15.29 15.29 15.29 15.28 15.28 15.26 15.24 15.25 15.27 15.26 15.24 15.25 15.22 15.25 15.25 15.20 15.26 15.23 15.26 15.25 15.23 15.21 15.26 15.24 15.25 15.27 15.28 15.29 15.30 15.30 15.29 15.27 15.29 15.27 15.27 15.27 15.25 15.25
15.32 15.30 15.30 15.31 15.31 15.30 15.30 15.31 15.30 15.29 15.28 15.29 15.28 15.29 15.28 15.29 15.29 15.28 15.29 15.31 15.30 15.30 15.31 15.30 15.29 15.30 15.30 15.29 15.29 15.29 15.28 15.28 15.28 15.28 15.28 15.28 15.28 15.28 15.26 15.24 15.22 15.28 15.29 15.25 15.28 15.23 15.25 15.22 15.25 15.25 15.22 15.18 15.21 15.19 15.18 15.18 15.21 15.25 15.24 15.22 15.19 15.21 15.23 15.24 15.24 15.25 15.26 15.27 15.24 15.22 15.26 15.28 15.26 15.26 15.27 15.27 15.26
15.28 15.27 15.28 15.29 15.28 15.29 15.29 15.28 15.27 15.27 15.28 15.28 15.27 15.27 15.26 15.25 15.24 15.26 15.27 15.25 15.26 15.26 15.27 15.26 15.26 15.27 15.26 15.26 15.26 15.28 15.26 15.26 15.26 15.26 15.25 15.26 15.26 15.26 15.24 15.21 15.21 15.22 15.26 15.24 15.20 15.24 15.23 15.22 15.22 15.23 15.19 15.20 15.23 15.21 15.19 15.15 15.15 15.18 15.19 15.22 15.20 15.16 15.23 15.21 15.21 15.21 15.23 15.23 15.21 15.23 15.23 15.24 15.24 15.25 15.23 15.23 15.22
15.25 15.26 15.26 15.26 15.26 15.25 15.25 15.26 15.26 15.26 15.26 15.23 15.22 15.24 15.22 15.22 15.23 15.24 15.23 15.23 15.22 15.22 15.24 15.23 15.23 15.21 15.24 15.21 15.23 15.23 15.23 15.24 15.23 15.19 15.21 15.23 15.21 15.22 15.22 15.21 15.22 15.20 15.21 15.22 15.23 15.23 15.22 15.22 15.21 15.22 15.23 15.17 15.19 15.21 15.16 15.16 15.16 15.15 15.19 15.19 15.17 15.16 15.19 15.18 15.18 15.20 15.18 15.20 15.20 15.21 15.23 15.24 15.22 15.20 15.19 15.18 15.20
15.23 15.22 15.22 15.22 15.20 15.19 15.21 15.23 15.23 15.23 15.22 15.23 15.22 15.21 15.20 15.20 15.22 15.21 15.21 15.22 15.21 15.21 15.21 15.19 15.19 15.19 15.18 15.17 15.19 15.18 15.18 15.21 15.20 15.17 15.16 15.20 15.20 15.21 15.21 15.19 15.20 15.19 15.20 15.18 15.20 15.21 15.19 15.20 15.19 15.18 15.19 15.19 15.16 15.15 15.16 15.15 15.18 15.13 15.16 15.17 15.16 15.16 15.16 15.18 15.19 15.19 15.18 15.17 15.17 15.19 15.18 15.20 15.21 15.20 15.19 15.18 15.19
15.20 15.20 15.19 15.18 15.13 15.19 15.18 15.21 15.20 15.19 15.20 15.19 15.19 15.18 15.18 15.18 15.18 15.17 15.17 15.17 15.18 15.17 15.18 15.18 15.15 15.16 15.19 15.18 15.19 15.16 15.17 15.18 15.19 15.14 15.12 15.17 15.18 15.18 15.18 15.17 15.19 15.17 15.13 15.14 15.16 15.19 15.19 15.18 15.17 15.18 15.18 15.17 15.17 15.15 15.16 15.16 15.17 15.14 15.15 15.16 15.14 15.13 15.13 15.16 15.17 15.18 15.17 15.16 15.16 15.14 15.14 15.17 15.16 15.17 15.17 15.17 15.17
15.17 15.18 15.16 15.15 15.15 15.15 15.15 15.17 15.17 15.17 15.16 15.16 15.16 15.15 15.16 15.16 15.16 15.17 15.16 15.16 15.16 15.16 15.15 15.15 15.16 15.15 15.16 15.17 15.16 15.16 15.14 15.14 15.12 15.10 15.12 15.14 15.12 15.14 15.12 15.13 15.16 15.15 15.14 15.13 15.14 15.14 15.16 15.15 15.18 15.14 15.15 15.17 15.18 15.14 15.15 15.14 15.14 15.11 15.13 15.13 15.12 15.12 15.10 15.14 15.14 15.14 15.13 15.14 15.11 15.09 15.05 15.11 15.15 15.14 15.15 15.15 15.16
