BOM_solar_grid_data_201906/2019063020190630.grid
ncols 839
nrows 679
xllcenter 112.0500
yllcenter -43.9500
cellsize 0.0500
nodata_value 99999.90
[rows 442 to 475 of 679, columns 154 to 230 of 839]
9.39 9.49 9.49 9.64 9.88 9.91 10.06 10.08 10.41 10.46 10.47 10.46 10.44 10.26 9.92 9.81 9.77 9.75 9.77 9.70 9.93 9.76 9.49 9.61 9.74 9.98 10.01 9.93 9.99 9.82 9.68 9.79 9.91 9.94 9.97 9.91 9.74 9.74 9.60 9.57 10.27 10.38 10.45 10.42 10.38 10.55 10.82 11.00 10.82 10.59 10.69 10.91 11.00 11.14 11.28 11.38 11.37 11.31 11.24 11.29 11.40 11.33 11.24 11.19 11.18 11.09 11.01 11.05 11.17 11.31 11.22 11.20 11.20 10.98 10.87 10.95 11.05
9.65 9.94 9.93 9.67 9.76 9.97 10.25 10.33 10.38 10.39 10.22 10.26 10.30 10.26 9.95 9.65 9.58 9.66 9.97 10.33 10.56 10.12 9.93 9.91 9.92 9.88 9.84 10.03 10.00 10.02 9.89 9.90 9.88 10.02 9.97 9.98 9.84 9.90 9.97 9.93 10.40 10.27 10.71 10.64 10.67 10.76 10.86 11.01 10.87 10.84 10.83 10.95 11.01 11.18 11.30 11.42 11.49 11.48 11.31 11.23 11.25 11.28 11.28 11.18 11.09 11.06 11.07 11.16 11.17 11.30 11.31 11.31 11.24 11.19 11.11 10.99 10.98
9.62 9.64 9.60 9.63 9.79 9.85 10.14 10.27 10.18 10.17 10.01 9.92 10.11 9.87 9.64 9.35 9.17 9.33 9.89 9.66 10.10 9.84 10.08 10.33 10.60 10.54 10.34 10.31 9.99 9.84 9.93 10.02 10.03 9.90 9.90 9.87 9.84 10.03 10.27 10.62 10.71 10.48 10.73 10.78 10.88 10.89 10.83 10.95 10.98 11.01 11.13 11.19 11.22 11.20 11.36 11.42 11.37 11.34 11.25 11.20 11.19 11.15 11.14 11.12 11.03 11.07 11.16 11.16 11.10 11.18 11.19 11.18 11.22 11.25 11.12 11.03 10.98
9.60 9.60 9.60 9.61 9.52 9.89 10.11 10.08 10.14 9.91 10.16 10.03 9.97 9.91 9.62 9.49 9.32 8.93 9.51 9.34 10.06 9.84 9.93 10.00 10.01 9.73 9.65 9.82 9.88 9.81 9.67 9.51 9.56 9.60 9.82 10.03 10.14 10.22 10.26 10.25 10.37 10.24 10.47 10.58 10.56 10.69 10.87 10.91 11.16 11.19 11.30 11.37 11.46 11.40 11.30 11.31 11.17 11.22 11.19 11.09 11.05 11.05 11.09 11.14 11.13 11.04 11.05 11.14 11.19 11.21 11.30 11.37 11.33 11.36 11.24 11.05 11.22
9.37 9.64 9.54 9.48 9.53 9.54 9.68 9.80 9.94 10.01 9.85 9.91 9.53 9.91 10.51 10.76 10.28 9.76 9.80 9.67 9.89 9.73 9.35 9.38 9.46 9.07 8.98 9.09 9.18 9.38 9.60 9.55 9.61 9.79 9.85 10.00 10.09 10.03 9.99 10.08 10.13 10.07 10.10 10.20 10.32 10.39 10.43 10.63 10.90 11.05 11.21 11.33 11.33 11.33 11.35 11.41 11.46 11.43 11.35 11.22 11.08 10.87 10.76 10.78 10.82 11.01 11.02 11.08 11.15 11.22 11.28 11.27 11.29 11.36 11.42 11.40 11.33
9.23 9.28 9.40 9.46 9.51 9.71 9.62 9.45 9.51 9.57 9.57 9.89 9.79 9.68 9.85 9.88 9.97 10.14 10.22 10.18 10.09 10.16 9.21 8.76 8.89 9.00 9.11 9.26 9.29 9.24 9.35 9.48 9.66 10.00 10.21 10.31 10.36 10.29 10.25 10.47 10.43 10.68 10.32 10.30 10.30 10.33 10.58 10.73 10.71 10.50 10.72 11.04 10.98 10.95 11.05 11.07 11.26 11.41 11.53 11.42 11.42 11.42 11.25 11.13 11.06 10.95 10.90 10.87 10.99 11.13 11.22 11.26 11.27 11.29 11.39 11.40 11.37
8.66 9.21 9.14 9.27 9.50 9.54 9.42 9.26 9.50 9.61 9.59 9.34 9.50 9.50 9.51 9.74 10.00 10.38 10.00 9.74 9.49 9.56 9.26 9.24 9.26 9.33 9.35 9.45 9.50 9.51 9.39 9.34 9.51 9.81 10.26 10.36 10.23 10.09 10.20 10.17 10.24 10.88 11.12 11.10 10.66 10.83 11.04 11.08 10.87 10.80 10.96 11.12 11.13 11.11 11.15 11.16 11.14 11.18 11.31 11.34 11.33 11.21 11.30 11.45 11.51 11.34 11.32 11.20 10.94 10.89 10.96 11.04 11.06 11.04 11.11 11.17 11.27
8.93 8.93 9.03 9.11 9.06 9.26 9.35 9.39 9.48 9.55 9.53 9.27 9.10 9.74 10.31 10.41 10.03 9.74 9.29 9.29 9.27 9.43 9.52 9.36 9.52 9.43 9.32 9.34 9.27 9.11 9.31 9.39 9.52 9.70 9.76 9.79 9.71 9.99 9.98 10.24 10.20 10.20 10.66 10.69 10.50 10.68 10.99 11.15 11.06 11.08 11.05 11.04 11.26 11.30 11.20 11.13 11.08 11.14 11.14 11.13 11.14 11.19 11.14 11.14 11.38 11.45 11.33 11.29 11.31 11.24 11.08 11.02 11.08 11.12 11.13 11.18 11.27
9.21 9.16 9.06 9.37 9.38 9.45 9.46 9.51 9.52 9.49 9.68 9.75 9.71 10.17 10.02 10.00 9.85 10.01 9.82 9.52 9.43 9.41 9.38 9.31 9.08 9.08 9.10 8.97 8.85 9.08 9.26 9.48 9.56 9.77 9.98 9.88 9.70 9.43 9.58 10.00 10.10 10.15 10.18 10.02 9.81 10.08 10.33 10.57 10.65 10.79 10.88 10.84 10.92 11.13 11.35 11.49 11.34 11.18 11.14 11.16 11.15 11.15 11.27 11.26 11.31 11.39 11.29 11.14 11.08 10.75 10.57 10.59 10.66 10.80 11.02 11.14 11.07
9.38 9.71 9.64 9.81 9.80 9.82 9.92 9.82 9.73 9.59 9.97 10.43 10.57 10.15 9.93 10.08 9.77 9.69 9.54 9.55 9.49 9.47 9.46 9.47 9.17 9.01 8.99 9.01 9.21 9.63 9.82 9.95 9.87 9.59 9.70 9.73 9.79 10.07 10.14 10.03 9.92 10.11 9.87 10.06 9.73 9.76 9.82 9.91 10.04 10.29 10.51 10.66 10.88 11.05 11.09 11.13 11.01 10.99 11.12 11.11 11.05 11.05 11.19 11.24 11.27 11.24 11.25 11.21 11.18 11.11 10.84 10.66 10.70 10.77 10.71 10.62 10.61
9.51 9.99 10.15 10.02 9.96 9.90 9.87 9.76 9.76 9.84 9.95 10.25 10.30 10.32 10.10 10.13 10.28 10.20 10.07 9.82 9.41 9.54 9.85 9.85 9.73 9.48 9.11 9.03 9.23 9.40 9.50 9.65 9.57 9.74 10.03 10.58 10.25 10.56 10.27 10.00 9.89 10.19 10.14 10.09 9.64 9.64 9.71 9.94 10.13 10.37 10.61 10.64 10.71 10.82 10.86 10.93 11.06 11.17 11.16 11.39 11.31 11.30 11.15 11.08 11.07 11.13 11.11 11.01 10.88 10.80 10.72 10.56 10.56 10.67 10.73 10.79 10.67
9.55 9.64 9.64 10.00 9.88 9.68 9.77 9.70 9.95 10.13 10.08 10.11 10.13 10.28 10.09 9.81 9.90 10.07 10.00 9.72 9.56 9.72 9.84 9.68 9.06 8.83 8.98 9.39 9.45 9.33 9.23 9.35 9.17 9.44 9.71 10.20 10.13 10.61 10.52 10.59 10.27 10.71 10.64 10.32 10.03 10.04 9.98 10.18 10.30 10.45 10.55 10.59 10.63 10.77 10.86 10.84 10.83 10.86 10.91 11.08 10.92 11.04 11.14 11.09 10.95 10.97 11.04 11.01 10.90 10.86 10.77 10.80 10.82 10.80 10.72 10.56 10.44
9.50 9.46 9.25 9.00 8.96 8.86 8.92 9.35 9.47 9.54 9.68 9.88 9.95 9.68 9.51 9.75 9.63 9.57 9.51 9.57 9.51 9.52 9.71 10.10 9.84 9.68 9.89 9.74 9.68 9.65 9.58 9.50 9.31 9.57 9.92 10.13 10.56 10.75 10.42 10.43 10.44 10.23 10.38 10.72 10.08 9.77 9.95 10.18 10.32 10.33 10.27 10.29 10.43 10.54 10.63 10.64 10.63 10.65 10.66 10.78 10.80 10.76 10.92 10.95 10.71 10.84 10.84 10.75 10.48 10.44 10.42 10.49 10.58 10.58 10.53 10.48 10.26
9.70 9.28 8.87 8.78 8.90 8.81 8.73 8.57 8.40 8.44 8.38 8.67 8.80 8.73 8.57 8.66 9.19 9.75 10.13 10.21 9.63 9.50 9.54 9.73 10.00 9.79 9.63 9.61 9.83 9.72 9.43 9.20 9.16 9.72 9.77 10.01 9.94 10.49 10.51 10.50 10.48 10.45 10.47 10.42 10.50 10.38 10.33 10.28 10.33 10.38 10.45 10.12 10.21 10.38 10.43 10.41 10.58 10.77 10.71 10.66 10.64 10.68 10.88 10.70 10.64 10.64 10.62 10.76 10.65 10.38 10.46 10.47 10.51 10.60 10.18 10.11 10.04
9.90 9.56 9.40 9.47 9.30 9.21 8.96 8.66 8.42 8.07 7.96 8.25 8.40 8.08 8.03 8.57 8.65 8.89 8.98 9.04 8.91 8.97 9.20 9.27 9.41 9.73 9.72 9.43 9.10 9.27 9.47 9.37 9.40 9.41 9.76 9.90 10.19 10.20 10.31 10.35 10.39 10.51 10.52 10.51 10.76 10.68 10.60 10.58 10.35 10.44 10.46 10.37 10.42 10.49 10.49 10.27 10.30 10.29 10.30 10.19 10.23 10.31 10.27 10.28 10.38 10.44 10.55 10.68 10.71 10.44 10.40 10.24 10.10 10.05 9.98 10.03 10.15
10.12 10.00 9.69 9.58 9.33 9.17 9.02 8.99 8.84 8.74 8.52 8.36 8.28 8.22 8.40 8.54 8.46 8.37 8.31 8.45 8.55 9.21 9.00 8.87 9.00 9.22 8.90 8.73 8.91 9.52 9.73 9.89 9.69 9.76 9.85 9.86 10.11 9.84 9.99 9.99 10.21 10.33 10.36 10.31 10.29 10.36 10.38 10.49 10.50 10.40 10.39 10.40 10.38 10.33 10.30 10.19 10.05 10.05 9.94 9.97 9.81 9.71 9.81 10.11 10.42 10.33 10.43 10.37 10.15 10.04 9.96 9.91 9.86 9.58 9.60 9.59 9.68
9.91 9.86 9.77 9.23 8.76 9.02 8.83 8.62 8.66 8.85 8.88 8.79 8.74 8.90 9.01 8.92 8.71 8.55 8.63 8.64 8.70 9.69 9.12 9.04 9.32 9.22 9.24 9.04 9.13 9.41 9.60 9.63 9.56 9.77 9.87 9.92 10.05 10.11 9.83 10.00 9.99 10.00 9.83 9.65 9.55 9.72 9.78 9.72 9.77 9.99 10.13 10.27 10.32 10.32 10.13 9.77 9.88 10.01 9.67 9.52 9.61 9.49 9.57 9.80 10.01 10.02 9.91 9.66 9.53 9.57 9.30 9.09 8.76 8.96 8.82 9.03 9.11
9.73 9.21 9.45 9.49 9.39 8.96 8.68 8.91 9.04 8.87 8.90 8.94 9.08 9.31 9.29 9.11 8.87 8.68 8.61 9.00 9.24 9.43 9.12 9.15 9.11 9.21 9.35 9.70 9.79 9.64 9.77 9.74 9.56 9.47 9.98 10.21 10.09 9.91 9.85 10.09 10.06 10.16 10.28 10.40 10.55 10.21 9.99 9.89 9.78 9.62 9.68 9.78 9.89 9.83 9.63 9.54 9.55 9.47 9.40 9.32 9.16 9.23 8.95 9.03 9.17 9.08 8.87 8.62 8.71 8.98 9.04 9.11 9.04 8.78 8.53 8.86 8.85
8.84 8.90 9.02 9.17 9.22 9.08 8.99 8.86 8.71 8.45 8.65 8.97 9.11 9.23 9.28 9.25 9.12 9.00 8.93 8.94 9.17 9.28 9.23 9.14 9.22 9.62 9.45 9.55 9.72 9.67 9.74 9.63 9.59 9.50 10.01 10.44 10.22 10.33 9.97 10.12 10.43 10.55 10.35 10.25 10.58 10.57 10.42 9.93 9.66 9.45 9.52 9.64 9.86 9.91 9.78 9.72 9.72 9.33 9.11 9.32 9.44 9.47 9.32 9.08 8.83 8.71 8.75 8.70 8.72 8.61 8.62 8.68 8.59 8.35 8.30 8.61 8.68
9.00 9.14 9.12 9.32 9.40 9.37 9.13 8.93 8.68 8.88 9.04 8.95 8.90 9.16 9.24 9.14 9.19 8.92 9.01 8.89 9.05 9.03 9.23 9.21 9.36 9.53 9.71 9.73 9.80 9.82 10.04 10.18 9.99 9.89 10.12 10.35 10.49 10.53 10.71 10.46 10.34 10.48 10.45 10.42 9.94 9.85 9.84 9.76 9.89 9.84 9.71 9.68 9.70 9.68 9.49 9.38 9.61 9.57 9.50 9.60 9.75 9.88 9.99 9.93 9.51 9.45 9.18 9.08 8.91 8.95 8.75 8.54 8.51 8.43 8.41 8.38 8.63
9.09 9.34 9.03 9.44 9.46 9.54 9.38 9.07 9.05 9.25 9.13 9.08 8.93 9.19 9.01 9.18 9.39 9.37 9.35 9.22 9.22 9.32 9.40 9.55 9.86 9.81 9.94 10.20 10.50 10.38 10.04 10.24 10.23 10.34 10.48 10.58 10.55 10.52 10.61 10.54 10.55 10.56 10.44 10.51 10.34 10.11 10.10 10.01 10.07 10.05 9.94 9.89 9.83 9.75 9.60 9.71 9.76 9.71 9.66 9.70 9.47 9.32 9.35 9.24 9.25 9.27 9.01 8.85 8.80 9.16 9.13 9.07 8.97 9.05 9.10 9.23 9.26
8.29 8.90 8.81 9.44 9.36 9.25 9.46 9.36 9.02 9.23 9.46 9.55 9.57 9.55 9.47 9.52 9.58 9.79 9.56 9.38 9.55 9.61 9.66 9.84 10.23 9.75 9.88 10.34 10.57 10.57 10.49 10.47 10.64 10.54 10.78 10.84 10.84 10.69 10.53 10.53 10.70 10.77 10.81 10.81 10.61 10.43 10.30 10.35 10.38 10.36 10.12 9.83 9.95 9.91 9.90 9.78 9.59 9.68 9.72 9.73 9.61 9.64 9.67 9.34 9.25 9.11 8.93 8.97 9.22 9.48 9.58 9.77 9.87 9.75 9.67 9.90 9.94
8.14 8.38 8.56 9.27 9.29 9.20 8.99 9.53 9.32 9.03 9.26 9.49 9.61 9.65 9.69 9.89 9.88 9.74 9.48 9.42 9.63 9.91 10.09 9.92 10.19 10.08 10.15 10.31 10.63 10.61 10.63 10.69 10.82 10.91 10.93 10.96 10.94 10.99 10.93 10.89 10.79 10.77 10.82 10.87 10.86 10.75 10.58 10.45 10.34 10.31 10.44 10.48 10.31 10.23 10.29 10.30 10.21 9.78 9.71 9.77 9.74 9.66 9.35 9.39 9.43 9.51 9.46 9.74 10.04 9.83 10.05 10.28 10.47 10.11 9.90 9.97 10.08
8.23 8.08 8.71 8.78 8.72 8.79 8.92 8.94 9.65 9.62 9.56 9.72 9.83 9.84 9.87 10.00 10.13 9.87 9.92 9.87 9.92 9.91 9.98 10.30 10.12 10.45 10.31 10.67 10.80 10.73 10.86 10.84 10.87 10.94 10.96 10.94 10.98 11.00 10.87 10.82 10.98 10.98 10.82 10.67 10.79 10.79 10.76 10.55 10.38 10.42 10.38 10.26 10.18 10.17 10.22 10.38 10.33 10.00 9.96 9.97 9.68 9.43 9.37 9.24 9.18 9.44 9.87 9.91 9.80 10.06 10.14 10.14 10.20 10.04 9.91 9.82 9.72
9.01 7.82 7.77 7.80 8.10 8.73 8.81 9.36 9.20 9.47 9.58 9.48 9.67 9.65 9.80 10.02 10.07 10.05 10.16 10.21 10.14 10.05 10.29 10.41 10.44 10.31 10.55 10.78 10.77 10.71 10.78 10.89 10.91 10.69 10.75 11.02 10.98 10.90 10.74 10.88 11.02 10.99 10.93 10.92 10.95 10.80 10.94 10.89 10.75 10.68 10.79 10.49 10.19 10.24 10.02 10.15 10.23 10.21 10.12 10.08 10.00 10.08 9.68 9.62 9.67 9.76 10.11 9.86 9.93 9.92 10.05 10.14 10.21 10.21 10.09 9.99 10.00
8.46 8.03 7.87 7.97 8.44 8.57 9.12 9.69 8.97 9.84 9.90 10.06 10.22 10.16 10.09 10.00 9.96 10.05 10.33 10.31 10.38 10.46 10.61 10.69 10.68 10.71 10.77 10.79 10.84 10.93 10.93 10.89 10.89 10.95 10.97 11.05 10.84 10.83 10.78 10.93 11.00 10.92 11.02 11.04 11.00 10.99 10.89 10.84 10.96 10.92 10.92 10.81 10.75 10.59 10.44 10.46 10.47 10.55 10.30 10.35 10.65 10.61 10.65 10.53 10.59 10.38 10.05 9.60 9.73 9.98 10.14 10.10 10.29 10.42 10.56 10.45 10.49
8.83 8.27 8.25 8.94 8.73 8.35 8.59 9.49 9.39 10.06 10.20 10.33 10.44 10.40 10.41 10.37 10.33 10.19 10.46 10.62 10.55 10.45 10.49 10.69 10.70 10.83 10.83 10.82 10.86 10.93 10.81 10.85 10.83 10.90 10.89 11.01 10.96 10.92 10.99 11.07 10.84 10.90 10.99 11.02 10.88 10.90 11.03 11.11 11.07 11.12 11.14 10.94 11.03 11.04 11.08 10.96 10.92 10.88 10.58 10.66 10.93 10.80 10.85 10.88 11.00 10.93 10.62 10.44 10.31 10.34 10.26 10.08 10.29 10.30 10.33 10.50 10.69
8.76 8.73 8.82 8.71 9.49 9.02 8.53 9.02 9.56 9.82 9.96 10.32 10.61 10.49 10.55 10.47 10.51 10.47 10.63 10.63 10.51 10.51 10.52 10.71 10.66 10.67 10.57 10.55 10.70 10.73 10.78 10.73 10.68 10.78 10.91 10.95 10.94 11.01 11.02 11.00 11.03 10.98 11.07 11.09 11.06 11.06 11.14 11.08 11.05 11.07 11.17 11.12 10.92 10.99 10.98 11.13 10.98 10.82 10.75 10.76 10.73 10.67 10.71 10.70 10.93 10.79 10.61 10.72 10.52 10.65 10.57 10.40 10.49 10.42 10.57 10.61 10.77
8.76 8.90 9.34 9.66 9.77 9.18 9.58 9.63 9.76 9.86 9.89 10.52 10.42 10.56 10.70 10.49 10.57 10.72 10.59 10.64 10.73 10.84 10.82 10.84 10.66 10.65 10.65 10.68 10.62 10.66 10.84 10.76 10.80 10.89 11.02 11.00 11.03 11.00 10.98 11.01 10.80 11.07 11.04 11.11 11.14 11.13 11.17 11.16 11.11 10.97 11.02 10.98 10.85 10.89 10.99 11.02 10.93 11.01 10.97 10.90 10.82 10.73 10.74 10.68 10.73 10.53 10.60 10.67 10.70 10.83 10.97 10.85 10.79 10.71 10.61 10.56 10.55
9.38 9.13 9.14 9.63 9.73 9.90 9.83 9.97 9.81 10.26 10.07 10.28 10.25 10.37 10.48 10.39 10.37 10.47 10.53 10.69 10.78 10.68 10.70 10.70 10.62 10.73 10.69 10.69 10.62 10.66 10.95 10.94 10.94 10.95 11.03 11.04 10.93 10.98 10.89 10.91 10.82 10.91 11.01 11.07 11.05 11.11 11.19 11.07 11.14 10.93 10.92 11.09 11.00 11.04 11.04 10.89 11.03 11.10 11.04 10.99 11.05 10.92 10.93 11.10 11.13 10.91 10.86 10.81 10.86 10.84 11.00 11.03 11.09 11.01 10.96 10.77 10.68
9.34 9.48 9.53 9.58 10.01 10.27 9.93 9.69 9.98 10.27 10.15 10.28 10.26 10.37 10.26 10.47 10.53 10.52 10.45 10.61 10.61 10.60 10.55 10.56 10.70 10.65 10.62 10.73 10.67 10.80 11.00 10.97 10.86 10.91 10.96 10.82 10.85 10.81 10.84 10.86 10.89 11.04 11.07 10.94 10.95 11.01 11.06 11.01 11.08 11.02 11.14 11.14 11.22 11.20 11.21 11.21 11.13 11.02 10.91 11.00 11.21 11.19 11.05 11.06 11.11 11.06 11.06 10.96 11.04 11.06 11.10 11.00 10.96 10.96 11.00 10.99 10.82
9.87 10.09 9.86 9.88 10.06 10.18 10.15 10.15 10.18 10.35 10.15 10.14 10.08 10.25 10.00 10.31 10.35 10.52 10.31 10.52 10.66 10.62 10.53 10.50 10.64 10.64 10.66 10.63 10.65 10.91 10.85 10.90 10.81 10.72 10.80 10.82 10.92 10.89 10.90 10.90 10.98 11.02 11.01 10.98 11.03 10.99 11.01 11.07 11.09 11.16 11.16 11.16 11.20 11.20 11.20 11.15 11.10 11.02 11.05 11.09 11.20 11.22 11.20 11.15 11.11 11.02 10.97 10.98 10.98 11.03 11.07 11.09 11.00 11.01 11.02 10.94 10.87
9.81 9.98 10.18 10.20 10.32 10.27 10.23 10.28 10.28 10.19 10.01 9.60 9.66 9.84 10.06 10.36 10.24 10.60 10.62 10.66 10.69 10.55 10.59 10.57 10.64 10.54 10.75 10.73 10.64 10.71 10.73 10.71 10.72 10.76 10.79 10.77 10.80 10.86 10.90 10.89 10.86 10.98 10.96 10.97 11.01 10.97 10.95 10.96 11.07 11.04 11.02 11.05 11.05 11.09 11.05 11.07 11.05 11.03 11.05 11.07 11.12 11.19 11.18 11.17 11.18 11.12 11.06 11.07 11.08 11.15 11.10 11.04 11.07 11.09 11.10 11.03 10.96
9.83 10.23 10.43 10.50 10.54 10.53 10.46 10.39 10.16 10.15 10.30 10.25 10.29 10.19 10.31 10.37 10.52 10.62 10.68 10.78 10.59 10.54 10.61 10.81 10.74 10.68 10.83 10.84 10.79 10.75 10.73 10.58 10.60 10.69 10.72 10.61 10.60 10.62 10.73 10.81 10.76 10.81 10.82 10.86 10.93 10.90 10.82 10.95 10.97 10.92 10.93 10.93 10.95 11.00 10.99 11.04 11.00 11.01 10.95 10.90 11.03 11.13 11.16 11.15 11.14 11.11 11.04 11.07 11.09 11.10 11.09 11.09 11.08 11.05 11.05 11.07 11.12
