BOM_solar_grid_data_201906/2019060220190602.grid
ncols 839
nrows 679
xllcenter 112.0500
yllcenter -43.9500
cellsize 0.0500
nodata_value 99999.90
[rows 374 to 407 of 679, columns 308 to 384 of 839]
13.73 13.73 13.73 13.73 13.73 13.74 13.75 13.76 13.75 13.74 13.74 13.74 13.74 13.73 13.75 13.75 13.75 13.76 13.74 13.73 13.72 13.72 13.72 13.73 13.73 13.72 13.73 13.73 13.73 13.73 13.73 13.76 13.75 13.74 13.74 13.75 13.74 13.74 13.74 13.73 13.74 13.75 13.76 13.76 13.75 13.74 13.75 13.76 13.75 13.75 13.75 13.74 13.75 13.76 13.76 13.75 13.76 13.76 13.74 13.73 13.74 13.74 13.75 13.75 13.74 13.75 13.75 13.76 13.75 13.74 13.75 13.76 13.75 13.76 13.76 13.76 13.77
13.72 13.72 13.72 13.72 13.72 13.73 13.73 13.73 13.72 13.72 13.72 13.71 13.70 13.71 13.71 13.72 13.72 13.72 13.70 13.70 13.69 13.70 13.69 13.70 13.71 13.71 13.70 13.70 13.70 13.69 13.70 13.72 13.71 13.71 13.74 13.74 13.74 13.73 13.71 13.72 13.73 13.73 13.73 13.72 13.72 13.73 13.73 13.74 13.75 13.75 13.75 13.75 13.73 13.75 13.75 13.75 13.73 13.73 13.72 13.72 13.72 13.73 13.74 13.73 13.73 13.73 13.72 13.73 13.73 13.73 13.74 13.74 13.74 13.74 13.73 13.73 13.74
13.69 13.69 13.70 13.69 13.69 13.69 13.70 13.69 13.69 13.70 13.70 13.70 13.69 13.68 13.69 13.69 13.68 13.70 13.68 13.67 13.68 13.68 13.68 13.67 13.67 13.68 13.68 13.67 13.68 13.68 13.68 13.70 13.71 13.70 13.70 13.71 13.71 13.71 13.70 13.71 13.71 13.71 13.71 13.69 13.69 13.71 13.70 13.72 13.73 13.72 13.73 13.72 13.72 13.73 13.73 13.71 13.71 13.70 13.70 13.70 13.70 13.71 13.71 13.71 13.71 13.71 13.70 13.70 13.70 13.72 13.70 13.70 13.70 13.70 13.70 13.70 13.71
13.66 13.66 13.67 13.67 13.67 13.67 13.67 13.67 13.68 13.68 13.69 13.68 13.68 13.68 13.67 13.67 13.67 13.67 13.66 13.65 13.65 13.65 13.65 13.66 13.65 13.65 13.66 13.66 13.66 13.66 13.66 13.67 13.67 13.67 13.67 13.68 13.68 13.68 13.69 13.71 13.69 13.69 13.70 13.68 13.68 13.70 13.70 13.71 13.70 13.70 13.70 13.69 13.70 13.70 13.70 13.69 13.67 13.68 13.68 13.68 13.68 13.68 13.69 13.69 13.68 13.68 13.68 13.67 13.67 13.68 13.68 13.68 13.67 13.67 13.67 13.68 13.69
13.63 13.63 13.63 13.64 13.64 13.64 13.64 13.65 13.66 13.65 13.65 13.65 13.65 13.65 13.64 13.63 13.63 13.64 13.63 13.63 13.63 13.62 13.63 13.63 13.63 13.63 13.63 13.63 13.64 13.63 13.63 13.63 13.63 13.63 13.64 13.63 13.65 13.66 13.66 13.65 13.66 13.68 13.69 13.67 13.67 13.68 13.68 13.68 13.67 13.66 13.66 13.67 13.67 13.66 13.67 13.65 13.65 13.66 13.65 13.65 13.65 13.65 13.65 13.65 13.66 13.65 13.65 13.66 13.66 13.65 13.66 13.65 13.64 13.64 13.64 13.64 13.66
13.62 13.63 13.63 13.62 13.62 13.63 13.62 13.64 13.64 13.63 13.62 13.61 13.62 13.62 13.62 13.62 13.61 13.61 13.61 13.61 13.60 13.61 13.63 13.62 13.64 13.64 13.61 13.62 13.61 13.61 13.60 13.60 13.60 13.60 13.60 13.60 13.61 13.63 13.63 13.61 13.61 13.65 13.68 13.67 13.64 13.65 13.66 13.65 13.63 13.63 13.63 13.63 13.63 13.64 13.63 13.63 13.63 13.63 13.62 13.63 13.64 13.63 13.63 13.63 13.63 13.64 13.64 13.64 13.64 13.64 13.64 13.63 13.63 13.63 13.62 13.62 13.63
13.61 13.62 13.60 13.60 13.59 13.60 13.60 13.60 13.59 13.60 13.60 13.60 13.60 13.60 13.60 13.60 13.60 13.60 13.60 13.60 13.59 13.60 13.61 13.61 13.62 13.60 13.60 13.60 13.60 13.59 13.59 13.58 13.58 13.59 13.62 13.60 13.60 13.61 13.61 13.60 13.60 13.61 13.63 13.61 13.62 13.62 13.62 13.61 13.61 13.61 13.61 13.60 13.62 13.66 13.61 13.60 13.61 13.61 13.61 13.61 13.62 13.62 13.61 13.61 13.61 13.63 13.63 13.64 13.62 13.62 13.62 13.60 13.61 13.60 13.60 13.59 13.59
13.58 13.58 13.58 13.57 13.57 13.57 13.56 13.56 13.56 13.55 13.56 13.57 13.58 13.58 13.58 13.58 13.60 13.58 13.58 13.58 13.57 13.57 13.58 13.58 13.57 13.57 13.57 13.58 13.60 13.60 13.58 13.57 13.57 13.59 13.58 13.61 13.60 13.58 13.58 13.57 13.58 13.58 13.58 13.57 13.57 13.57 13.58 13.58 13.58 13.58 13.58 13.58 13.58 13.59 13.60 13.59 13.58 13.60 13.60 13.60 13.60 13.60 13.60 13.59 13.60 13.60 13.62 13.62 13.60 13.61 13.61 13.60 13.60 13.59 13.58 13.58 13.57
13.54 13.55 13.54 13.54 13.54 13.56 13.53 13.53 13.53 13.53 13.52 13.53 13.55 13.56 13.55 13.54 13.55 13.55 13.55 13.56 13.55 13.55 13.57 13.57 13.56 13.55 13.56 13.57 13.58 13.60 13.58 13.57 13.58 13.58 13.57 13.57 13.55 13.55 13.54 13.54 13.55 13.55 13.56 13.56 13.55 13.55 13.55 13.56 13.55 13.56 13.57 13.55 13.56 13.57 13.57 13.57 13.58 13.60 13.59 13.57 13.57 13.57 13.57 13.56 13.56 13.56 13.59 13.61 13.60 13.59 13.59 13.60 13.56 13.59 13.56 13.55 13.55
13.52 13.54 13.57 13.54 13.52 13.54 13.52 13.51 13.50 13.50 13.50 13.50 13.51 13.51 13.51 13.51 13.51 13.52 13.51 13.52 13.54 13.56 13.55 13.53 13.53 13.54 13.56 13.57 13.58 13.58 13.56 13.54 13.55 13.55 13.54 13.53 13.53 13.53 13.53 13.54 13.54 13.54 13.54 13.55 13.54 13.54 13.53 13.53 13.53 13.54 13.56 13.54 13.54 13.54 13.54 13.55 13.54 13.55 13.54 13.55 13.55 13.56 13.55 13.55 13.54 13.54 13.55 13.55 13.56 13.56 13.56 13.55 13.37 13.53 13.55 13.53 13.53
13.51 13.52 13.51 13.50 13.50 13.51 13.53 13.52 13.49 13.48 13.48 13.46 13.47 13.48 13.48 13.47 13.47 13.46 13.46 13.46 13.46 13.48 13.49 13.51 13.51 13.52 13.52 13.53 13.52 13.51 13.51 13.52 13.51 13.50 13.49 13.49 13.50 13.51 13.51 13.50 13.50 13.51 13.52 13.52 13.53 13.51 13.51 13.51 13.50 13.50 13.51 13.52 13.51 13.51 13.51 13.52 13.52 13.53 13.54 13.53 13.54 13.54 13.54 13.53 13.51 13.50 13.48 13.49 13.50 13.49 13.51 13.56 13.51 13.50 13.51 13.51 13.51
13.51 13.50 13.47 13.48 13.50 13.47 13.47 13.47 13.46 13.45 13.45 13.43 13.42 13.44 13.45 13.45 13.45 13.46 13.45 13.44 13.44 13.44 13.44 13.47 13.47 13.48 13.48 13.50 13.50 13.42 13.50 13.49 13.49 13.49 13.48 13.48 13.47 13.48 13.49 13.47 13.46 13.46 13.46 13.47 13.48 13.47 13.49 13.48 13.48 13.48 13.48 13.49 13.49 13.49 13.49 13.50 13.49 13.50 13.53 13.51 13.51 13.51 13.51 13.50 13.48 13.46 13.43 13.42 13.45 13.45 13.46 13.49 13.50 13.50 13.49 13.49 13.49
13.46 13.46 13.45 13.44 13.45 13.45 13.44 13.44 13.44 13.44 13.42 13.43 13.41 13.41 13.42 13.41 13.40 13.40 13.40 13.41 13.40 13.39 13.39 13.40 13.42 13.43 13.43 13.45 13.46 13.45 13.47 13.46 13.47 13.46 13.46 13.46 13.46 13.45 13.41 13.39 13.39 13.40 13.42 13.45 13.45 13.45 13.46 13.46 13.46 13.46 13.46 13.45 13.46 13.46 13.46 13.47 13.46 13.47 13.49 13.49 13.49 13.48 13.48 13.44 13.41 13.40 13.39 13.39 13.40 13.44 13.40 13.42 13.52 13.50 13.47 13.47 13.46
13.44 13.44 13.43 13.44 13.43 13.43 13.43 13.42 13.42 13.41 13.42 13.41 13.40 13.37 13.37 13.36 13.36 13.36 13.37 13.36 13.36 13.36 13.34 13.37 13.39 13.38 13.41 13.42 13.41 13.44 13.45 13.44 13.44 13.43 13.43 13.43 13.43 13.42 13.41 13.40 13.41 13.40 13.42 13.43 13.43 13.44 13.44 13.44 13.44 13.44 13.44 13.44 13.44 13.43 13.43 13.43 13.44 13.44 13.46 13.46 13.46 13.47 13.44 13.43 13.42 13.40 13.38 13.37 13.41 13.41 13.38 13.46 13.45 13.50 13.48 13.47 13.45
13.42 13.41 13.41 13.42 13.41 13.42 13.43 13.40 13.40 13.39 13.39 13.39 13.36 13.36 13.35 13.35 13.34 13.34 13.36 13.36 13.33 13.33 13.31 13.34 13.37 13.36 13.38 13.39 13.39 13.39 13.40 13.41 13.41 13.41 13.40 13.40 13.40 13.40 13.40 13.40 13.40 13.40 13.40 13.40 13.40 13.41 13.41 13.42 13.42 13.42 13.42 13.41 13.41 13.42 13.41 13.41 13.41 13.41 13.42 13.42 13.46 13.45 13.40 13.39 13.38 13.39 13.37 13.35 13.37 13.42 13.46 13.45 13.43 13.47 13.46 13.43 13.42
13.39 13.39 13.39 13.38 13.38 13.39 13.39 13.38 13.36 13.37 13.36 13.35 13.35 13.34 13.34 13.32 13.29 13.30 13.32 13.32 13.30 13.31 13.30 13.30 13.32 13.34 13.35 13.35 13.36 13.36 13.37 13.38 13.38 13.38 13.36 13.37 13.38 13.39 13.39 13.38 13.37 13.35 13.36 13.37 13.37 13.37 13.37 13.38 13.38 13.39 13.39 13.40 13.40 13.39 13.40 13.39 13.39 13.39 13.40 13.39 13.41 13.44 13.41 13.39 13.39 13.39 13.38 13.37 13.38 13.39 13.41 13.45 13.43 13.43 13.40 13.40 13.40
13.36 13.35 13.36 13.36 13.35 13.36 13.36 13.36 13.36 13.36 13.35 13.33 13.33 13.33 13.32 13.31 13.30 13.30 13.31 13.32 13.32 13.31 13.31 13.28 13.28 13.31 13.34 13.33 13.35 13.36 13.38 13.37 13.37 13.37 13.36 13.36 13.36 13.36 13.36 13.36 13.34 13.33 13.33 13.34 13.34 13.34 13.35 13.35 13.35 13.36 13.36 13.36 13.37 13.37 13.37 13.38 13.38 13.38 13.39 13.39 13.39 13.39 13.41 13.38 13.37 13.38 13.37 13.38 13.43 13.43 13.41 13.44 13.43 13.40 13.39 13.38 13.37
13.34 13.34 13.33 13.33 13.33 13.33 13.34 13.33 13.34 13.34 13.32 13.30 13.30 13.31 13.29 13.28 13.28 13.29 13.30 13.31 13.31 13.30 13.31 13.30 13.28 13.29 13.32 13.32 13.33 13.35 13.36 13.36 13.35 13.35 13.35 13.33 13.33 13.33 13.33 13.32 13.32 13.32 13.31 13.31 13.31 13.30 13.30 13.31 13.32 13.32 13.35 13.35 13.35 13.36 13.36 13.36 13.37 13.37 13.37 13.38 13.36 13.37 13.39 13.38 13.38 13.39 13.37 13.39 13.41 13.42 13.43 13.41 13.39 13.38 13.38 13.38 13.36
13.32 13.32 13.32 13.31 13.31 13.31 13.32 13.32 13.32 13.32 13.29 13.28 13.28 13.28 13.28 13.28 13.26 13.26 13.27 13.28 13.29 13.30 13.28 13.28 13.29 13.28 13.28 13.28 13.31 13.31 13.31 13.33 13.32 13.32 13.33 13.32 13.31 13.30 13.29 13.28 13.28 13.28 13.28 13.28 13.28 13.27 13.28 13.29 13.31 13.32 13.33 13.33 13.33 13.33 13.33 13.33 13.33 13.34 13.35 13.36 13.36 13.34 13.34 13.36 13.37 13.37 13.36 13.36 13.40 13.38 13.40 13.41 13.38 13.37 13.38 13.35 13.34
13.30 13.30 13.30 13.29 13.29 13.29 13.29 13.29 13.30 13.29 13.29 13.28 13.28 13.28 13.27 13.26 13.26 13.26 13.24 13.27 13.29 13.28 13.26 13.26 13.27 13.28 13.27 13.27 13.26 13.26 13.27 13.27 13.28 13.28 13.30 13.29 13.29 13.27 13.26 13.26 13.24 13.24 13.27 13.26 13.26 13.27 13.27 13.27 13.28 13.28 13.27 13.25 13.25 13.25 13.27 13.27 13.27 13.28 13.28 13.30 13.31 13.32 13.32 13.32 13.33 13.35 13.34 13.33 13.35 13.35 13.35 13.37 13.33 13.32 13.31 13.31 13.32
13.29 13.27 13.27 13.27 13.28 13.28 13.28 13.28 13.27 13.27 13.26 13.26 13.26 13.25 13.25 13.25 13.25 13.26 13.24 13.23 13.24 13.24 13.23 13.24 13.25 13.25 13.26 13.25 13.24 13.26 13.24 13.23 13.24 13.25 13.27 13.27 13.26 13.27 13.26 13.26 13.25 13.26 13.27 13.27 13.25 13.26 13.24 13.23 13.21 13.20 13.18 13.17 13.19 13.21 13.22 13.24 13.25 13.26 13.27 13.28 13.27 13.28 13.28 13.29 13.30 13.31 13.31 13.31 13.29 13.30 13.32 13.31 13.30 13.29 13.30 13.30 13.30
13.27 13.26 13.26 13.26 13.26 13.27 13.27 13.26 13.26 13.26 13.25 13.25 13.24 13.24 13.25 13.24 13.23 13.22 13.22 13.21 13.19 13.21 13.21 13.20 13.21 13.22 13.23 13.22 13.22 13.22 13.22 13.21 13.16 13.18 13.22 13.25 13.25 13.26 13.24 13.23 13.23 13.24 13.24 13.26 13.26 13.26 13.23 13.20 13.18 13.20 13.20 13.20 13.19 13.21 13.24 13.25 13.24 13.25 13.26 13.25 13.26 13.23 13.23 13.25 13.26 13.27 13.27 13.27 13.27 13.26 13.29 13.28 13.28 13.28 13.27 13.27 13.28
13.25 13.25 13.24 13.23 13.23 13.25 13.25 13.24 13.23 13.22 13.22 13.21 13.21 13.20 13.20 13.20 13.19 13.20 13.20 13.21 13.19 13.19 13.18 13.18 13.19 13.20 13.20 13.20 13.17 13.18 13.16 13.17 13.14 13.11 13.09 13.12 13.16 13.16 13.16 13.18 13.19 13.19 13.20 13.19 13.19 13.21 13.22 13.19 13.18 13.18 13.19 13.18 13.19 13.20 13.23 13.23 13.21 13.23 13.24 13.24 13.22 13.20 13.22 13.25 13.25 13.25 13.25 13.25 13.25 13.25 13.25 13.23 13.23 13.24 13.25 13.25 13.25
13.24 13.24 13.23 13.22 13.22 13.23 13.22 13.22 13.19 13.18 13.17 13.16 13.17 13.17 13.16 13.16 13.17 13.17 13.19 13.21 13.19 13.17 13.18 13.18 13.18 13.19 13.19 13.17 13.12 13.09 13.08 13.06 13.07 13.07 13.08 13.05 13.06 13.06 13.09 13.10 13.10 13.12 13.16 13.18 13.18 13.19 13.18 13.17 13.14 13.15 13.16 13.15 13.17 13.20 13.21 13.20 13.21 13.22 13.22 13.19 13.17 13.18 13.21 13.23 13.23 13.23 13.23 13.23 13.23 13.24 13.24 13.23 13.22 13.22 13.22 13.23 13.23
13.22 13.22 13.21 13.20 13.20 13.21 13.20 13.19 13.18 13.17 13.15 13.15 13.15 13.16 13.15 13.15 13.14 13.13 13.13 13.16 13.18 13.16 13.16 13.18 13.18 13.17 13.15 13.11 13.07 13.00 13.00 12.98 12.99 12.96 12.96 12.98 13.02 13.04 13.04 13.03 13.08 13.07 13.13 13.12 13.09 13.14 13.14 13.15 13.13 13.12 13.13 13.14 13.16 13.16 13.17 13.16 13.18 13.20 13.18 13.17 13.15 13.17 13.20 13.20 13.20 13.21 13.21 13.22 13.22 13.22 13.21 13.21 13.21 13.21 13.21 13.19 13.19
13.19 13.19 13.17 13.15 13.17 13.18 13.18 13.16 13.16 13.15 13.14 13.14 13.14 13.13 13.13 13.13 13.12 13.10 13.09 13.13 13.11 13.09 13.05 13.10 13.15 13.14 13.10 13.09 13.06 13.01 12.95 12.96 12.93 12.90 12.92 12.98 12.99 13.00 13.00 12.98 13.00 13.01 13.06 13.06 13.11 13.14 13.15 13.12 13.13 13.11 13.12 13.12 13.11 13.14 13.17 13.17 13.16 13.16 13.16 13.17 13.17 13.17 13.18 13.18 13.21 13.18 13.16 13.17 13.18 13.18 13.19 13.19 13.20 13.20 13.19 13.18 13.17
13.18 13.18 13.16 13.13 13.15 13.16 13.14 13.14 13.15 13.15 13.14 13.12 13.12 13.13 13.12 13.12 13.09 13.04 13.01 13.05 13.02 13.00 12.96 12.97 13.06 13.08 13.05 13.03 13.03 13.03 12.99 12.98 12.98 12.92 12.94 12.97 13.01 13.03 13.02 13.04 13.04 13.00 13.03 13.07 13.08 13.11 13.11 13.11 13.09 13.09 13.10 13.11 13.11 13.14 13.15 13.16 13.15 13.14 13.16 13.15 13.13 13.14 13.14 13.13 13.19 13.14 13.14 13.14 13.15 13.16 13.17 13.16 13.17 13.17 13.17 13.17 13.17
13.16 13.17 13.15 13.14 13.14 13.14 13.11 13.11 13.13 13.13 13.14 13.12 13.11 13.12 13.13 13.11 13.09 13.01 12.96 12.98 12.97 12.97 12.91 12.94 12.99 13.00 12.98 12.99 13.03 13.04 13.02 12.98 12.97 12.99 12.99 12.98 12.95 13.04 13.04 13.02 13.03 13.01 13.00 13.03 13.06 13.12 13.12 13.11 13.11 13.12 13.11 13.10 13.12 13.12 13.14 13.15 13.15 13.14 13.13 13.12 13.12 13.12 13.11 13.10 13.11 13.12 13.11 13.10 13.12 13.14 13.15 13.15 13.14 13.15 13.15 13.15 13.15
13.12 13.12 13.13 13.11 13.09 13.11 13.10 13.11 13.10 13.11 13.12 13.11 13.11 13.11 13.11 13.10 13.08 13.05 13.01 12.99 12.97 12.96 12.92 12.97 13.02 13.01 12.97 12.98 13.02 13.02 13.00 13.00 13.00 13.01 12.98 12.96 13.01 13.03 13.03 13.00 13.03 13.05 13.09 13.08 13.02 13.08 13.10 13.11 13.06 13.12 13.11 13.03 13.10 13.09 13.10 13.11 13.11 13.11 13.11 13.11 13.12 13.11 13.12 13.12 13.12 13.11 13.11 13.10 13.12 13.11 13.12 13.12 13.12 13.12 13.12 13.11 13.11
13.08 13.07 13.07 13.09 13.07 13.08 13.09 13.09 13.10 13.10 13.10 13.10 13.11 13.11 13.11 13.11 13.10 13.04 13.04 13.01 12.99 12.97 12.92 12.96 13.01 12.98 13.00 13.01 13.01 13.02 13.01 12.99 13.03 13.02 12.95 13.01 13.01 13.02 13.04 13.04 13.06 13.06 13.10 13.10 13.06 13.01 13.07 13.06 13.03 13.05 13.07 13.02 13.03 13.06 13.03 13.03 13.05 13.06 13.08 13.10 13.12 13.10 13.10 13.11 13.13 13.14 13.12 13.13 13.15 13.13 13.12 13.14 13.11 13.13 13.12 13.12 13.10
13.06 13.04 13.04 13.03 13.04 13.06 13.07 13.07 13.09 13.08 13.08 13.08 13.07 13.08 13.08 13.09 13.09 13.03 12.99 13.02 13.00 12.96 12.98 12.98 13.00 13.04 13.02 13.00 12.97 12.97 13.02 13.01 13.04 13.02 12.97 13.04 13.03 13.01 13.05 13.05 13.07 13.06 13.05 13.07 13.05 13.00 13.03 13.03 13.02 13.06 13.07 13.03 12.97 13.02 13.03 13.00 13.01 13.01 13.03 13.06 13.06 13.07 13.09 13.09 13.09 13.09 13.11 13.11 13.10 13.10 13.10 13.11 13.13 13.13 13.12 13.12 13.12
13.05 13.04 13.03 13.01 13.01 13.02 13.05 13.06 13.06 13.05 13.05 13.06 13.05 13.04 13.04 13.04 13.02 13.00 12.95 12.99 13.02 13.01 12.99 12.99 13.00 13.00 13.00 12.97 12.96 12.96 12.99 12.98 12.98 13.01 12.98 12.97 13.04 13.03 13.03 13.00 13.02 13.04 13.06 13.04 13.02 12.99 13.00 12.91 12.96 12.96 12.94 12.95 12.91 12.94 12.99 12.97 13.00 12.99 12.98 12.99 13.03 13.04 13.05 13.04 13.05 13.06 13.07 13.10 13.09 13.10 13.09 13.09 13.10 13.09 13.07 13.09 13.09
13.04 13.02 13.00 13.00 13.00 13.00 13.02 13.03 13.04 13.04 13.04 13.04 13.03 13.02 13.01 12.99 12.98 12.99 12.99 12.99 13.01 13.00 13.00 12.99 12.98 12.99 12.94 12.92 12.98 12.95 12.95 12.89 12.88 12.88 12.96 12.96 12.97 12.97 12.94 12.98 12.96 12.98 12.96 12.94 12.92 12.91 12.85 12.94 12.88 12.93 12.94 12.96 12.90 12.89 12.89 12.87 12.92 12.95 12.95 12.96 12.92 12.88 12.91 12.95 12.99 13.01 13.03 13.00 13.01 13.05 13.05 13.04 13.03 13.04 13.01 13.07 13.05
13.03 13.02 13.01 12.99 13.01 13.02 13.03 13.03 13.02 13.02 13.01 12.99 13.01 13.01 12.99 12.99 12.96 12.96 12.97 12.98 12.96 12.95 12.96 12.96 12.94 12.94 12.87 12.87 12.88 12.87 12.83 12.79 12.72 12.79 12.77 12.79 12.82 12.85 12.90 12.81 12.95 12.92 12.85 12.85 12.85 12.80 12.77 12.78 12.82 12.80 12.84 12.83 12.89 12.82 12.84 12.84 12.82 12.85 12.83 12.81 12.77 12.82 12.81 12.91 12.88 12.94 12.99 12.92 12.98 12.97 12.99 13.01 12.98 12.96 13.02 13.04 13.01
