BOM_solar_grid_data_201906/2019061520190615.grid
ncols 839
nrows 679
xllcenter 112.0500
yllcenter -43.9500
cellsize 0.0500
nodata_value 99999.90
[rows 442 to 475 of 679, columns 539 to 615 of 839]
10.25 10.41 10.43 11.07 10.93 11.74 11.83 11.73 11.74 11.73 11.74 11.70 11.71 11.67 11.53 11.53 10.32 10.85 11.00 11.25 9.73 9.63 9.76 9.89 10.48 10.55 10.43 10.45 10.28 10.49 11.25 11.11 11.46 11.14 10.93 9.98 9.77 9.94 9.93 10.57 10.33 10.84 9.78 10.48 11.45 11.40 10.95 10.25 10.09 10.44 10.92 10.50 9.75 10.25 10.09 9.69 9.69 10.05 11.21 11.37 10.54 10.88 11.63 11.71 11.76 11.70 11.60 11.70 11.81 11.82 11.77 11.75 11.35 11.36 11.58 11.85 11.84
9.92 10.80 11.05 10.67 11.16 11.52 11.56 11.67 11.68 11.65 11.61 11.50 11.50 11.69 11.81 11.59 11.07 10.57 11.01 10.45 10.61 9.77 9.46 9.89 10.50 10.67 10.75 10.44 10.24 10.56 11.02 11.12 10.96 11.05 10.69 10.01 10.25 10.35 10.30 10.09 9.95 9.97 10.20 10.36 10.85 11.11 10.90 10.91 10.64 10.57 10.65 10.78 10.44 10.83 11.16 10.21 10.19 10.99 10.47 9.89 10.13 10.12 10.68 10.48 11.38 11.44 11.41 11.58 11.75 11.26 11.76 11.20 10.97 11.17 11.40 11.81 11.84
10.03 10.53 10.78 10.85 11.19 11.17 11.37 11.67 11.74 11.72 11.61 11.70 11.62 11.66 11.66 11.65 10.67 9.77 10.73 10.78 9.80 9.39 10.30 10.79 10.12 10.85 11.06 10.41 10.66 11.02 11.22 10.96 10.93 10.81 10.51 10.75 11.20 10.99 10.56 9.74 9.46 9.11 10.35 9.75 10.16 10.05 10.18 10.89 11.28 11.07 11.00 11.17 10.77 10.84 10.67 10.83 9.49 9.43 9.64 9.86 9.88 10.89 10.30 10.33 10.68 9.33 9.92 10.32 11.75 11.26 11.76 11.16 11.09 10.81 11.75 11.83 11.80
9.86 10.30 10.83 10.96 11.12 11.55 11.53 11.73 11.69 11.70 11.74 11.71 10.96 11.60 11.53 11.46 10.81 10.43 10.16 10.04 10.09 9.62 10.72 10.58 10.81 10.19 10.56 10.82 10.89 11.33 11.00 10.64 10.98 10.65 10.81 10.73 10.30 10.68 10.38 10.43 9.83 10.22 10.56 10.37 10.42 10.56 10.28 10.94 11.45 11.23 10.98 11.08 11.32 11.38 11.24 10.66 9.94 9.41 9.75 10.90 10.64 10.36 9.83 10.83 9.45 9.33 9.92 10.32 10.32 9.74 10.11 10.11 10.68 11.28 11.58 11.28 11.68
9.60 9.71 9.87 10.86 11.10 11.45 11.49 11.66 11.74 11.53 11.52 11.43 11.38 11.28 11.40 11.24 10.74 9.84 10.53 9.96 9.78 10.01 10.29 10.68 10.66 10.16 10.43 10.57 11.01 10.90 10.82 10.85 11.21 11.13 10.54 10.29 10.50 10.17 10.74 10.11 10.26 10.99 11.00 10.74 11.22 10.78 10.69 10.85 11.07 11.08 11.15 11.11 11.39 11.19 11.01 10.81 10.72 10.08 10.03 9.35 10.49 10.85 10.09 9.87 10.25 10.25 10.71 10.32 9.74 9.74 10.50 10.81 11.52 11.80 10.61 10.28 9.92
8.88 9.41 9.86 10.72 11.09 11.10 11.46 11.46 11.51 11.45 10.82 10.87 11.10 10.93 11.12 11.06 10.78 10.78 10.63 9.98 10.29 10.38 10.10 10.56 10.80 10.64 10.68 10.36 10.76 11.19 10.66 10.92 11.09 10.71 10.74 10.06 11.09 10.98 10.21 10.66 10.97 11.49 10.92 10.99 11.56 10.97 10.79 10.94 11.10 11.06 11.28 11.54 11.67 11.47 11.63 11.28 10.93 10.64 10.23 10.00 10.36 10.59 10.77 10.62 9.45 10.71 10.71 10.88 10.92 10.92 11.03 11.18 11.18 10.83 9.90 9.50 9.31
8.77 9.35 9.95 10.80 11.13 11.28 11.44 11.39 11.13 11.09 10.71 10.87 11.03 10.70 11.31 10.98 10.83 10.61 10.43 10.54 10.42 10.41 10.20 10.12 10.18 10.73 10.33 10.50 10.53 11.15 11.09 10.78 10.76 10.75 11.28 10.91 11.23 10.67 10.71 10.94 10.04 10.33 10.18 10.36 11.26 11.27 11.13 11.36 10.99 11.28 11.30 11.47 11.48 11.71 11.65 11.47 11.31 11.05 10.61 10.66 10.79 10.73 10.81 10.13 9.45 10.71 10.93 10.88 10.18 10.94 11.09 11.50 10.91 10.07 8.33 9.96 10.99
9.58 9.71 10.12 10.87 10.82 11.22 11.38 10.96 10.90 10.17 10.96 10.93 10.91 10.95 10.79 10.89 10.54 10.94 10.48 10.99 10.47 9.89 9.81 10.10 9.95 9.99 9.69 10.63 10.46 10.98 10.94 11.10 11.13 10.93 11.26 11.34 11.03 10.84 10.90 10.86 10.45 10.96 10.87 10.65 10.96 11.34 11.45 11.32 11.42 11.38 11.36 11.22 11.15 11.37 11.34 11.41 11.32 11.27 11.20 10.97 10.77 11.25 10.81 9.78 9.78 10.93 10.93 11.10 11.06 11.41 11.59 11.68 10.96 9.51 10.26 9.54 8.69
10.33 9.68 9.71 10.32 10.42 10.65 11.01 11.03 10.65 10.24 10.39 11.06 10.61 10.33 10.27 10.37 10.50 9.97 10.04 10.24 9.75 9.92 9.58 9.80 9.87 9.89 9.45 9.64 10.54 11.01 11.08 11.05 11.18 11.02 10.92 11.11 10.55 10.65 9.91 10.31 10.54 11.03 11.27 11.52 11.22 11.27 11.29 11.07 11.33 11.55 11.41 11.40 10.98 10.47 11.39 11.21 11.48 11.54 11.57 10.50 10.97 10.12 9.61 10.85 10.85 11.53 11.53 11.33 11.41 11.64 11.53 11.56 11.44 9.82 8.87 9.21 9.28
10.07 9.68 9.34 9.72 9.89 10.31 10.80 10.87 10.68 10.33 9.79 10.38 10.72 10.59 10.18 9.91 10.17 10.06 9.67 9.84 9.83 9.73 9.91 9.49 9.91 9.74 9.50 9.97 9.95 10.61 11.16 10.97 11.15 10.85 10.79 10.80 10.88 10.59 10.59 10.78 11.05 11.45 11.21 11.46 11.46 11.43 11.37 11.29 11.43 11.60 11.65 11.11 11.12 10.48 11.26 11.29 11.64 11.65 11.59 11.21 10.79 9.50 9.47 10.72 11.49 11.67 11.68 11.64 11.49 11.66 11.64 11.56 10.69 10.07 10.44 10.55 10.06
10.12 10.25 9.96 9.77 10.00 10.44 10.39 10.21 10.31 10.08 9.84 10.09 10.28 10.36 10.27 10.33 10.39 9.94 9.14 8.79 9.45 9.49 9.31 9.90 9.82 10.58 10.56 10.52 10.09 10.40 10.72 11.10 11.16 10.78 10.50 10.88 11.05 11.30 11.32 11.30 11.27 11.51 11.48 11.21 11.54 11.50 11.30 10.82 11.03 11.47 11.35 10.90 10.25 11.14 11.35 11.58 11.64 11.63 11.53 11.20 11.28 10.75 10.57 10.07 11.55 11.58 11.60 11.37 11.22 11.55 11.57 11.10 10.09 9.49 9.09 8.62 8.90
10.37 10.41 10.42 10.02 10.10 10.27 10.54 10.24 10.36 10.16 10.03 10.32 10.32 10.40 10.55 10.55 10.64 10.26 9.10 8.65 8.93 9.14 9.16 9.23 9.91 10.26 10.62 11.03 10.54 10.94 11.03 11.01 11.22 11.07 10.87 10.99 10.94 11.38 11.21 11.33 11.38 11.47 11.29 11.19 11.42 11.35 11.13 10.69 10.68 11.37 11.40 11.22 10.67 11.05 11.20 11.46 11.54 11.53 11.44 10.66 11.31 11.38 11.50 11.59 11.47 11.29 11.44 10.85 10.68 10.98 10.99 9.75 10.04 10.45 10.61 9.36 9.43
10.43 10.74 10.78 10.59 10.34 10.28 10.36 10.65 10.66 10.95 10.41 9.78 10.49 10.41 10.71 10.97 11.12 10.36 9.79 9.77 9.48 9.74 9.53 9.70 9.91 10.43 10.58 10.65 10.53 10.34 10.63 10.46 10.92 11.10 10.75 10.51 10.60 11.03 10.67 11.11 11.11 11.05 10.94 11.13 11.09 11.35 11.41 11.09 11.00 11.41 11.44 10.99 10.95 10.97 11.24 11.36 11.41 11.30 11.31 11.22 11.36 11.50 11.54 11.56 11.24 11.51 11.19 11.47 11.45 11.58 10.86 11.56 11.57 11.48 10.14 9.50 9.99
10.24 10.64 10.87 10.62 10.26 10.24 10.44 10.69 11.07 11.25 10.50 10.01 10.32 10.27 10.74 11.15 11.06 10.89 10.31 10.17 9.97 9.69 9.69 9.93 10.00 10.43 10.28 9.93 10.57 10.27 10.53 10.37 10.65 10.74 10.73 10.89 10.77 11.00 11.23 11.00 10.87 10.71 11.03 11.09 11.24 11.36 11.29 11.37 11.13 10.90 10.71 10.58 10.63 10.72 11.24 11.32 11.26 11.18 10.71 10.88 11.18 11.41 11.21 11.40 11.25 11.47 11.51 11.35 11.00 11.03 10.85 11.44 11.43 10.69 8.91 9.92 11.04
10.17 10.50 10.42 10.63 10.59 10.58 10.79 10.87 11.17 10.75 10.81 10.41 10.35 10.27 10.71 11.11 11.13 11.15 10.74 10.36 10.09 10.07 10.01 10.13 10.32 10.38 10.46 10.19 10.42 10.76 10.43 10.24 10.29 10.72 10.82 10.95 10.94 11.11 11.05 11.09 10.96 10.89 10.87 11.35 11.36 11.14 11.20 11.25 11.34 11.18 10.82 10.89 10.58 10.56 10.66 11.15 10.96 9.45 10.19 10.53 11.20 11.33 11.43 11.50 11.29 11.43 11.53 11.49 11.05 11.53 11.51 11.50 11.45 9.29 9.26 9.83 11.46
9.86 10.09 10.40 10.52 10.58 10.76 11.00 10.99 10.91 10.62 10.87 10.62 10.61 10.84 11.09 11.33 11.29 11.14 10.91 10.50 9.96 9.77 9.74 10.29 10.41 10.16 10.20 10.21 10.63 10.84 10.45 10.75 10.16 9.99 10.50 10.69 10.76 10.78 11.09 11.09 11.17 11.00 11.25 11.20 11.42 11.07 11.15 11.14 11.20 11.07 10.02 10.97 10.81 11.10 11.27 11.34 11.26 10.95 11.23 11.34 11.39 11.42 11.39 11.48 11.50 11.51 11.47 11.30 11.43 11.42 11.37 11.25 10.76 9.58 10.91 11.41 11.07
9.72 9.86 10.13 10.22 10.42 10.74 10.79 10.83 10.78 10.43 10.77 10.85 10.69 10.85 11.16 11.10 10.89 11.00 10.86 10.54 10.20 10.05 9.93 10.07 10.32 10.34 10.52 10.65 11.03 10.91 10.84 10.55 9.91 9.90 9.93 10.33 10.74 10.99 11.19 10.86 10.42 10.72 10.86 11.01 11.31 11.27 11.34 11.30 11.19 10.84 10.66 11.29 11.32 10.94 11.08 11.23 11.25 11.33 11.31 11.21 10.75 10.78 11.45 11.51 11.50 11.49 11.48 11.41 11.42 11.39 11.34 10.74 9.94 9.39 11.32 11.47 11.47
9.97 9.63 9.87 10.52 10.59 10.27 10.31 10.30 10.61 10.75 10.80 10.72 10.85 10.82 10.87 10.84 10.72 10.81 10.93 10.75 10.72 10.70 10.27 10.21 10.33 10.53 10.47 10.84 10.96 10.73 10.92 11.04 10.52 10.67 10.41 10.26 10.76 10.93 10.98 10.69 10.52 10.66 10.47 10.44 10.73 10.76 10.92 11.08 11.15 11.25 11.22 11.15 11.21 11.26 11.30 11.34 11.24 11.24 10.84 10.32 10.90 11.40 11.48 11.47 11.45 11.44 11.42 11.42 11.42 11.44 11.32 11.10 11.11 11.44 11.37 11.44 11.37
10.32 9.64 9.88 10.42 10.35 10.39 10.21 10.30 10.63 10.85 10.76 10.50 10.77 10.85 10.65 10.72 10.47 10.50 10.73 10.83 10.89 10.79 10.73 10.62 10.05 9.75 10.40 10.69 11.02 11.01 11.11 11.13 11.02 11.04 11.00 10.92 10.93 10.73 10.69 10.77 10.91 10.88 10.79 10.66 10.16 10.45 10.47 10.54 10.45 10.73 11.09 11.20 11.20 11.23 11.28 11.31 11.35 11.37 11.36 11.28 11.31 11.48 11.47 11.43 11.41 11.41 11.41 11.41 11.41 11.42 11.42 11.42 11.35 11.32 11.04 11.03 11.18
10.58 9.60 10.17 10.35 10.40 10.45 9.83 10.21 10.46 10.55 10.67 10.57 10.81 10.92 10.44 10.29 10.85 10.63 10.50 11.06 11.04 10.93 10.89 10.31 10.01 10.06 10.39 10.87 11.03 11.16 11.23 11.17 11.00 11.16 11.08 10.97 10.69 10.18 10.43 10.56 10.45 10.26 10.53 10.32 10.44 10.43 10.38 10.72 10.40 10.46 10.83 10.94 10.68 10.96 11.31 11.36 11.37 11.38 11.42 11.45 11.45 11.45 11.39 11.38 11.40 11.40 11.39 11.39 11.37 11.29 10.73 10.94 11.33 11.30 10.92 10.93 10.42
10.43 9.89 10.24 10.24 10.49 10.18 10.39 9.93 10.40 10.43 10.44 10.80 11.07 10.95 10.87 10.30 10.09 10.49 10.57 10.96 11.00 11.04 10.96 10.64 10.29 10.30 10.65 10.92 11.21 11.27 11.21 11.10 11.06 11.10 11.10 11.10 10.89 10.46 10.34 10.01 10.33 10.26 10.31 10.33 10.52 10.43 10.69 10.80 10.70 10.97 10.98 10.97 10.97 11.13 11.32 11.36 11.37 11.39 11.40 11.39 11.37 11.35 11.34 11.37 11.38 11.40 11.36 11.37 11.38 11.34 11.36 11.29 11.32 11.29 10.80 9.64 9.99
10.29 10.62 10.33 10.43 10.30 10.03 10.30 10.02 9.61 9.80 9.93 10.47 10.92 10.98 11.13 10.70 9.50 10.12 10.38 10.67 10.87 11.02 10.88 10.78 10.86 10.55 10.55 10.76 11.05 11.18 11.19 11.18 11.01 11.06 11.04 11.09 10.91 10.69 10.50 10.36 10.38 10.41 10.37 10.19 10.54 10.45 10.69 10.92 10.85 11.10 11.10 11.23 11.30 11.25 11.34 11.40 11.37 11.39 11.36 11.37 11.37 11.37 11.36 11.36 11.38 11.38 11.35 11.35 11.35 11.37 11.38 11.35 11.33 11.32 11.32 10.99 11.12
10.29 10.53 10.58 10.45 10.08 10.22 10.04 10.20 10.06 9.66 10.02 10.43 10.67 10.81 10.75 10.63 10.08 10.05 9.83 10.46 10.73 11.05 10.97 10.98 10.93 10.83 10.31 10.55 10.68 10.81 11.07 11.18 10.95 10.90 10.89 10.74 10.61 10.69 10.28 10.23 10.41 10.05 10.08 10.64 10.58 10.25 10.60 10.72 10.48 11.03 11.15 11.35 11.35 11.34 11.35 11.37 11.35 11.30 11.34 11.33 11.32 11.35 11.37 11.37 11.36 11.37 11.35 11.34 11.33 11.34 11.36 11.34 11.31 11.29 11.30 11.14 10.60
10.22 10.56 10.44 10.20 10.02 10.14 10.05 10.26 10.10 9.98 9.92 10.31 10.36 10.42 10.61 10.50 10.48 10.45 9.99 9.97 10.43 10.95 10.93 10.97 11.09 10.92 10.78 10.81 10.97 11.00 10.67 10.76 10.75 10.71 10.60 10.54 10.60 10.53 10.29 10.47 10.42 10.15 10.54 10.06 10.21 10.38 10.62 10.68 10.79 11.27 11.07 11.34 11.32 11.32 11.31 11.31 11.26 11.26 11.26 11.31 11.35 11.36 11.35 11.35 11.31 11.31 11.30 11.29 11.30 11.29 11.31 11.31 11.29 11.28 11.27 11.25 11.17
10.25 9.78 10.49 10.34 10.26 10.23 10.05 9.99 10.06 9.98 10.14 10.11 10.43 10.61 10.42 10.19 10.24 10.61 10.33 10.09 10.30 10.60 10.71 10.92 11.07 10.86 10.88 10.75 10.75 10.85 10.60 10.08 10.42 10.58 10.71 10.47 10.54 10.63 10.63 10.64 10.56 10.43 10.33 10.52 10.25 10.32 10.39 10.92 11.03 11.15 11.27 11.28 11.28 11.22 11.22 11.15 11.08 11.10 11.24 11.30 11.32 11.33 11.32 11.31 11.29 11.25 11.25 11.25 11.27 11.25 11.27 11.10 11.24 11.23 11.23 11.22 11.10
10.87 10.67 10.33 10.65 10.64 10.32 10.16 10.32 10.16 10.28 10.30 10.33 10.39 10.43 10.52 10.27 10.01 10.22 10.43 10.39 10.39 10.32 10.42 10.80 10.93 10.76 10.68 10.67 10.66 10.73 10.53 10.38 10.39 10.19 10.33 10.49 10.54 10.46 10.45 10.53 10.53 10.39 10.16 10.71 10.68 10.82 10.75 10.72 11.03 11.19 11.28 11.23 11.16 11.08 11.04 11.01 11.10 11.25 11.30 11.28 11.28 11.30 11.30 11.26 11.21 11.24 11.22 11.22 11.25 11.18 11.15 11.14 11.23 11.20 11.10 11.12 11.15
10.89 10.73 10.39 10.44 10.67 10.51 10.45 10.53 10.40 10.53 10.30 10.21 10.42 10.53 10.52 10.43 10.50 10.15 9.88 10.19 10.47 10.44 10.57 10.56 10.86 10.85 10.71 10.52 10.67 10.50 10.46 10.45 10.55 10.54 10.62 10.66 10.55 10.32 10.19 10.01 10.40 10.44 10.53 10.49 10.48 10.37 10.83 10.82 10.97 11.14 11.15 11.16 10.99 10.92 11.00 11.05 11.14 11.20 11.26 11.29 11.29 11.28 11.25 11.24 11.20 11.20 11.22 11.21 11.26 11.24 11.23 11.22 11.14 11.04 11.11 11.11 11.11
10.84 10.53 10.56 10.27 10.02 10.29 10.37 10.42 10.67 10.66 10.33 10.48 10.53 10.80 10.53 10.41 10.43 10.22 10.18 10.39 10.51 10.64 10.69 10.59 10.57 10.52 10.42 10.52 10.54 10.50 10.58 10.61 10.93 10.72 10.59 10.50 10.76 10.50 10.61 10.38 10.56 10.27 10.30 10.32 10.72 10.63 10.90 10.73 11.05 10.87 10.96 10.94 10.92 10.90 10.96 11.15 11.23 11.26 11.27 11.26 11.23 11.24 11.24 11.23 11.20 11.18 11.21 11.23 11.24 11.20 11.17 11.06 11.02 11.08 11.05 11.08 11.11
10.77 10.72 10.59 10.15 9.81 9.82 10.23 10.49 10.38 10.29 10.49 10.85 10.90 10.71 10.80 10.56 10.58 10.59 10.25 10.53 10.49 10.61 10.74 10.83 10.77 10.52 10.53 10.56 10.47 10.45 10.46 10.78 10.81 10.67 10.65 10.56 10.44 10.38 10.52 10.66 10.72 10.82 10.95 10.98 11.03 10.82 10.57 10.78 10.92 10.88 10.84 10.97 11.06 11.09 11.15 11.19 11.22 11.24 11.25 11.23 11.22 11.21 11.20 11.16 11.16 11.17 11.14 11.11 11.09 11.00 10.98 10.96 10.99 11.04 11.05 11.09 11.11
10.78 10.71 10.58 10.17 9.89 10.11 9.79 10.06 10.41 10.31 10.43 10.69 10.86 10.96 10.85 10.83 10.64 10.71 10.45 9.91 10.29 10.59 10.74 10.73 10.62 10.55 10.37 10.22 10.52 10.51 10.49 10.68 10.68 10.56 10.38 10.45 10.58 10.75 10.72 10.71 10.79 11.03 11.00 10.95 10.78 10.71 10.72 10.69 11.00 11.06 11.00 11.13 11.17 11.17 11.18 11.18 11.18 11.19 11.20 11.19 11.20 11.20 11.16 11.14 11.15 11.15 11.10 10.98 11.00 11.03 11.00 10.96 10.98 11.05 11.06 11.09 10.90
10.89 10.73 10.42 10.43 10.27 10.34 10.15 10.38 10.29 10.20 10.54 10.78 10.85 11.06 10.85 10.85 10.89 10.66 10.27 9.89 9.97 10.11 10.32 10.51 10.45 10.59 10.25 9.99 10.28 10.15 10.28 10.52 10.42 10.60 10.72 10.79 10.87 10.58 11.01 11.00 10.94 11.00 10.97 10.88 10.79 10.82 10.96 11.04 11.09 11.15 11.16 11.14 11.16 11.17 11.16 11.15 11.14 11.12 11.14 11.13 11.14 11.14 11.10 11.12 11.11 11.09 11.01 11.07 11.08 11.03 10.99 11.04 11.06 11.08 11.06 10.92 10.57
11.00 10.69 10.30 10.47 10.25 10.50 10.11 10.55 10.14 10.31 10.33 10.41 10.61 10.92 10.78 10.64 10.79 10.75 10.25 10.03 10.01 10.02 9.83 10.02 10.46 10.54 10.16 10.08 9.93 10.12 10.05 10.59 10.61 10.47 10.78 10.92 10.93 10.97 11.01 10.98 10.99 10.87 10.95 10.92 10.79 10.98 11.04 10.99 11.04 11.11 11.12 11.09 11.13 11.16 11.15 11.14 11.13 11.10 11.06 10.99 11.03 11.02 10.98 11.04 11.01 11.06 11.11 11.11 11.09 11.09 11.07 11.04 11.06 11.07 11.07 11.04 11.10
10.81 10.73 10.57 10.45 10.27 10.55 10.39 10.58 10.42 10.33 10.45 10.51 10.85 10.93 10.79 10.75 10.71 10.62 10.57 10.56 10.34 10.03 10.34 10.50 10.44 10.53 10.30 10.11 10.17 10.09 10.12 10.36 10.37 10.52 10.58 10.68 10.77 10.88 10.90 10.84 10.70 10.94 11.00 10.92 10.78 10.94 11.08 11.04 11.04 11.08 11.12 11.12 11.09 11.15 11.15 11.11 11.11 11.08 10.99 10.99 10.89 10.86 10.75 10.91 10.98 11.05 11.05 11.03 11.05 11.06 11.03 11.03 11.03 11.00 11.06 10.98 10.87
10.61 10.84 10.59 10.55 10.67 10.77 10.37 10.00 10.16 10.27 10.51 10.28 10.34 10.65 10.41 10.65 10.84 10.77 10.73 10.69 10.63 10.59 10.51 10.57 10.56 10.55 10.54 10.29 10.31 10.27 10.43 10.54 10.44 10.57 10.61 10.72 10.79 10.45 10.32 10.54 10.64 10.81 10.87 10.83 10.94 10.92 11.05 11.04 11.03 11.08 11.05 11.09 11.11 11.11 11.12 11.11 11.11 10.93 10.89 11.00 11.05 10.89 10.96 10.93 10.98 11.08 11.04 10.96 10.96 10.99 10.98 11.00 11.01 10.94 10.97 10.76 10.99
