BOM_solar_grid_data_201906/2019060120190601.grid
ncols 839
nrows 679
xllcenter 112.0500
yllcenter -43.9500
cellsize 0.0500
nodata_value 99999.90
[rows 374 to 407 of 679, columns 462 to 538 of 839]
13.49 13.36 13.36 13.22 13.32 13.47 13.31 13.02 13.00 12.84 12.75 12.45 12.47 12.60 12.47 12.18 12.20 12.00 12.04 12.00 12.18 12.05 12.03 12.17 12.30 12.32 12.32 12.19 11.92 11.85 11.94 11.87 11.81 12.11 12.35 12.49 12.06 11.29 11.12 10.72 11.24 11.09 11.00 11.43 10.83 10.37 10.06 10.37 10.57 9.94 10.13 10.12 10.31 10.94 10.73 10.17 10.13 10.12 10.92 10.63 11.20 10.13 9.88 10.03 10.31 10.04 10.28 9.63 10.23 10.17 9.95 10.20 9.77 9.88 10.21 10.12 9.92
13.32 13.42 13.43 13.42 13.42 13.52 13.40 13.42 12.97 12.90 12.69 12.51 12.37 12.47 12.37 12.10 11.93 11.99 11.77 11.85 11.92 12.09 12.19 12.41 12.62 12.31 12.33 12.33 12.38 12.00 11.81 11.90 11.92 12.20 12.38 12.08 12.20 11.72 11.31 11.64 10.97 11.56 11.57 11.63 10.88 10.73 10.50 11.10 10.90 10.38 10.27 10.30 10.12 10.43 10.85 10.50 10.24 10.46 10.52 10.91 10.62 10.41 10.01 10.12 9.71 9.96 9.88 9.75 9.68 10.43 10.53 10.17 10.24 10.38 10.03 10.02 10.20
13.30 13.40 13.34 13.48 13.55 13.50 13.20 13.26 13.11 12.94 12.68 12.74 12.42 12.34 12.22 12.08 11.94 12.03 11.83 11.81 11.70 11.71 11.93 12.08 12.24 12.43 12.49 12.53 12.51 12.37 12.20 12.17 11.89 11.80 11.92 11.66 11.26 10.99 11.12 10.98 11.09 12.01 11.46 11.46 11.39 11.04 11.01 11.38 11.18 11.00 10.83 10.51 10.59 10.37 10.56 10.45 10.56 10.41 10.59 10.34 10.45 10.69 9.78 10.29 9.92 10.24 10.23 9.78 9.47 10.09 10.08 10.23 9.71 9.70 10.07 10.36 10.46
13.08 13.11 13.26 13.36 13.29 13.47 13.37 13.49 13.35 13.18 13.01 12.66 12.66 12.46 12.37 12.21 12.19 12.06 11.90 11.80 11.75 11.89 11.87 11.73 11.92 11.94 12.10 12.17 12.58 12.37 12.43 12.12 11.93 11.75 11.66 11.40 11.05 10.66 10.45 11.00 11.77 12.00 11.68 11.11 11.52 11.58 11.40 11.01 11.09 10.91 10.82 10.31 10.73 10.27 10.17 10.20 10.43 10.03 10.48 10.30 10.42 10.50 10.12 10.59 10.83 11.16 11.44 10.82 10.30 10.06 10.53 10.60 10.08 9.90 9.79 9.84 10.20
13.38 13.38 13.53 13.36 13.28 13.33 13.31 13.34 13.30 13.00 12.88 12.51 12.49 12.54 12.40 12.29 12.25 12.20 12.20 11.86 11.66 11.68 11.81 12.05 12.00 12.29 12.11 12.31 12.60 12.88 12.83 12.78 12.66 12.01 11.78 11.41 10.95 10.91 10.40 10.77 11.67 11.70 11.58 11.32 11.36 11.50 11.76 11.27 11.24 11.18 10.46 10.38 10.49 10.75 10.21 10.30 10.50 10.65 10.68 10.49 9.84 10.03 10.18 10.17 10.24 11.02 10.22 10.19 10.46 10.11 10.27 10.36 10.25 10.07 10.15 10.04 10.17
13.03 13.43 13.47 13.53 13.43 13.28 13.28 13.21 13.29 13.22 12.98 12.66 12.52 12.44 12.20 12.02 12.21 11.90 11.88 11.98 11.78 11.86 11.77 11.95 12.08 11.93 12.37 12.34 12.48 12.48 12.50 12.33 12.50 12.22 11.96 11.77 11.63 11.07 10.96 10.78 11.33 11.41 11.70 11.29 10.87 11.25 11.33 11.05 11.12 11.30 10.93 10.91 10.86 11.08 10.83 10.32 10.47 10.41 10.41 10.86 10.36 10.47 10.19 10.77 10.30 10.04 10.20 10.24 10.41 10.99 10.51 10.53 10.54 10.02 10.47 10.20 10.41
13.16 13.33 13.37 13.25 13.22 13.16 13.25 13.23 13.09 12.99 12.97 12.67 12.37 12.36 12.11 11.93 12.04 12.08 11.86 11.81 11.84 11.58 11.46 11.88 11.84 11.93 12.04 11.97 12.23 12.39 12.32 12.23 12.35 12.01 11.89 11.59 11.70 11.53 11.55 11.49 11.61 11.59 11.43 11.11 10.89 11.32 11.26 11.06 11.10 11.34 11.35 11.43 11.05 10.77 10.48 9.96 10.29 10.68 10.42 9.94 10.08 10.35 9.93 10.88 10.89 10.09 9.69 10.47 10.47 10.65 10.55 10.58 10.37 10.51 10.32 10.09 10.06
13.01 13.20 13.08 13.11 13.28 13.25 13.09 13.32 13.22 12.95 13.03 12.65 12.53 12.42 12.18 12.07 11.84 11.89 11.93 11.86 11.66 11.75 11.84 11.88 11.94 11.91 11.78 12.00 12.28 12.05 11.99 12.00 12.09 12.14 12.10 11.84 11.71 11.66 11.70 11.72 11.66 11.51 11.37 11.00 11.10 11.32 11.56 11.17 10.97 10.79 11.12 11.54 10.96 10.74 10.80 10.71 10.62 10.72 10.72 10.46 10.16 10.57 9.89 10.16 10.25 9.93 10.32 10.10 10.32 10.91 11.14 10.61 10.20 10.72 10.62 10.74 10.38
12.81 13.02 13.03 12.94 13.13 12.98 13.29 13.30 13.31 12.94 12.87 12.78 12.34 12.19 12.13 12.08 11.83 11.77 11.84 11.73 11.90 12.04 12.12 12.06 12.15 12.40 12.18 12.02 12.23 12.15 12.25 12.17 12.17 12.00 11.77 11.66 11.92 12.09 12.05 11.84 11.87 11.52 11.36 11.05 10.95 11.31 11.42 11.02 11.10 10.85 11.33 11.03 11.38 11.24 10.91 10.77 10.87 11.11 10.94 10.58 10.66 10.39 10.46 10.28 10.32 10.58 10.48 10.64 10.68 10.89 11.23 11.12 9.64 9.99 10.41 10.50 10.77
12.93 13.01 12.98 13.03 12.87 12.95 13.09 13.34 13.28 13.08 13.06 12.73 12.66 12.41 12.13 11.85 11.76 11.67 11.62 11.58 11.62 11.81 11.73 11.81 12.04 12.22 12.19 11.99 12.16 12.01 12.08 11.99 12.15 12.12 11.73 11.61 12.09 11.99 12.20 12.36 12.33 12.19 11.76 11.42 11.22 11.15 11.41 11.16 10.99 11.01 11.09 10.99 11.03 11.15 11.29 10.90 10.69 10.86 10.83 10.62 10.25 10.33 9.70 9.47 9.95 10.39 10.50 10.15 9.88 10.18 11.03 11.70 10.39 10.39 10.77 10.74 10.65
13.13 13.14 13.06 13.08 12.92 12.92 12.97 13.11 12.99 12.96 12.79 12.89 12.74 12.82 12.24 11.73 11.41 11.15 11.32 11.39 11.69 11.88 11.89 11.87 12.01 12.13 11.82 11.93 11.95 11.99 11.96 12.14 12.05 12.03 11.90 11.76 11.81 12.08 12.23 12.37 12.02 11.91 11.53 11.28 11.23 10.98 10.88 11.06 10.94 11.29 11.08 11.30 11.07 10.75 10.84 10.91 11.14 10.77 10.69 10.59 10.71 10.51 10.36 10.42 10.47 10.10 9.52 9.84 10.43 9.58 9.49 10.79 11.16 11.15 10.91 10.28 10.27
13.19 13.21 13.00 13.11 13.04 12.92 12.84 12.88 12.92 12.77 12.68 12.83 12.78 12.66 12.44 11.87 11.48 11.54 11.45 11.59 11.51 11.54 11.78 12.18 12.31 12.13 12.08 12.16 11.96 11.95 12.09 12.04 11.97 11.98 12.03 11.81 11.48 11.72 11.79 11.93 12.30 12.09 11.92 11.93 11.82 11.27 11.00 11.19 11.34 11.30 11.32 11.08 10.94 10.92 10.74 10.93 10.79 10.79 10.72 10.52 10.58 10.36 10.32 10.06 10.15 10.11 10.65 10.91 11.12 10.50 9.73 9.73 10.77 11.03 10.82 9.96 9.84
13.05 13.21 13.22 13.08 13.14 12.96 12.92 12.83 12.71 12.79 12.76 12.95 12.76 12.75 12.51 11.82 11.48 11.54 11.41 11.33 11.48 11.69 11.68 12.11 11.67 11.87 12.11 12.09 12.01 12.12 12.03 11.97 11.96 11.97 11.81 11.92 11.86 11.72 11.88 11.70 11.73 11.99 12.15 12.18 11.92 11.43 11.44 11.58 11.40 11.39 11.31 11.28 11.15 11.24 11.17 11.16 10.71 10.60 10.65 10.68 10.50 10.20 9.85 9.56 9.69 9.58 10.06 10.62 10.88 10.49 10.45 10.19 10.49 9.79 9.90 9.38 9.81
13.17 13.17 13.27 13.22 13.22 13.09 13.08 12.87 12.76 12.68 12.53 12.63 12.71 12.80 12.69 11.99 11.65 11.45 11.62 11.71 11.55 11.36 11.35 11.31 11.44 11.58 11.58 11.69 11.95 12.37 12.32 12.13 12.13 11.95 11.93 11.97 11.85 11.89 11.84 12.00 12.41 12.29 12.45 12.60 11.97 11.42 11.62 11.36 11.31 11.51 11.23 11.28 11.13 11.31 11.18 11.24 11.10 10.90 10.90 10.78 10.84 10.82 10.61 10.31 9.74 9.33 9.93 10.56 10.94 11.35 10.63 10.69 10.80 10.07 10.50 10.11 10.05
13.18 13.14 13.17 13.25 13.28 13.27 13.21 13.06 12.91 13.02 12.81 12.73 12.53 12.60 12.54 12.51 12.26 12.17 11.97 11.74 11.65 11.47 11.28 11.36 11.46 11.50 11.68 11.64 11.66 11.92 11.95 12.04 11.73 11.97 11.87 11.82 11.75 11.63 11.71 11.56 11.70 11.72 12.06 12.56 12.33 11.90 11.96 11.62 11.69 11.40 11.28 11.17 11.06 11.45 11.35 11.52 10.80 10.61 10.65 10.32 10.44 10.46 10.04 10.21 10.52 10.01 10.11 10.73 11.28 11.55 11.06 10.62 10.48 10.29 10.67 10.27 9.88
13.29 13.22 13.02 13.16 13.29 13.13 13.33 13.20 13.17 12.98 13.06 13.03 12.82 12.89 12.94 12.81 12.68 12.49 12.30 12.04 11.89 11.67 11.44 11.17 11.33 11.47 11.74 11.83 11.83 12.00 11.92 11.80 11.68 11.69 11.77 11.71 11.51 11.55 11.72 11.56 11.62 11.49 11.48 12.24 12.50 12.20 12.23 11.87 11.69 11.83 11.61 11.45 11.19 11.09 11.29 11.31 10.97 11.18 11.32 10.86 10.77 10.77 10.66 10.41 10.41 10.17 10.30 10.79 10.88 10.63 11.41 10.74 11.43 10.54 10.32 10.08 9.58
13.16 13.15 13.23 13.09 13.13 13.20 13.20 13.14 13.10 13.07 13.11 13.13 12.92 12.91 12.74 12.84 12.87 12.67 12.61 12.42 12.22 12.22 11.95 11.51 11.33 11.67 11.81 11.92 11.94 11.95 12.00 12.12 11.83 11.72 11.80 11.64 11.45 11.59 11.54 11.81 11.59 11.66 11.68 11.74 11.73 12.08 12.28 12.20 11.86 11.75 11.70 11.99 11.67 11.66 11.23 11.46 11.28 11.33 11.19 11.41 11.08 10.92 10.69 10.63 10.26 10.41 10.25 11.25 11.03 11.22 10.97 10.95 11.38 10.57 10.39 10.11 9.05
13.16 13.07 13.13 13.15 13.21 13.17 13.29 13.33 13.21 13.25 13.10 13.05 13.00 12.90 12.77 12.74 12.80 12.84 12.57 12.24 12.23 12.14 12.22 12.01 11.76 11.99 11.98 12.10 12.13 11.90 11.91 11.94 11.83 11.76 11.75 11.86 11.90 11.95 11.83 11.81 11.92 11.60 11.66 11.63 11.82 11.92 11.77 11.56 11.55 11.67 11.75 11.94 11.75 11.46 11.38 11.08 11.02 11.10 10.93 10.83 10.91 10.96 10.87 10.68 10.61 10.34 10.70 11.46 11.79 11.15 10.77 10.64 11.24 10.65 10.59 10.92 9.90
13.04 13.20 13.14 13.09 13.14 13.10 13.14 13.14 13.08 12.97 12.81 12.91 13.03 12.92 12.83 12.84 12.74 12.76 12.63 12.34 12.10 12.02 12.10 12.13 12.02 11.97 11.98 11.94 12.06 11.88 11.72 11.70 11.73 11.79 11.81 11.93 11.97 11.94 12.18 12.11 11.92 11.95 11.78 11.82 11.90 12.02 11.89 11.70 11.40 11.53 11.46 11.46 11.83 11.68 11.56 11.05 11.05 11.13 11.16 10.98 10.82 10.95 11.12 10.88 10.84 10.64 10.91 11.53 11.92 11.43 10.77 11.19 11.54 11.45 10.82 10.89 10.49
13.13 12.95 13.07 13.14 12.96 12.86 13.00 13.02 12.93 12.90 12.92 12.86 12.85 12.74 12.67 12.68 12.73 12.75 12.76 12.65 12.46 12.43 12.43 12.48 12.23 11.76 11.71 11.56 11.54 11.61 11.38 11.38 11.40 11.59 11.78 11.99 11.91 11.92 11.91 12.01 11.93 12.04 12.00 11.99 11.99 12.05 12.05 12.05 11.77 11.39 11.52 11.48 11.27 11.19 11.24 11.19 11.00 10.89 11.07 11.13 10.78 10.71 10.76 10.79 10.54 10.49 10.50 10.84 12.19 11.72 11.81 11.61 11.40 10.90 10.44 10.62 10.71
13.23 13.17 13.02 13.14 13.07 13.07 13.09 12.98 12.90 12.81 12.86 12.84 12.87 13.01 12.80 12.86 12.96 12.94 12.81 12.59 12.51 12.56 12.62 12.46 12.19 11.69 11.55 11.46 11.60 11.29 11.40 11.55 11.52 11.39 11.27 11.39 11.61 11.66 11.64 11.76 11.71 11.92 11.92 11.96 12.31 12.16 11.98 12.20 12.01 11.73 11.61 11.73 11.45 11.01 11.08 10.78 10.71 11.03 10.96 10.93 10.79 10.71 10.76 10.80 10.70 10.22 10.40 10.62 11.86 11.59 11.85 11.28 11.31 10.94 10.70 10.83 10.85
13.23 13.24 13.10 13.06 13.12 13.09 12.95 12.93 12.75 12.82 12.86 12.85 12.79 12.91 12.63 12.64 12.95 12.98 12.73 12.74 12.56 12.60 12.51 12.43 12.49 11.97 11.62 11.42 11.45 11.29 11.20 11.30 11.16 11.12 11.08 11.40 11.55 11.57 11.48 11.34 11.53 11.64 11.83 11.84 12.05 12.18 12.20 12.24 12.25 12.29 11.86 11.90 11.69 11.34 11.14 11.00 11.04 11.11 11.21 11.30 10.88 10.79 11.01 10.86 10.76 10.61 10.56 10.56 11.44 11.78 11.84 11.24 11.64 11.37 10.88 10.87 10.56
13.21 13.19 13.12 13.06 13.06 13.02 13.03 12.83 12.89 12.60 12.69 12.68 12.67 12.59 12.56 12.53 12.68 12.81 12.74 12.67 12.40 12.42 12.44 12.28 12.28 11.96 11.67 11.38 10.95 11.03 11.01 10.79 10.73 10.72 10.77 10.97 11.35 11.37 11.40 11.54 11.25 11.38 11.59 11.89 11.65 11.81 12.17 12.06 12.16 12.11 12.04 11.86 11.64 11.49 11.53 11.38 11.28 11.15 11.11 11.26 11.12 11.20 10.88 11.16 11.26 10.87 10.86 10.55 10.52 11.82 11.92 11.83 11.76 11.39 11.93 11.53 10.72
13.13 13.12 13.09 13.08 12.96 12.94 12.93 13.02 12.81 12.70 12.61 12.60 12.64 12.75 12.38 12.41 12.40 12.48 12.56 12.51 12.34 12.23 12.35 12.07 12.06 11.88 11.52 11.23 10.82 10.69 10.69 10.61 10.51 10.58 10.72 10.66 11.00 11.23 11.21 10.99 11.02 11.02 11.34 11.55 11.68 11.76 11.87 12.04 12.01 11.90 11.66 11.84 11.85 11.71 11.72 11.44 11.30 11.31 11.44 11.38 11.28 11.14 11.27 11.07 11.16 11.02 10.99 10.94 10.56 11.24 11.93 12.12 11.86 11.77 11.44 11.55 11.34
13.18 13.08 13.11 13.12 13.08 13.03 12.95 12.99 12.86 12.64 12.71 12.74 12.68 12.79 12.48 12.42 12.42 12.44 12.64 12.57 12.46 12.24 12.34 12.02 12.00 11.73 11.53 11.24 10.80 10.39 10.56 10.58 10.67 10.66 10.70 10.59 10.67 10.81 10.96 10.89 11.00 10.84 10.98 11.18 11.47 11.78 11.89 12.08 12.17 12.26 12.02 11.78 11.90 12.05 11.69 11.61 11.49 11.49 11.50 11.70 11.48 11.62 11.63 11.72 11.63 11.29 11.34 11.55 11.17 11.37 11.76 11.73 12.04 11.39 11.14 11.16 11.42
13.18 13.15 13.13 13.16 13.10 13.08 13.07 13.00 12.92 13.00 12.82 12.81 12.82 12.98 12.70 12.56 12.44 12.38 12.32 12.38 12.67 12.56 12.30 11.79 12.04 11.84 11.60 11.30 11.04 10.55 10.72 10.72 10.81 10.78 10.73 10.61 10.70 10.56 10.62 10.79 10.95 10.78 10.70 10.80 11.23 11.66 11.84 12.00 12.10 12.14 11.83 12.07 11.96 11.96 11.97 12.05 11.56 11.93 11.67 11.84 11.87 11.57 11.64 11.87 11.80 11.88 11.57 11.94 11.83 11.45 11.81 12.18 11.94 11.77 11.44 11.11 11.01
13.14 13.11 13.15 13.20 13.12 13.09 13.11 13.00 13.01 13.00 12.88 12.88 12.93 13.03 12.77 12.68 12.69 12.61 12.46 12.23 12.57 12.60 12.39 12.20 11.93 12.07 11.54 11.39 11.15 10.80 10.88 11.03 11.02 10.89 10.85 10.72 10.58 10.47 10.56 10.49 10.84 10.91 10.78 10.73 10.89 11.18 11.78 12.09 12.07 12.02 11.99 11.94 12.11 12.09 12.13 12.22 11.82 12.04 12.02 12.12 12.35 11.81 12.02 12.07 12.13 12.03 12.45 12.42 12.26 12.24 12.16 12.37 12.37 11.95 11.60 10.89 11.34
13.11 13.06 13.09 13.12 13.11 13.14 13.13 13.09 13.04 12.99 13.00 12.86 12.87 13.06 12.90 12.79 12.76 12.87 12.66 12.47 12.57 12.49 12.48 12.42 12.12 12.40 11.90 11.84 11.40 11.16 10.87 11.03 11.14 11.06 11.08 10.69 10.52 10.54 10.65 10.72 10.85 11.05 10.94 10.83 10.83 11.05 11.45 11.87 11.93 11.85 11.90 11.92 11.75 11.78 12.08 12.49 12.23 12.35 12.26 12.35 12.61 12.53 12.32 12.58 12.40 12.62 12.65 12.71 12.59 12.52 12.34 12.37 12.36 12.36 11.44 11.06 11.02
13.11 13.13 13.15 13.12 13.12 13.15 13.18 13.14 13.06 12.97 12.94 12.86 12.96 13.06 12.89 12.94 12.98 13.03 12.99 12.87 12.77 12.64 12.49 12.62 12.49 12.47 12.16 12.18 12.15 11.54 11.35 11.41 11.23 11.22 11.21 10.94 10.53 10.56 10.74 10.68 10.95 11.09 11.16 11.02 11.10 11.13 11.39 11.72 11.91 11.94 11.67 11.81 11.95 11.70 11.64 11.86 12.17 12.25 12.32 12.52 12.93 12.99 12.67 12.70 12.77 12.83 12.73 12.50 12.28 12.08 12.22 12.40 12.40 12.03 11.52 11.16 11.49
13.13 13.12 13.16 13.15 13.12 13.15 13.15 13.14 13.08 13.03 12.98 12.92 12.96 13.10 12.93 13.02 13.10 13.08 13.07 13.06 12.97 12.75 12.68 12.66 12.58 12.56 12.36 12.25 12.38 12.05 11.51 11.39 11.39 11.51 11.28 11.05 10.76 10.90 10.73 10.78 11.03 11.33 11.09 11.20 11.44 11.29 11.27 11.64 11.86 11.97 11.83 11.77 11.96 11.94 11.75 11.82 11.81 11.90 12.20 12.29 12.71 13.05 13.01 13.06 12.96 12.83 12.57 12.58 12.23 12.09 12.07 12.13 12.05 11.89 11.46 11.29 11.76
13.14 13.14 13.14 13.13 13.12 13.15 13.12 13.08 13.08 13.08 13.06 12.98 13.07 13.11 13.03 13.05 13.07 13.14 13.13 13.01 12.94 12.84 12.74 12.78 12.93 12.63 12.64 12.54 12.48 12.05 11.97 11.68 11.54 11.53 11.31 11.25 11.15 11.18 10.99 10.94 10.98 11.27 11.45 11.24 11.29 11.51 11.73 11.74 11.96 11.98 11.86 11.96 12.07 12.04 11.92 11.85 11.63 11.98 12.16 12.01 12.17 12.52 12.97 12.90 12.92 12.92 12.65 12.36 12.48 12.53 12.39 12.30 12.11 11.92 11.56 11.40 11.73
13.13 13.15 13.13 13.10 13.14 13.15 13.11 13.13 13.10 13.08 13.07 13.08 13.12 13.10 13.06 13.08 13.10 13.11 13.11 13.07 13.01 12.92 12.72 12.83 12.78 12.74 12.54 12.61 12.60 12.40 12.21 11.99 11.73 11.79 11.64 11.38 11.45 11.31 11.25 11.22 11.23 11.25 11.23 11.31 11.40 11.35 11.66 11.79 11.74 11.87 11.95 12.15 12.33 12.40 12.33 12.12 12.12 12.14 12.23 12.29 12.05 12.32 12.54 12.74 12.76 12.88 12.80 12.52 12.63 12.73 12.72 12.35 11.85 11.88 11.80 11.18 11.05
13.07 13.13 13.14 13.07 13.09 13.10 13.11 13.07 13.04 13.02 13.00 13.05 13.08 13.09 13.09 13.07 13.03 13.07 13.03 13.02 13.06 13.03 12.90 12.86 12.72 12.76 12.72 12.66 12.69 12.64 12.63 12.32 12.16 11.78 11.59 11.73 11.66 11.57 11.42 11.32 11.21 11.37 11.64 11.65 11.68 11.80 11.79 11.78 11.73 11.72 12.01 12.48 12.45 12.58 12.53 12.25 12.26 12.23 12.26 12.43 12.29 12.34 12.51 12.62 12.80 12.76 12.46 12.43 12.18 12.34 12.40 11.97 11.21 11.05 11.13 10.93 10.23
13.05 13.09 13.09 13.07 13.05 13.05 13.08 13.06 13.06 12.98 13.01 13.02 13.01 13.06 13.09 13.07 13.04 12.98 13.07 13.02 13.05 13.02 12.97 12.96 12.92 12.92 12.83 12.74 12.86 12.74 12.65 12.60 12.53 12.15 11.85 11.94 11.72 11.69 11.62 11.49 11.40 11.52 11.91 11.91 11.81 12.04 11.73 11.87 11.82 11.81 11.77 12.16 12.55 12.66 12.66 12.62 12.39 12.29 12.33 12.57 12.47 12.34 12.35 12.56 12.65 12.71 12.00 11.86 11.79 11.75 11.32 11.33 10.45 9.65 9.59 9.54 10.04
