BOM_solar_grid_data_201906/2019062120190621.grid
ncols 839
nrows 679
xllcenter 112.0500
yllcenter -43.9500
cellsize 0.0500
nodata_value 99999.90
[rows 68 to 101 of 679, columns 308 to 384 of 839]
19.59 19.59 19.59 19.59 19.59 19.59 19.59 19.59 19.59 99999.90 99999.90 99999.90 99999.90 99999.90 99999.90 99999.90 99999.90 99999.90 99999.90 99999.90 99999.90 99999.90 99999.90 99999.90 99999.90 99999.90 99999.90 99999.90 99999.90 99999.90 99999.90 99999.90 99999.90 99999.90 99999.90 99999.90 19.54 19.72 19.67 19.67 19.67 19.67 19.67 19.67 19.67 19.67 19.67 19.67 19.67 19.68 19.68 19.65 19.61 19.61 19.76 19.76 19.87 19.76 19.62 19.56 19.61 19.70 19.74 19.73 19.74 19.70 19.75 19.73 19.80 19.75 19.64 19.56 19.62 19.68 19.70 19.68 19.70
19.59 19.59 19.59 19.59 19.59 19.59 19.59 19.59 19.59 19.54 99999.90 99999.90 99999.90 99999.90 99999.90 99999.90 99999.90 99999.90 99999.90 99999.90 99999.90 99999.90 99999.90 99999.90 99999.90 99999.90 99999.90 99999.90 99999.90 99999.90 99999.90 99999.90 99999.90 99999.90 99999.90 99999.90 19.54 19.72 19.72 19.72 19.67 19.67 19.67 19.67 19.67 19.67 19.67 19.67 19.67 19.68 19.68 19.65 19.61 19.61 19.69 19.75 19.67 19.84 19.63 19.75 19.73 19.71 19.69 19.70 19.73 19.70 19.69 19.72 19.74 19.72 19.60 19.52 19.59 19.61 19.64 19.69 19.70
19.59 19.59 19.59 19.59 19.59 19.59 19.59 19.59 19.54 19.54 99999.90 99999.90 99999.90 99999.90 99999.90 99999.90 99999.90 99999.90 99999.90 99999.90 99999.90 99999.90 99999.90 99999.90 99999.90 99999.90 99999.90 99999.90 99999.90 99999.90 99999.90 99999.90 99999.90 99999.90 99999.90 19.48 19.54 19.72 19.72 19.72 19.72 19.72 19.72 19.67 19.67 19.67 19.67 19.67 19.67 19.68 19.68 19.65 19.58 19.53 19.74 19.73 19.78 19.83 19.57 19.61 19.64 19.67 19.62 19.65 19.71 19.72 19.60 19.62 19.65 19.61 19.54 19.48 19.54 19.53 19.53 19.56 19.65
19.59 19.59 19.59 19.59 19.59 19.59 19.59 19.54 19.54 19.54 19.48 19.48 99999.90 99999.90 99999.90 99999.90 99999.90 99999.90 99999.90 99999.90 99999.90 99999.90 99999.90 99999.90 99999.90 99999.90 99999.90 99999.90 99999.90 99999.90 99999.90 99999.90 19.47 19.47 19.47 19.47 19.54 19.72 19.72 19.72 19.72 19.72 19.72 19.72 19.72 19.72 19.78 19.78 19.78 19.78 19.73 19.51 19.50 19.60 19.69 19.73 19.73 19.81 19.66 19.65 19.56 19.59 19.64 19.66 19.70 19.60 19.50 19.64 19.68 19.51 19.47 19.48 19.42 19.33 19.35 19.42 19.58
19.59 19.59 19.59 19.59 19.59 19.59 19.54 19.54 19.54 19.48 19.48 19.48 19.47 99999.90 99999.90 99999.90 99999.90 99999.90 99999.90 99999.90 99999.90 99999.90 99999.90 99999.90 99999.90 99999.90 99999.90 99999.90 99999.90 99999.90 99999.90 99999.90 19.47 19.47 19.47 19.47 19.54 19.54 19.54 19.72 19.72 19.72 19.72 19.72 19.72 19.72 19.72 19.76 19.76 19.76 19.76 19.72 19.71 19.70 19.69 19.74 19.73 19.73 19.64 19.69 19.63 19.63 19.64 19.66 19.61 19.55 19.53 19.75 19.64 19.50 19.44 19.37 19.33 19.26 19.35 19.46 19.50
19.59 19.59 19.59 19.59 19.59 19.54 19.54 19.54 19.48 19.48 19.48 19.48 19.48 19.48 19.48 99999.90 99999.90 99999.90 99999.90 99999.90 99999.90 99999.90 99999.90 99999.90 99999.90 99999.90 99999.90 99999.90 99999.90 99999.90 99999.90 19.55 19.47 19.47 19.47 19.47 19.47 19.47 19.54 19.54 19.54 19.54 19.72 19.72 19.72 19.72 19.72 19.72 19.73 19.73 19.72 19.72 19.74 19.74 19.69 19.72 19.70 19.73 19.72 19.72 19.64 19.58 19.59 19.63 19.58 19.57 19.56 19.58 19.58 19.48 19.43 19.38 19.46 19.46 19.47 19.46 19.52
19.59 19.59 19.59 19.59 19.54 19.54 19.54 19.48 19.48 19.48 19.48 19.48 19.48 19.48 19.48 99999.90 99999.90 99999.90 99999.90 99999.90 99999.90 99999.90 99999.90 99999.90 99999.90 99999.90 99999.90 99999.90 99999.90 99999.90 19.52 19.55 19.47 19.47 19.47 19.47 19.47 19.47 19.47 19.54 19.54 19.54 19.54 19.54 19.54 19.71 19.71 19.71 19.68 19.68 19.68 19.69 19.68 19.73 19.72 19.67 19.67 19.73 19.71 19.70 19.61 19.56 19.57 19.63 19.62 19.60 19.54 19.49 19.42 19.42 19.47 19.35 19.35 19.45 19.43 19.48 19.50
19.59 19.59 19.59 19.54 19.54 19.54 19.48 19.48 19.48 19.48 19.48 19.48 19.48 19.48 19.48 19.45 99999.90 99999.90 99999.90 99999.90 99999.90 99999.90 99999.90 99999.90 99999.90 99999.90 99999.90 99999.90 99999.90 99999.90 19.52 19.52 19.47 19.47 19.47 19.47 19.47 19.47 19.47 19.47 19.54 19.54 19.54 19.54 19.54 19.54 19.54 19.71 19.61 19.66 19.66 19.65 19.70 19.67 19.65 19.64 19.62 19.69 19.66 19.67 19.62 19.53 19.44 19.49 19.55 19.60 19.54 19.50 19.48 19.45 19.45 19.33 19.39 19.41 19.37 19.47 19.49
19.59 19.59 19.54 19.54 19.54 19.48 19.48 19.48 19.48 19.48 19.48 19.48 19.48 19.48 19.48 19.45 19.44 99999.90 99999.90 99999.90 99999.90 99999.90 99999.90 99999.90 99999.90 99999.90 99999.90 99999.90 99999.90 19.47 19.52 19.52 19.47 19.47 19.47 19.47 19.47 19.47 19.47 19.47 19.47 19.54 19.54 19.54 19.54 19.54 19.54 19.65 19.65 19.62 19.65 19.66 19.65 19.65 19.65 19.60 19.58 19.50 19.58 19.60 19.58 19.47 19.39 19.40 19.51 19.55 19.54 19.55 19.51 19.59 19.46 19.35 19.40 19.49 19.44 19.26 19.33
19.59 19.54 19.54 19.54 19.48 19.48 19.48 19.48 19.48 19.48 19.48 19.48 19.48 19.48 19.48 19.44 19.44 19.30 99999.90 99999.90 99999.90 99999.90 99999.90 99999.90 99999.90 99999.90 99999.90 99999.90 99999.90 19.47 19.52 19.52 19.52 19.47 19.47 19.47 19.47 19.47 19.47 19.47 19.47 19.47 19.60 19.60 19.60 19.60 19.60 19.55 19.63 19.63 19.59 19.56 19.60 19.61 19.57 19.61 19.52 19.58 19.60 19.66 19.55 19.51 19.43 19.37 19.48 19.56 19.48 19.50 19.50 19.50 19.41 19.41 19.43 19.54 19.48 19.37 19.32
19.54 19.54 19.54 19.48 19.48 19.48 19.48 19.48 19.48 19.48 19.48 19.48 19.48 19.48 19.48 19.44 19.30 19.30 99999.90 99999.90 99999.90 99999.90 99999.90 99999.90 99999.90 99999.90 99999.90 99999.90 99999.90 19.47 19.52 19.52 19.52 19.52 19.52 19.47 19.47 19.47 19.47 19.47 19.47 19.47 19.47 19.48 19.60 19.60 19.60 19.57 19.58 19.55 19.61 19.63 19.60 19.60 19.58 19.58 19.60 19.59 19.57 19.59 19.60 19.51 19.47 19.41 19.42 19.58 19.49 19.57 19.49 19.40 19.44 19.39 19.42 19.48 19.52 19.33 19.41
19.54 19.54 19.48 19.48 19.48 19.48 19.48 19.48 19.48 19.48 19.48 19.48 19.48 19.48 19.44 19.30 19.30 19.30 19.23 99999.90 99999.90 99999.90 99999.90 99999.90 99999.90 99999.90 99999.90 99999.90 99999.90 19.47 19.52 19.52 19.52 19.52 19.52 19.52 19.47 19.47 19.47 19.47 19.47 19.47 19.47 19.39 19.48 19.41 19.41 19.47 19.48 19.52 19.56 19.53 19.55 19.58 19.57 19.56 19.56 19.60 19.54 19.56 19.57 19.55 19.47 19.51 19.42 19.55 19.55 19.51 19.45 19.47 19.30 19.29 19.26 19.36 19.48 19.43 19.33
19.51 19.48 19.48 19.48 19.47 19.48 19.48 19.48 19.48 19.48 19.48 19.48 19.44 19.44 19.30 19.30 19.30 19.30 19.23 19.27 99999.90 99999.90 99999.90 99999.90 99999.90 99999.90 99999.90 99999.90 99999.90 19.47 19.52 19.52 19.52 19.52 19.52 19.52 19.52 19.55 19.47 19.47 19.47 19.47 19.47 19.39 19.48 19.48 19.42 19.37 19.38 19.46 19.49 19.51 19.49 19.54 19.55 19.53 19.54 19.54 19.53 19.51 19.48 19.50 19.46 19.42 19.43 19.48 19.52 19.44 19.47 19.50 19.38 19.32 19.31 19.37 19.46 19.43 19.27
19.43 19.48 19.48 19.47 19.48 19.48 19.48 19.48 19.48 19.48 19.48 19.44 19.44 19.30 19.30 19.30 19.30 19.30 19.06 19.06 19.06 19.06 99999.90 99999.90 99999.90 99999.90 99999.90 99999.90 99999.90 19.47 19.47 19.47 19.52 19.52 19.52 19.52 19.52 19.52 19.55 19.55 19.47 19.47 19.47 19.39 19.40 19.46 19.44 19.38 19.35 19.39 19.34 19.33 19.37 19.48 19.49 19.50 19.50 19.53 19.46 19.48 19.39 19.33 19.36 19.35 19.38 19.35 19.42 19.45 19.49 19.48 19.35 19.35 19.35 19.34 19.35 19.43 19.37
19.50 19.52 19.47 19.47 19.48 19.48 19.48 19.48 19.48 19.45 19.44 19.44 19.30 19.30 19.30 19.30 19.30 19.06 19.06 19.06 19.06 19.06 19.26 99999.90 99999.90 99999.90 99999.90 99999.90 99999.90 19.47 19.47 19.47 19.47 19.47 19.52 19.52 19.52 19.52 19.52 19.55 19.55 19.60 19.60 19.54 19.52 19.47 19.48 19.41 19.42 19.41 19.31 19.23 19.37 19.40 19.36 19.41 19.42 19.43 19.43 19.48 19.35 19.32 19.33 19.38 19.35 19.33 19.38 19.36 19.44 19.44 19.39 19.33 19.37 19.29 19.27 19.36 19.36
19.42 19.47 19.52 19.49 19.48 19.48 19.48 19.45 19.45 19.44 19.44 19.30 19.30 19.30 19.30 19.30 19.06 19.06 19.06 19.06 19.06 19.26 19.26 19.16 99999.90 99999.90 99999.90 99999.90 99999.90 19.47 19.47 19.47 19.47 19.47 19.47 19.47 19.52 19.52 19.52 19.52 19.55 19.55 19.56 19.52 19.47 19.45 19.43 19.43 19.45 19.43 19.40 19.34 19.38 19.39 19.35 19.31 19.34 19.35 19.41 19.29 19.30 19.27 19.33 19.37 19.39 19.41 19.36 19.38 19.43 19.46 19.41 19.40 19.41 19.32 19.25 19.31 19.32
19.48 19.49 19.50 19.48 19.37 19.37 19.45 19.45 19.44 19.44 19.30 19.30 19.30 19.30 19.30 19.06 19.06 19.06 19.06 19.06 19.26 19.26 19.16 19.16 19.17 99999.90 99999.90 99999.90 99999.90 19.47 19.47 19.47 19.47 19.47 19.47 19.47 19.47 19.47 19.52 19.52 19.52 19.53 19.53 19.51 19.47 19.46 19.41 19.49 19.45 19.36 19.44 19.44 19.35 19.35 19.33 19.26 19.20 19.23 19.32 19.30 19.25 19.23 19.29 19.37 19.38 19.40 19.38 19.38 19.44 19.46 19.43 19.39 19.41 19.31 19.21 19.25 19.21
19.47 19.46 19.50 19.47 19.46 19.45 19.45 19.44 19.44 19.30 19.30 19.30 19.30 19.30 19.06 19.06 19.06 19.06 19.06 19.26 19.17 19.17 18.99 19.15 19.15 19.15 19.15 19.15 19.15 19.47 19.47 19.47 19.47 19.47 19.47 19.47 19.47 19.47 19.47 19.49 19.49 19.49 19.47 19.49 19.43 19.41 19.44 19.46 19.44 19.38 19.43 19.40 19.37 19.39 19.33 19.28 19.19 19.14 19.17 19.30 19.33 19.33 19.26 19.35 19.33 19.35 19.31 19.38 19.41 19.41 19.48 19.39 19.43 19.25 19.13 19.12 19.12
19.48 19.46 19.44 19.45 19.44 19.46 19.44 19.44 19.30 19.30 19.30 19.30 19.23 19.06 19.06 19.06 19.06 19.06 19.26 19.26 19.17 19.17 18.99 19.15 19.15 19.15 19.15 19.15 18.98 19.47 19.47 19.47 19.47 19.47 19.47 19.47 19.47 19.47 19.47 19.47 19.46 19.46 19.41 19.46 19.35 19.40 19.45 19.46 19.48 19.43 19.45 19.42 19.42 19.39 19.30 19.31 19.27 19.22 19.23 19.29 19.24 19.35 19.29 19.30 19.28 19.26 19.21 19.25 19.35 19.34 19.42 19.43 19.29 19.18 19.11 19.22 19.12
19.47 19.44 19.41 19.40 19.41 19.35 19.41 19.30 19.30 19.30 19.23 19.23 19.06 19.06 19.06 19.06 19.06 19.26 19.26 19.17 19.17 19.17 18.99 19.15 19.15 19.15 19.15 19.15 18.98 18.98 19.46 19.46 19.46 19.46 19.46 19.46 19.46 19.46 19.46 19.46 19.43 19.39 19.41 19.42 19.42 19.32 19.42 19.44 19.45 19.42 19.39 19.38 19.35 19.34 19.30 19.31 19.28 19.28 19.29 19.37 19.36 19.26 19.25 19.30 19.21 19.29 19.37 19.15 19.21 19.21 19.24 19.28 19.26 19.24 19.17 19.25 19.17
19.42 19.42 19.41 19.36 19.36 19.37 19.36 19.36 19.36 19.23 19.23 19.27 19.06 19.06 19.06 19.06 19.26 19.26 19.16 19.17 19.17 19.17 18.99 19.15 19.15 19.15 19.15 19.15 18.98 18.98 18.98 19.46 19.46 19.46 19.46 19.46 19.46 19.46 19.46 19.46 19.44 19.42 19.35 19.33 19.40 19.31 19.38 19.39 19.44 19.42 19.39 19.36 19.28 19.30 19.30 19.32 19.29 19.27 19.26 19.30 19.33 19.27 19.26 19.21 19.19 19.24 19.34 19.23 19.21 19.17 19.18 19.22 19.22 19.26 19.21 19.21 19.12
19.40 19.36 19.28 19.34 19.26 19.37 19.33 19.34 19.23 19.23 19.27 19.06 19.06 19.06 19.06 19.26 19.26 19.16 19.16 19.17 19.17 19.17 18.99 19.15 19.15 19.15 19.15 18.98 18.98 18.98 18.32 18.83 19.46 19.46 19.46 19.46 19.46 19.46 19.46 19.44 19.44 19.44 19.27 18.85 19.05 19.22 19.38 19.12 19.44 19.35 19.32 19.26 19.25 19.18 19.18 19.27 19.21 19.22 19.32 19.24 19.20 19.15 19.17 19.20 19.22 19.26 19.32 19.36 19.20 19.15 19.15 19.20 19.25 19.28 19.26 19.23 19.16
19.33 19.32 19.33 19.31 19.21 19.25 19.33 19.20 19.21 19.27 19.27 19.06 19.06 19.06 19.26 19.26 19.16 19.16 19.17 19.17 19.17 19.17 18.99 19.15 19.15 19.15 19.15 18.98 18.98 18.98 18.32 18.83 18.83 19.46 19.46 19.46 19.46 19.46 19.44 19.44 19.44 19.44 19.27 18.78 18.91 18.86 19.38 18.92 19.24 19.34 19.29 19.31 19.26 19.22 19.24 19.17 19.12 19.18 19.28 19.33 19.31 19.26 19.19 19.20 19.10 19.12 19.23 19.33 19.30 19.19 19.14 19.26 19.26 19.25 19.16 19.18 19.15
19.33 19.35 19.27 19.31 19.25 19.28 19.24 19.34 19.27 19.28 19.26 19.06 19.06 19.26 19.26 19.16 19.16 19.17 19.17 19.17 19.17 19.17 18.99 19.15 19.15 19.15 19.15 18.98 18.98 18.98 18.32 18.83 18.83 18.83 19.05 19.46 19.46 19.44 19.44 19.44 19.44 19.44 18.78 18.78 18.91 18.86 19.10 19.10 19.31 19.34 19.27 19.30 19.18 19.03 19.13 19.11 19.11 19.25 19.31 19.29 19.32 19.18 19.20 19.17 19.03 19.07 19.13 19.25 19.32 19.28 19.17 19.23 19.27 19.22 19.15 19.18 19.13
19.25 19.30 19.30 19.28 19.25 19.25 19.30 19.29 19.23 19.34 19.28 19.24 19.26 19.26 19.16 19.16 19.17 19.17 19.17 19.17 19.17 19.17 18.99 19.15 19.15 19.15 18.98 18.98 18.98 18.98 18.32 18.83 18.83 18.83 19.05 19.05 19.05 19.44 19.44 19.44 19.26 19.26 19.26 19.26 19.18 19.18 19.32 19.30 19.31 19.27 19.23 19.22 19.26 19.14 19.18 19.11 19.03 19.18 19.15 19.19 19.25 19.16 19.37 19.01 19.06 19.10 19.08 19.20 19.30 19.18 19.08 19.14 19.16 19.20 19.14 19.13 19.13
19.24 19.24 19.23 19.17 19.18 19.20 19.23 19.20 19.23 19.29 19.25 18.98 19.22 19.16 19.16 19.17 19.17 19.17 19.17 19.17 19.17 19.17 18.99 19.15 19.15 19.15 18.98 18.98 18.98 18.21 18.32 18.83 18.83 18.83 19.05 19.05 19.05 18.82 18.82 19.26 19.26 19.26 19.26 19.26 19.35 19.10 19.30 19.23 19.15 19.12 19.12 19.18 19.16 19.23 19.29 19.13 19.08 19.04 19.14 19.22 19.11 19.33 19.33 19.01 19.05 19.07 19.07 19.08 19.13 19.11 19.03 18.99 18.95 19.08 19.27 19.12 19.16
19.28 19.23 19.18 19.14 19.13 19.15 19.20 19.19 19.17 19.28 19.24 19.20 19.15 19.18 19.17 19.17 19.17 19.17 19.24 19.17 19.17 19.17 18.99 19.15 19.15 17.71 18.98 18.98 18.98 18.21 18.32 18.83 18.83 18.83 19.05 19.05 19.05 18.82 18.82 18.82 19.26 19.26 19.26 19.35 19.35 18.98 19.09 19.00 19.12 18.93 19.07 19.18 19.18 19.24 19.25 19.05 19.12 19.08 19.08 19.05 19.16 19.36 19.19 19.07 19.02 19.02 19.03 19.01 19.15 19.05 18.97 18.89 18.93 18.99 19.13 19.22 19.15
19.27 19.24 19.25 19.15 19.20 19.17 19.16 19.18 19.08 19.16 19.25 19.25 19.18 19.15 18.99 18.99 18.99 18.99 19.24 19.24 19.17 19.17 18.99 19.15 19.15 17.71 18.98 18.98 18.81 18.21 18.32 18.83 18.83 18.83 19.05 19.05 19.05 18.82 18.82 18.82 19.02 19.02 19.35 19.35 18.98 18.98 19.09 19.02 19.12 18.93 19.07 19.26 19.28 19.21 19.12 19.16 19.14 19.24 19.03 18.98 18.99 19.04 19.11 19.14 19.09 18.98 18.95 18.91 18.86 18.76 18.77 18.83 18.94 18.96 18.96 19.14 19.00
19.25 19.22 19.20 19.20 19.16 19.15 19.15 19.21 19.21 19.18 19.15 19.22 19.25 19.19 18.99 18.99 18.99 18.93 19.24 19.24 19.24 19.10 18.43 18.40 17.81 17.71 18.98 18.98 18.81 18.21 18.32 18.83 18.83 18.83 19.05 19.05 19.05 18.82 18.82 19.11 19.02 19.02 19.09 19.09 19.09 18.99 18.87 19.02 19.14 19.14 19.21 19.23 19.24 19.23 19.11 19.15 19.05 19.06 19.00 19.01 18.99 19.11 19.10 19.11 19.05 18.86 18.88 18.86 18.88 18.89 18.90 18.85 18.95 18.93 18.98 19.00 19.05
19.23 19.20 19.20 19.22 19.19 19.15 19.13 19.10 19.17 19.19 19.13 19.17 19.18 19.11 19.11 19.11 18.93 18.93 18.93 19.15 19.15 19.24 19.07 18.62 18.34 17.85 18.01 17.24 18.81 18.21 18.32 18.83 18.83 18.58 19.05 19.05 19.05 18.82 18.82 19.11 19.02 19.02 19.09 19.09 19.09 18.99 18.87 18.59 18.99 19.20 19.23 19.23 19.20 19.19 19.11 19.13 19.06 19.09 19.06 19.10 19.13 19.08 19.06 19.03 19.10 19.01 18.94 18.99 18.97 19.03 18.91 18.96 18.93 19.00 18.95 18.99 19.09
19.19 19.22 19.16 19.12 19.14 19.15 19.07 19.12 19.14 19.14 19.17 19.08 19.04 19.11 19.11 18.93 18.93 18.93 18.93 19.23 19.09 19.25 19.19 19.11 19.10 19.10 19.01 17.55 17.27 16.46 17.42 18.24 18.58 18.58 18.63 18.84 18.84 18.65 18.73 19.11 19.02 19.02 19.02 18.87 18.87 18.87 18.93 18.88 18.99 19.20 19.20 19.18 19.07 19.03 19.07 19.03 19.09 19.06 19.01 19.03 19.08 19.07 19.03 19.02 19.06 18.97 19.00 18.98 19.01 19.01 19.03 19.02 19.05 19.06 18.97 18.97 19.01
19.12 19.15 19.16 19.13 19.13 19.14 19.13 19.16 19.13 19.14 19.12 19.07 19.09 19.09 19.09 19.13 19.01 19.01 19.01 19.23 19.24 19.24 19.18 19.08 19.09 19.08 19.11 18.97 18.74 18.02 18.20 18.14 18.27 18.61 18.63 18.63 18.86 18.84 18.86 19.02 18.79 18.79 18.77 18.34 18.34 18.62 19.02 19.01 19.17 19.09 19.11 19.11 19.01 19.12 19.06 19.06 19.06 19.05 19.00 19.03 19.05 19.00 19.01 18.97 18.90 18.88 18.89 18.92 18.96 19.00 19.07 19.07 19.02 19.02 19.01 19.00 19.00
19.10 19.09 19.09 19.12 19.11 19.10 19.08 19.15 19.27 19.15 19.08 19.01 19.04 19.04 19.04 19.13 19.13 19.20 19.21 19.23 19.23 19.18 19.18 19.08 19.11 19.08 19.08 19.02 18.87 18.67 18.01 18.26 18.44 18.50 18.71 18.71 18.86 18.62 18.99 18.80 18.58 18.77 18.77 18.73 18.73 18.84 18.99 19.06 19.10 19.02 19.07 19.08 19.09 19.11 19.09 19.04 18.99 18.95 19.01 19.03 19.05 19.02 18.96 18.99 18.87 18.94 18.91 18.88 18.92 18.97 19.07 19.24 19.10 18.98 19.00 18.95 19.01
19.08 19.08 19.05 19.08 19.07 19.09 19.09 19.05 19.22 19.11 19.03 19.04 18.76 18.76 18.85 19.08 19.08 19.11 19.18 19.16 19.15 19.08 19.06 19.07 19.04 19.10 19.08 19.00 18.85 18.69 18.59 18.60 18.09 18.06 18.37 18.37 19.01 19.01 18.91 18.79 18.57 18.60 18.26 18.26 18.73 18.85 18.95 18.95 19.02 19.02 18.92 19.02 19.01 19.00 19.00 18.95 18.96 18.91 18.99 18.97 19.00 18.99 18.89 18.93 18.94 18.90 18.92 18.93 18.99 19.06 19.05 19.19 19.17 18.81 18.81 18.92 18.99
