BOM_solar_grid_data_201906/2019061820190618.grid
ncols 839
nrows 679
xllcenter 112.0500
yllcenter -43.9500
cellsize 0.0500
nodata_value 99999.90
[rows 510 to 543 of 679, columns 539 to 615 of 839]
9.35 9.68 9.68 9.79 9.79 9.92 9.65 9.65 9.20 8.91 9.94 8.90 9.21 9.47 9.27 9.73 9.79 9.58 10.22 9.78 10.23 10.06 9.54 9.24 9.45 9.26 8.77 7.85 8.05 8.87 7.91 8.43 8.71 8.64 8.94 9.41 9.44 9.64 9.34 9.34 9.35 9.18 9.94 9.95 8.98 9.27 9.67 9.59 9.57 9.74 9.75 9.79 9.36 8.94 9.21 9.53 9.43 9.18 9.46 9.16 9.34 9.10 9.02 8.78 9.39 9.31 9.32 10.10 9.97 9.85 9.99 9.50 9.79 9.93 9.38 9.94 10.11
9.35 9.35 9.49 9.69 9.92 9.92 9.65 9.65 8.68 9.18 8.77 8.89 9.08 8.77 9.13 8.68 8.72 9.49 9.15 9.34 8.80 9.02 9.46 9.53 9.42 8.35 7.09 7.06 7.86 8.93 8.22 9.10 9.40 9.50 9.05 9.10 9.53 9.75 9.82 9.37 9.12 9.30 9.29 8.92 9.28 9.92 9.46 9.77 9.12 8.58 9.23 8.82 9.22 9.28 9.47 9.17 9.36 9.43 9.67 8.68 8.77 9.17 8.24 8.93 8.99 9.11 9.35 9.53 8.91 9.02 10.05 10.01 9.75 9.84 9.59 9.96 9.56
9.35 9.35 9.49 9.80 9.81 9.81 7.53 7.53 8.50 7.55 8.24 9.00 9.47 9.67 9.66 9.17 9.23 9.27 9.86 9.45 8.66 9.00 8.68 9.02 8.26 8.13 8.69 9.00 8.60 8.37 8.56 9.13 9.42 8.73 8.73 8.75 8.80 9.35 9.56 9.52 9.30 9.57 9.80 9.87 9.94 9.45 9.57 9.43 9.42 9.61 9.20 9.61 9.34 9.74 9.40 9.04 9.64 9.18 9.05 9.40 9.40 9.23 9.78 9.45 9.25 9.09 9.55 9.64 9.55 9.83 9.46 9.51 9.32 9.94 9.91 9.52 9.69
9.35 9.35 9.80 9.80 9.81 9.81 9.02 9.02 9.21 8.85 9.10 8.67 9.30 9.27 8.30 8.56 9.23 9.88 9.91 9.87 9.82 8.77 8.51 9.18 9.80 9.57 9.46 9.31 9.21 7.97 8.18 8.77 8.75 8.78 9.18 9.45 9.43 8.86 9.58 8.71 8.62 9.35 9.27 9.07 9.06 9.49 9.96 9.62 9.26 9.47 9.81 9.29 9.55 9.60 8.29 9.25 9.40 9.82 9.69 9.43 9.70 9.52 9.38 9.88 10.05 9.98 9.02 9.59 9.68 8.89 8.31 9.24 9.72 9.93 9.39 7.97 8.14
9.35 9.80 9.80 9.80 9.81 9.62 9.62 8.82 8.55 8.02 8.27 8.26 9.46 9.15 9.09 9.60 9.57 9.10 9.11 8.11 7.66 8.09 9.37 10.05 9.85 9.65 9.42 8.87 8.90 9.20 8.45 9.52 9.61 8.82 9.51 9.33 9.46 9.62 9.79 9.51 9.37 9.63 8.76 9.01 9.91 9.36 9.03 9.47 9.66 9.66 9.55 9.55 9.65 9.39 9.83 9.64 9.41 9.30 9.51 9.89 9.84 9.95 9.98 10.17 9.68 9.35 10.05 9.60 8.92 9.28 9.80 9.83 8.80 9.23 9.06 8.34 9.28
9.35 9.80 9.80 9.80 9.62 9.62 9.62 8.63 8.61 8.79 9.52 9.40 9.30 8.68 9.32 9.84 10.02 9.69 8.98 8.79 8.88 8.51 9.20 9.86 9.79 9.49 8.95 9.34 9.31 8.97 9.52 9.39 9.31 9.33 9.57 9.83 9.82 9.65 9.76 9.89 9.42 9.09 9.48 9.67 9.51 9.66 9.47 9.23 9.57 9.22 9.49 9.57 9.12 8.69 9.87 9.93 10.01 10.12 10.02 9.76 9.92 9.81 9.30 9.98 10.14 9.77 9.33 9.93 9.78 9.48 9.21 9.89 9.28 9.45 9.43 9.35 9.07
9.80 9.80 9.80 9.62 9.62 9.62 8.63 8.63 8.61 8.79 9.05 9.81 9.50 9.54 9.58 9.65 9.61 9.43 8.83 8.91 8.10 7.47 7.64 8.33 9.05 9.73 9.61 9.32 9.33 9.16 9.82 9.73 9.56 9.24 9.36 9.62 9.18 9.59 10.00 9.89 9.19 9.73 9.47 9.18 9.41 9.09 9.31 8.90 9.00 9.81 9.67 9.37 8.84 9.38 9.30 9.13 9.63 9.77 10.06 9.86 9.96 9.77 9.87 9.88 9.71 10.12 9.41 8.59 10.01 10.11 9.81 9.43 9.99 9.85 9.15 8.67 9.02
9.80 9.80 9.62 9.62 9.62 8.63 8.63 8.63 8.79 8.79 8.67 9.34 9.55 9.57 9.22 9.33 9.60 9.79 9.16 9.00 8.13 7.43 8.58 7.82 7.63 8.82 8.97 8.59 8.68 8.26 8.56 9.30 8.88 9.23 9.80 9.93 9.71 10.01 9.67 10.08 9.98 9.64 9.61 9.90 8.97 9.61 9.62 9.42 9.72 10.01 9.72 9.34 9.30 9.45 9.46 9.53 9.97 10.01 9.55 9.33 9.41 9.34 9.62 9.90 9.86 9.73 9.59 9.30 9.53 9.95 9.74 8.55 8.83 8.94 9.60 9.64 9.33
9.80 9.80 9.62 9.62 8.63 8.63 8.63 8.79 8.79 8.67 8.67 8.85 9.61 9.77 9.39 8.88 8.57 9.25 9.62 8.97 9.71 8.82 9.20 9.28 8.46 8.41 8.85 8.73 8.79 8.81 8.79 8.60 9.12 9.59 9.36 9.08 9.86 9.51 9.43 9.97 10.06 9.68 9.66 9.68 9.46 9.47 9.71 8.93 9.60 9.84 9.55 9.26 9.34 9.84 9.36 9.20 9.08 9.57 9.78 9.83 8.58 9.17 9.48 9.25 9.06 9.82 9.27 9.15 8.63 8.86 8.78 9.71 9.13 9.76 9.53 9.30 8.46
9.80 9.62 9.62 8.63 8.63 8.63 8.63 8.79 8.67 8.67 8.85 8.85 9.94 10.02 9.79 9.81 8.29 8.01 10.03 10.03 9.94 9.42 9.38 8.37 8.68 9.56 9.76 9.23 9.09 9.28 9.40 9.73 10.06 9.95 8.29 9.27 8.98 9.59 9.88 10.01 10.01 9.79 9.97 9.76 9.45 9.41 8.97 8.35 9.96 9.98 9.62 9.63 9.66 9.77 9.92 9.70 9.58 9.57 9.78 8.99 8.73 9.55 8.72 9.03 9.63 9.83 9.10 9.42 8.66 8.58 8.96 9.56 9.24 8.85 8.72 9.23 8.70
9.62 9.62 8.63 8.63 8.63 8.63 8.79 8.67 8.67 8.85 8.85 9.94 9.94 9.96 9.30 9.09 9.45 9.09 9.81 9.99 9.98 9.93 9.81 9.85 9.63 9.12 8.90 9.22 9.62 9.81 9.28 9.86 9.73 9.79 9.63 9.94 9.81 9.25 9.45 9.83 9.56 9.73 9.75 10.00 9.68 9.65 9.83 9.14 9.12 9.84 9.78 9.99 10.02 9.91 9.97 9.95 9.56 9.58 9.58 8.99 9.07 8.37 9.19 9.73 9.91 9.36 9.58 9.87 9.18 8.21 8.85 8.82 9.37 9.27 9.48 9.69 8.75
9.62 8.63 8.63 8.63 8.63 8.63 8.67 8.67 8.85 8.85 9.94 9.48 9.48 9.48 9.42 9.61 8.22 8.40 9.39 8.84 9.84 9.71 9.88 9.48 8.73 8.62 8.39 8.61 8.71 9.04 9.11 9.20 9.31 9.90 9.87 9.96 9.95 9.24 9.23 9.19 9.17 8.70 9.67 9.83 9.70 9.92 9.19 8.92 9.54 9.94 9.73 9.60 9.80 9.99 9.76 9.64 9.50 9.68 9.68 9.34 9.34 9.53 9.62 9.15 9.64 8.99 8.94 9.63 9.24 8.65 8.68 9.32 8.37 8.21 9.53 9.01 9.41
8.63 8.63 8.63 8.63 8.63 8.67 8.67 8.85 8.85 9.48 9.48 9.48 9.48 9.48 9.75 9.75 8.15 6.74 7.89 8.98 9.77 9.93 9.94 9.60 9.40 9.48 9.47 8.99 8.89 9.03 9.76 9.91 9.40 9.76 9.81 9.96 9.95 8.97 9.45 9.92 9.35 9.09 9.01 9.90 9.85 9.12 9.25 9.70 9.75 8.58 9.73 9.93 9.86 9.64 9.47 9.95 9.61 9.42 9.62 9.62 8.85 9.02 9.53 9.71 9.95 9.65 8.78 8.22 9.49 9.23 8.54 9.14 9.28 9.86 9.88 9.61 9.71
8.63 8.63 8.63 8.63 8.67 8.67 8.85 9.48 9.48 9.48 9.48 9.48 9.08 9.08 9.08 9.05 8.54 8.39 8.37 9.41 9.15 8.81 9.01 9.38 9.49 9.65 9.82 9.70 9.69 9.09 9.40 9.21 9.03 9.32 9.56 9.84 9.94 9.50 9.94 9.94 9.29 8.50 9.16 9.07 9.49 8.98 9.31 9.32 9.10 9.50 9.33 9.93 9.92 9.91 9.79 9.59 9.10 9.26 9.60 9.12 8.55 8.15 9.10 9.60 9.72 8.49 9.63 9.05 9.36 9.06 9.23 9.29 9.37 9.65 8.69 8.55 9.07
8.63 8.63 8.63 8.63 8.67 8.85 9.48 9.48 9.48 9.48 9.62 9.62 9.62 9.62 9.62 9.42 8.92 8.55 7.75 7.98 8.92 9.26 8.70 9.13 8.85 8.55 9.41 9.62 9.56 9.62 9.06 8.92 9.08 9.60 9.56 9.89 9.47 9.92 9.92 9.93 8.91 8.77 8.95 9.41 9.70 9.39 9.44 9.30 9.90 9.59 9.84 9.76 9.67 9.61 9.48 8.77 8.75 9.52 9.04 9.10 7.98 8.69 8.38 9.10 8.39 9.10 8.54 9.00 8.87 9.87 9.70 8.38 8.80 9.17 9.56 9.84 9.19
8.63 8.63 8.63 8.67 9.48 9.48 9.48 9.62 9.62 9.62 9.62 9.62 9.62 9.62 9.62 9.12 8.23 8.06 9.28 9.27 8.85 8.99 9.63 9.60 9.08 8.92 8.82 9.60 9.04 9.46 9.69 9.55 9.48 9.30 9.89 9.89 9.71 9.86 9.88 9.89 9.56 9.41 9.27 9.10 9.43 9.86 9.69 9.15 9.62 9.70 9.87 9.81 9.76 9.34 9.48 9.09 9.43 9.69 9.14 9.09 8.90 9.08 9.25 9.22 9.23 8.93 9.52 8.91 8.85 9.00 8.46 8.90 7.99 7.57 8.82 9.46 9.30
8.79 8.67 8.67 9.48 9.62 9.62 9.62 9.62 9.62 9.62 9.62 9.62 9.62 8.81 8.81 8.81 9.31 9.29 8.62 8.44 9.01 8.91 8.97 8.76 9.10 9.00 9.12 9.27 9.53 9.49 9.54 9.47 9.52 9.23 9.25 9.19 9.62 9.81 9.88 9.87 9.85 9.56 9.52 9.22 9.53 9.42 9.35 9.57 9.68 9.80 9.64 9.73 9.10 8.86 8.56 8.04 8.59 9.22 9.39 9.33 9.47 8.95 9.52 8.97 8.09 9.13 8.78 8.69 8.07 8.91 8.77 8.98 8.76 9.31 8.39 8.48 8.93
8.67 8.67 8.85 9.48 9.62 9.62 9.62 9.62 9.62 9.62 9.62 8.16 8.16 8.16 8.16 8.16 9.39 9.67 9.12 9.29 9.36 9.79 9.60 8.78 9.37 9.12 8.81 8.67 9.51 9.51 9.54 8.66 8.71 9.17 9.11 8.30 8.69 9.20 9.18 9.86 9.84 9.76 9.76 9.35 9.16 9.36 9.70 9.44 9.68 9.38 9.45 9.09 9.25 9.48 8.70 8.70 8.55 8.55 8.51 8.92 8.45 8.38 8.17 8.27 7.62 9.35 9.26 9.46 9.34 9.34 9.30 9.47 8.96 8.83 9.11 8.81 9.10
99999.90 8.85 8.85 9.48 9.62 9.62 9.62 9.62 8.16 8.16 8.16 8.16 8.16 8.16 8.16 8.16 8.97 9.64 9.60 9.02 9.42 9.78 9.78 9.79 8.88 9.40 9.10 8.64 8.36 9.35 9.42 9.09 9.58 9.68 9.60 8.25 8.65 8.65 8.84 9.08 8.63 8.30 8.19 8.35 9.04 9.61 9.41 9.66 9.40 9.47 9.46 8.97 8.85 9.53 8.64 8.11 8.64 9.24 9.42 8.51 8.30 8.93 8.70 9.19 8.98 8.70 8.91 9.46 9.25 7.70 9.17 9.42 8.70 9.72 9.16 9.28 9.47
99999.90 99999.90 9.94 9.48 9.62 8.16 8.16 8.16 8.16 8.16 8.16 8.16 8.16 8.16 8.16 8.97 8.97 9.55 9.40 8.27 9.25 9.66 9.36 9.63 9.09 9.39 8.94 9.11 9.68 9.25 9.30 9.43 9.43 9.66 9.55 8.58 9.40 9.03 9.38 9.39 8.28 8.56 9.38 8.97 8.66 9.62 9.69 9.68 9.11 8.94 8.25 8.81 9.15 8.87 8.46 8.27 8.54 9.12 9.45 8.47 8.32 8.38 8.45 8.74 8.10 8.24 9.29 9.64 9.52 9.33 9.16 8.14 9.13 9.47 9.45 8.97 9.39
99999.90 99999.90 99999.90 9.48 9.62 8.16 8.16 8.16 8.16 8.16 8.16 8.16 8.16 8.16 8.97 9.33 9.33 9.33 9.48 8.85 9.55 9.51 9.48 9.66 9.66 9.43 9.23 9.57 9.75 9.74 9.63 9.30 9.36 9.71 9.00 8.89 9.03 8.58 8.85 8.63 8.47 8.25 8.84 9.22 9.38 9.08 9.45 9.69 9.30 9.25 8.14 9.15 8.82 9.56 9.46 9.25 8.89 8.36 9.07 9.03 8.97 9.03 8.26 8.65 9.00 8.38 8.73 8.79 8.91 9.21 7.80 9.18 8.01 7.70 8.39 8.65 9.03
99999.90 99999.90 99999.90 9.48 9.62 8.16 8.16 8.16 8.16 8.16 8.16 8.16 8.16 9.23 9.23 9.23 9.23 9.23 9.40 8.88 9.37 9.25 8.19 8.76 9.48 9.09 7.92 7.80 9.20 9.49 9.48 9.38 9.34 9.59 9.31 8.72 9.72 9.70 9.45 8.25 8.05 8.20 8.53 9.01 9.69 9.69 9.56 9.37 9.21 9.15 8.49 9.27 9.32 9.53 9.45 9.40 8.76 8.77 9.31 9.07 9.26 9.00 7.73 7.90 8.00 8.03 8.01 7.48 8.47 7.23 7.76 8.91 8.81 8.16 8.29 9.46 9.35
99999.90 99999.90 99999.90 99999.90 9.62 8.16 8.16 8.16 8.16 8.16 8.16 9.23 9.23 9.23 9.23 9.23 9.23 9.23 8.58 8.97 8.67 8.40 9.13 8.70 8.49 8.33 8.43 7.95 7.93 8.83 8.60 9.08 9.01 9.26 9.56 9.66 9.67 9.62 9.53 9.00 9.03 8.92 7.89 8.86 9.55 9.41 8.72 8.31 8.96 8.50 8.95 9.04 9.67 9.50 9.34 9.14 9.13 8.94 8.86 8.44 9.27 8.86 7.62 8.20 8.28 8.21 8.36 7.40 8.04 7.77 8.14 8.85 9.24 9.31 8.98 8.91 9.17
99999.90 99999.90 99999.90 99999.90 9.62 8.34 8.34 8.34 8.34 8.34 8.34 9.23 9.23 9.23 9.23 9.23 9.04 9.04 9.04 9.31 8.85 7.79 8.38 8.66 8.62 8.77 9.18 9.55 9.05 8.20 8.45 8.79 8.86 7.96 8.54 8.84 8.88 9.13 9.22 9.66 9.67 9.46 9.42 9.54 9.68 9.50 8.46 9.18 7.75 7.13 7.03 7.70 8.37 8.52 7.50 8.41 8.80 8.31 8.49 8.78 7.50 7.82 8.17 8.47 9.21 9.19 9.20 7.46 7.68 8.28 8.56 9.13 9.42 9.32 8.67 8.49 8.91
99999.90 99999.90 99999.90 99999.90 9.62 8.34 8.34 8.34 8.34 8.34 8.34 8.34 8.34 8.34 8.83 8.83 8.83 8.83 8.83 8.22 8.34 8.33 9.03 9.61 9.59 9.40 8.68 9.58 9.57 9.00 8.97 9.00 7.79 7.32 7.00 7.63 7.99 7.63 8.08 9.29 9.49 9.57 9.17 9.31 9.64 9.04 9.25 9.32 8.10 7.02 6.83 7.43 9.12 8.71 7.52 7.52 7.12 8.46 8.05 7.51 8.88 9.02 9.07 9.12 9.16 8.66 7.97 8.84 8.24 8.45 8.51 8.49 9.58 9.36 9.07 9.06 8.70
99999.90 99999.90 99999.90 99999.90 99999.90 8.34 8.34 8.34 8.34 8.34 8.34 8.34 8.34 8.34 8.34 9.16 8.54 8.54 8.54 8.69 8.99 9.10 9.25 9.56 9.05 8.81 8.03 8.32 8.73 7.51 8.83 8.87 7.91 7.60 8.16 7.92 7.31 8.35 8.12 8.71 9.08 9.11 9.40 9.32 8.56 8.26 7.84 8.47 9.38 7.90 8.17 8.45 9.29 9.46 8.90 8.50 8.41 8.30 7.26 8.79 9.32 8.81 8.69 9.38 9.34 9.03 8.83 8.60 8.32 8.48 8.14 8.34 9.38 9.26 9.48 8.72 8.57
99999.90 99999.90 99999.90 99999.90 99999.90 8.34 8.34 8.34 8.34 8.34 8.34 8.34 8.34 8.34 8.34 8.34 9.16 9.39 9.39 9.40 9.47 8.93 8.48 9.06 8.17 8.14 9.01 9.01 8.65 8.68 9.42 9.60 9.18 9.13 8.57 7.37 7.41 8.03 8.83 8.29 8.62 9.11 8.64 9.17 9.10 8.49 8.42 8.76 9.38 9.28 8.74 9.13 9.33 9.27 8.96 9.38 9.26 7.89 8.49 9.53 8.99 8.66 8.70 8.72 8.80 7.96 8.15 7.52 7.71 8.26 8.63 7.67 7.92 8.97 9.34 8.62 8.73
99999.90 99999.90 99999.90 99999.90 99999.90 8.34 8.34 8.34 8.34 8.34 8.34 8.34 8.34 8.34 8.34 8.34 9.16 9.16 9.31 9.19 8.64 8.08 7.99 8.91 8.06 8.49 9.23 9.36 9.17 9.05 9.14 9.51 9.46 9.51 9.13 8.70 8.98 8.63 8.93 9.13 8.91 8.47 8.31 9.08 9.09 8.73 8.86 8.87 8.98 8.79 9.43 9.40 9.56 9.22 8.78 9.27 7.96 8.52 9.02 8.49 8.02 8.46 8.74 9.25 8.03 7.64 7.83 6.19 7.32 8.00 8.19 8.86 7.78 9.16 9.30 9.21 8.78
99999.90 99999.90 99999.90 99999.90 99999.90 8.34 8.34 8.34 8.34 8.34 8.34 8.34 8.34 8.34 8.34 8.34 8.66 9.51 9.18 9.43 8.69 7.36 7.13 7.24 7.83 9.02 8.69 9.07 8.83 9.22 9.57 9.53 9.39 9.50 9.58 9.56 9.14 8.75 9.03 9.09 8.59 8.74 9.26 9.40 9.12 8.15 8.65 8.51 6.71 7.27 7.99 8.92 8.69 9.09 8.88 7.77 8.09 7.80 8.66 8.25 7.06 8.48 8.87 8.58 7.79 8.97 8.88 8.24 6.64 7.35 7.31 8.35 7.50 7.94 8.61 8.65 8.83
99999.90 99999.90 99999.90 99999.90 99999.90 8.67 8.67 8.67 8.67 8.67 8.67 8.67 8.67 8.67 8.67 8.67 8.41 9.53 9.39 9.54 9.22 9.50 8.58 6.92 8.57 9.45 8.81 7.83 7.14 7.49 8.95 9.46 9.55 9.43 9.54 9.50 9.34 9.17 8.49 9.02 9.10 8.58 8.33 8.89 7.97 8.36 8.79 8.45 7.89 7.54 8.56 9.21 9.11 9.05 7.71 8.20 8.16 8.27 8.75 8.37 8.16 8.41 7.19 7.60 7.77 8.60 7.94 7.46 7.03 7.33 7.77 6.98 7.17 6.53 8.90 8.66 9.14
99999.90 99999.90 99999.90 99999.90 99999.90 9.02 9.02 9.02 9.02 9.02 9.02 9.02 9.02 9.02 9.02 9.02 9.37 9.27 9.19 9.49 8.26 8.46 7.64 7.18 8.16 9.09 9.15 9.15 8.36 8.20 8.47 8.67 8.76 8.75 9.27 8.92 8.74 8.87 9.03 8.95 8.24 8.12 8.44 7.78 7.96 7.97 7.87 8.41 7.66 8.30 8.98 9.01 9.04 7.62 7.43 8.70 9.00 9.01 8.71 8.74 8.58 7.75 6.46 7.48 8.18 7.45 7.66 8.06 6.48 6.36 6.68 7.37 6.60 6.00 8.29 9.16 8.62
99999.90 99999.90 99999.90 99999.90 99999.90 9.02 9.02 9.02 9.02 9.02 9.02 9.02 9.02 9.02 9.02 9.02 8.97 7.73 7.27 9.27 9.25 8.37 8.08 7.80 7.47 8.77 8.64 9.15 8.96 8.27 8.43 7.74 7.96 8.00 8.52 8.98 9.10 8.54 7.18 7.41 7.05 6.78 7.90 8.23 8.52 9.29 9.06 8.89 9.09 8.66 8.05 8.63 8.44 7.57 7.98 8.43 8.18 8.92 9.47 8.94 8.81 7.78 6.63 7.51 6.93 7.29 7.88 8.12 6.80 6.41 6.04 7.89 6.78 5.61 5.66 8.64 7.97
99999.90 99999.90 99999.90 99999.90 99999.90 9.02 9.02 9.02 9.02 9.02 9.02 9.02 9.02 9.02 7.93 7.93 7.93 8.43 8.79 8.45 9.25 9.50 9.50 8.37 7.82 8.07 8.82 9.28 9.11 9.14 9.49 8.84 8.55 8.37 8.82 9.30 9.07 8.50 8.18 8.24 8.45 8.61 8.54 8.26 8.20 9.03 9.19 8.87 7.91 8.76 8.54 8.58 8.67 7.96 8.30 9.03 8.55 9.00 8.88 8.64 7.92 5.35 6.46 6.62 7.13 7.12 6.91 6.66 6.73 5.91 5.65 7.07 7.86 5.65 5.99 6.98 7.98
99999.90 99999.90 99999.90 99999.90 99999.90 9.02 9.02 9.02 9.02 9.02 9.02 9.02 7.65 7.65 7.65 7.65 7.65 8.17 8.21 7.81 7.84 9.21 9.16 9.16 8.68 9.21 9.30 9.13 9.35 9.20 9.43 8.94 8.44 8.82 8.93 8.97 8.59 9.08 8.75 8.15 8.92 9.29 8.34 7.35 7.56 7.52 9.11 8.73 9.21 8.66 7.42 7.53 8.10 8.76 8.17 8.44 9.26 9.28 8.95 9.12 9.09 7.06 6.00 6.51 7.57 6.27 6.92 6.04 5.11 5.29 5.77 7.00 7.93 6.05 6.37 7.17 8.49
