BOM_solar_grid_data_201906/2019061920190619.grid
ncols 839
nrows 679
xllcenter 112.0500
yllcenter -43.9500
cellsize 0.0500
nodata_value 99999.90
[rows 306 to 339 of 679, columns 231 to 307 of 839]
14.80 14.65 14.41 14.57 14.47 14.77 14.57 14.30 14.55 14.08 14.21 14.16 13.93 14.36 14.58 14.43 14.72 14.73 14.73 14.12 14.20 14.43 13.80 13.97 14.05 14.18 13.64 14.23 14.34 14.22 14.42 14.43 14.34 14.37 14.38 14.01 13.35 13.03 13.28 13.79 13.46 12.53 12.96 12.93 12.57 12.91 12.70 12.77 13.76 14.27 13.76 13.44 13.58 12.87 14.13 14.30 13.87 13.89 13.70 13.83 13.50 14.15 14.02 13.43 13.14 14.09 14.71 14.69 14.63 13.79 13.92 14.29 14.42 14.75 14.74 14.52 14.37
14.65 14.50 14.56 14.39 14.71 14.77 14.43 14.54 14.33 14.48 14.19 14.53 14.43 14.15 14.22 14.28 14.21 14.15 14.13 14.05 13.92 14.32 14.04 13.91 14.32 14.21 13.77 14.18 14.32 14.31 14.28 14.00 14.09 13.42 14.20 13.62 13.67 13.86 13.66 13.19 12.85 12.47 12.23 12.97 12.02 12.06 12.80 13.27 13.69 14.00 13.70 12.90 13.16 13.40 13.73 14.28 13.96 13.75 13.05 13.43 13.75 13.92 13.98 13.59 13.02 13.86 14.35 14.66 14.30 14.14 13.58 13.50 13.80 14.44 14.50 14.48 14.36
14.70 14.72 14.74 14.72 14.81 14.73 14.67 14.72 14.58 14.67 14.72 14.28 14.31 14.44 14.44 14.63 14.50 14.62 14.61 14.50 14.37 14.46 13.64 13.76 14.51 14.44 14.22 14.45 14.36 14.12 13.97 13.93 14.04 14.12 14.07 13.57 13.85 14.49 13.48 13.84 13.48 12.71 13.14 13.56 13.65 13.50 13.40 13.90 14.18 14.31 13.89 13.30 13.72 14.16 14.45 14.44 14.14 14.06 14.12 13.97 13.99 14.19 14.39 14.27 13.81 13.68 13.92 14.53 14.57 14.39 13.64 13.45 14.14 14.15 14.26 14.47 14.36
14.41 14.50 14.68 14.54 14.67 14.70 14.66 14.59 14.54 14.26 14.32 13.93 13.82 13.88 14.26 14.38 13.91 14.00 14.16 14.00 13.99 13.96 13.78 13.86 14.17 14.28 13.94 14.13 14.18 13.69 13.12 13.83 13.19 13.90 13.79 13.21 13.92 14.17 13.51 13.27 13.12 13.73 13.93 14.11 13.98 14.03 14.37 14.21 14.30 14.13 14.52 14.07 14.30 14.32 14.34 14.09 14.13 14.15 14.60 14.14 14.08 14.36 14.72 14.70 14.67 14.71 14.61 14.58 14.49 14.68 14.65 14.11 14.03 14.05 14.19 14.50 14.45
14.66 14.72 14.74 14.70 14.61 14.39 14.56 14.64 14.53 14.60 14.51 14.48 14.35 14.31 14.52 14.27 13.96 14.33 14.07 13.62 13.88 13.95 14.43 14.49 14.60 14.36 13.81 13.88 13.80 13.46 13.50 13.67 14.03 13.84 14.07 13.58 13.52 14.09 13.70 13.91 14.05 13.91 13.98 14.41 14.17 14.19 14.46 14.34 14.59 14.29 14.45 14.36 14.32 14.66 13.88 14.09 14.60 14.71 14.81 14.37 14.15 14.24 14.54 14.63 14.69 14.73 14.70 14.71 14.38 14.43 14.38 14.18 14.04 14.12 14.14 14.24 14.25
14.56 14.33 14.63 14.38 14.44 14.52 14.49 14.46 14.25 14.28 14.41 14.36 14.17 14.21 14.06 14.16 14.15 13.93 14.36 14.22 14.36 14.24 14.10 13.54 14.50 14.36 13.76 14.12 13.90 13.80 14.05 13.81 13.93 14.20 14.17 13.60 13.28 13.76 13.53 13.91 13.96 14.27 14.40 14.05 14.21 14.00 14.05 14.21 14.60 14.51 14.40 14.34 14.01 14.22 14.04 14.34 14.48 14.43 14.43 14.39 14.35 14.42 14.56 14.67 14.71 14.71 14.71 14.51 14.27 14.15 14.16 14.11 13.92 13.72 13.65 13.68 13.69
14.64 14.70 14.59 14.58 14.42 14.37 14.30 14.22 14.01 14.42 14.45 14.38 14.30 14.46 14.20 13.61 13.51 13.97 13.78 13.79 14.40 14.21 13.97 13.59 13.71 14.29 13.43 13.68 13.78 13.89 13.68 13.87 14.06 14.34 14.43 14.32 13.73 14.18 14.00 13.37 13.75 13.85 14.11 14.15 14.16 14.14 14.30 14.19 14.40 14.55 14.62 14.65 14.57 14.57 14.48 14.45 14.32 14.50 14.65 14.45 14.38 14.32 14.27 14.59 14.64 14.60 14.49 13.98 14.05 14.10 13.84 13.78 13.46 13.51 13.50 13.51 14.18
14.49 14.64 14.59 14.63 14.54 14.37 14.25 14.25 14.15 14.26 14.34 14.15 14.02 14.23 14.37 14.13 14.03 14.26 14.23 13.95 13.85 14.25 14.31 13.98 14.19 14.17 13.52 13.30 14.29 14.14 13.99 14.04 14.23 13.95 14.12 13.24 14.06 14.28 13.90 13.87 13.95 14.15 14.61 14.48 14.52 14.29 14.32 14.60 14.62 14.59 14.57 14.55 14.57 14.48 14.50 14.44 14.59 14.45 14.39 14.44 14.33 14.21 14.17 14.31 14.36 14.00 13.94 13.71 13.68 13.47 13.41 13.31 13.49 13.71 13.54 13.98 14.07
14.56 14.60 14.53 14.48 14.57 14.48 14.34 14.35 14.31 14.23 14.21 14.22 14.43 14.26 14.06 13.73 13.89 13.97 14.27 13.99 13.50 13.97 14.27 14.14 14.05 14.15 14.13 14.19 14.35 14.17 13.91 13.86 14.06 13.98 13.91 13.44 14.04 14.01 13.90 14.29 14.48 14.51 14.55 14.56 14.56 14.37 14.48 14.61 14.57 14.35 14.18 14.06 14.15 14.33 14.51 14.47 14.32 14.43 14.53 14.41 14.12 14.09 14.17 14.01 14.06 14.13 14.05 14.00 13.68 13.55 13.57 13.28 12.59 13.50 14.18 14.06 14.39
14.56 14.57 14.53 14.47 14.42 14.31 14.40 14.19 14.30 14.27 14.24 14.16 14.05 13.71 14.28 14.13 14.09 14.13 13.91 13.87 14.07 13.91 13.90 14.15 14.27 14.25 14.20 14.22 14.30 14.32 13.74 13.71 14.04 14.37 14.33 14.19 14.20 14.42 14.28 14.38 14.52 14.56 14.40 14.38 14.62 14.62 14.58 14.55 14.40 14.05 13.96 14.29 14.25 14.50 14.56 14.52 14.42 14.55 14.35 14.15 14.21 14.02 13.92 13.83 13.71 14.17 14.14 13.94 14.14 13.89 13.78 13.54 13.92 13.86 13.77 13.82 14.15
14.35 14.41 14.39 14.38 14.45 14.55 14.45 14.13 14.32 14.00 14.12 14.14 14.23 14.30 14.40 14.29 14.33 14.46 14.32 14.19 14.51 14.49 14.32 14.23 14.37 14.34 14.18 14.12 14.17 14.09 14.19 13.89 14.39 14.47 14.47 14.37 14.16 14.35 14.42 14.21 14.39 14.38 14.47 14.42 14.33 14.45 14.48 14.57 14.52 14.35 13.89 14.19 14.33 14.41 14.44 14.04 14.20 14.35 14.51 14.08 13.95 14.14 13.93 13.99 14.03 14.01 13.84 13.50 13.90 13.51 13.79 13.79 13.65 13.62 13.68 13.90 13.76
14.27 14.33 14.18 14.30 14.40 14.42 14.36 14.26 14.46 14.32 14.22 14.23 14.08 14.22 14.07 14.13 14.21 14.16 14.14 14.32 14.34 14.38 14.38 14.23 14.32 14.12 14.26 14.12 14.34 14.30 14.03 13.97 14.36 14.43 14.39 14.22 14.21 14.24 14.22 14.48 14.48 14.51 14.51 14.31 14.35 14.35 14.39 14.42 14.48 14.55 14.55 14.41 14.30 14.56 14.49 14.47 14.13 14.32 14.54 14.25 13.94 13.75 13.66 13.95 13.98 13.64 13.28 13.21 13.38 13.50 13.62 13.87 13.53 13.11 13.16 13.54 14.18
14.29 14.32 14.24 14.23 14.24 14.26 14.09 14.01 14.33 14.26 14.19 14.23 14.16 14.27 14.15 14.05 14.09 13.83 13.88 14.19 14.12 14.15 14.12 13.96 14.10 14.17 14.26 14.48 14.54 14.32 14.31 14.19 14.40 14.31 14.32 14.32 14.54 14.40 14.48 14.53 14.51 14.51 14.37 14.32 14.35 14.50 14.47 14.39 14.39 14.31 14.45 14.45 14.40 14.41 14.40 14.50 14.56 14.47 14.33 13.96 13.83 13.55 13.83 13.66 13.40 13.39 13.52 13.57 12.96 12.43 12.36 12.39 12.63 13.22 13.44 13.61 13.72
14.46 14.33 14.41 14.34 14.23 14.28 14.30 14.24 14.12 14.06 14.00 14.18 14.22 14.39 14.37 14.26 14.13 14.14 13.94 14.05 14.12 14.31 14.07 14.11 14.14 14.06 14.08 14.16 14.28 14.30 14.56 14.36 14.37 14.19 14.30 14.38 14.24 14.41 14.48 14.28 14.42 14.17 14.39 14.48 14.42 14.11 14.17 14.21 14.16 14.05 14.31 14.32 14.18 14.27 14.04 14.21 14.36 14.32 13.89 13.85 13.74 13.73 13.71 13.39 13.27 13.08 13.03 13.31 12.80 12.08 11.49 11.84 12.54 12.71 13.44 13.49 13.29
14.29 14.26 14.44 14.42 14.31 14.29 14.44 14.34 14.39 14.23 14.25 14.14 14.11 14.25 14.17 14.11 14.26 14.24 14.13 14.25 14.10 14.28 14.21 14.24 14.28 13.83 13.92 14.18 14.08 14.19 14.30 14.41 14.32 14.43 14.51 14.36 14.38 14.31 14.25 14.22 14.09 14.45 14.40 14.46 14.41 14.30 14.17 14.18 14.11 14.06 14.30 14.42 14.18 13.97 13.56 13.87 13.69 13.97 13.93 14.00 13.77 13.58 13.45 13.23 13.07 12.55 12.96 12.30 11.30 11.71 12.72 13.22 13.54 12.77 13.39 13.65 13.52
14.02 14.01 14.05 14.12 14.12 14.24 14.27 14.34 14.21 14.25 14.28 14.29 14.35 14.26 14.37 14.24 14.12 14.27 14.23 14.16 14.16 14.23 14.15 13.99 14.25 14.18 14.26 14.29 14.30 14.09 14.29 14.31 14.38 14.33 14.49 14.26 14.40 14.37 14.16 14.04 14.15 14.18 14.18 14.17 13.94 13.89 13.94 14.08 14.26 14.02 13.99 14.04 14.08 13.54 13.28 13.72 13.45 13.78 14.02 13.97 13.62 13.64 13.47 13.68 13.49 12.95 12.39 12.22 12.95 13.29 13.22 13.47 13.48 13.57 13.88 13.66 13.67
14.25 14.19 14.15 14.22 14.26 14.07 13.96 14.15 13.84 14.09 14.20 14.36 14.19 14.18 14.24 14.19 14.20 14.26 14.28 14.11 14.06 14.23 14.18 14.02 14.36 14.26 14.16 14.39 14.13 14.19 14.16 14.33 14.23 14.34 14.32 14.17 14.33 14.31 14.07 14.26 14.35 14.26 14.09 14.23 14.14 13.87 13.70 13.84 13.99 14.06 13.71 13.75 13.62 14.02 13.65 13.96 14.04 14.01 13.42 13.42 13.11 12.78 12.83 13.27 12.72 11.54 12.75 12.86 13.09 13.03 13.21 13.71 13.85 14.03 13.97 13.73 13.99
14.24 14.19 14.09 14.20 14.09 14.16 14.18 14.25 14.23 14.30 14.04 14.07 14.25 14.35 14.30 14.24 14.19 13.88 14.03 14.10 14.16 14.27 14.44 14.08 14.39 14.35 14.17 14.28 13.85 14.28 14.22 14.25 14.27 14.21 14.26 14.23 14.20 14.39 14.07 14.22 14.27 14.33 14.12 14.21 13.85 13.90 13.94 13.88 13.94 13.76 13.89 13.50 13.64 13.88 13.38 13.74 13.37 13.14 12.22 12.40 12.29 12.28 11.88 12.37 11.77 12.11 13.35 13.18 13.79 13.51 13.65 14.01 14.12 14.04 13.66 14.01 14.04
14.34 14.31 14.33 14.32 14.15 14.13 14.17 14.12 13.97 14.12 14.12 14.15 14.14 14.12 14.02 14.04 14.32 14.29 14.03 13.82 14.19 14.22 14.32 14.43 14.38 14.23 14.34 14.09 14.07 14.01 14.10 13.87 13.80 14.03 14.02 14.19 14.38 14.23 14.19 13.91 14.08 14.10 14.06 13.93 13.53 13.94 14.08 14.19 13.75 13.60 13.94 13.78 13.65 13.41 13.40 13.62 13.25 13.27 12.71 12.70 12.82 11.66 12.38 11.98 12.97 12.61 12.84 13.52 13.89 13.43 14.10 14.08 14.01 13.79 14.03 14.16 13.90
14.35 14.33 14.39 14.39 14.34 14.27 14.25 14.32 14.18 14.12 13.97 14.16 14.31 14.15 14.13 14.09 14.07 14.01 13.92 14.23 14.07 14.08 14.04 14.11 14.07 14.07 14.03 14.12 14.12 14.11 14.05 14.11 14.22 14.19 13.90 13.94 14.03 13.93 14.17 14.18 14.14 14.05 14.23 13.72 13.58 13.74 14.20 14.11 13.55 13.15 13.36 13.49 13.24 12.86 12.19 12.37 12.30 12.93 12.93 12.52 12.34 12.64 13.00 13.16 13.71 13.37 13.37 14.03 14.18 13.63 13.88 13.57 13.93 14.19 13.99 14.13 14.30
14.34 14.37 14.36 14.36 14.36 14.35 14.37 14.36 14.34 14.15 14.21 14.10 14.07 13.79 13.95 14.10 14.31 14.27 14.16 13.78 13.82 14.08 14.18 13.97 13.89 14.05 14.09 13.93 14.18 14.17 14.38 14.18 14.22 14.26 14.12 13.98 13.79 14.01 13.90 13.76 13.94 13.82 13.74 13.96 13.93 13.83 13.41 13.02 12.99 13.04 12.65 12.41 12.09 11.97 12.34 12.44 12.54 11.86 11.85 12.49 12.95 13.06 13.27 13.23 13.39 13.65 13.75 13.91 13.96 13.77 13.89 13.85 13.99 14.04 14.04 14.13 14.12
14.30 14.33 14.30 14.29 14.32 14.32 14.31 14.27 14.22 14.26 14.25 14.23 14.31 14.36 14.11 13.85 13.95 14.18 14.07 14.10 14.16 13.78 14.06 14.24 14.11 14.13 14.07 14.09 14.13 14.10 14.15 14.19 14.23 13.99 13.95 13.88 13.96 14.19 14.04 13.42 13.45 13.51 13.58 13.45 13.29 13.00 12.97 12.42 12.23 12.03 12.28 11.66 11.96 11.89 12.61 12.14 12.58 12.57 13.21 12.96 13.32 13.65 13.19 13.51 13.32 13.94 13.89 13.99 13.94 13.81 14.19 14.09 14.10 14.05 13.98 14.31 14.23
14.25 14.26 14.24 14.27 14.23 14.16 14.12 14.02 14.09 14.21 14.26 14.21 14.11 13.78 13.95 14.28 14.11 14.03 14.23 14.12 13.97 14.04 14.02 14.13 14.20 14.22 14.13 14.06 14.22 14.19 14.13 14.08 14.18 14.12 14.02 14.06 13.86 13.72 13.80 13.60 13.81 13.81 13.57 13.22 13.38 13.12 12.59 13.01 12.10 12.33 12.39 12.24 11.93 12.18 12.74 12.51 13.08 12.82 13.31 13.50 13.72 13.75 13.60 13.79 13.73 14.00 13.49 13.58 13.69 14.04 14.06 13.98 14.20 14.07 14.14 14.12 14.11
14.22 14.22 14.24 14.26 14.25 14.21 14.13 14.12 14.19 14.24 14.14 14.22 14.33 14.31 14.14 14.05 14.29 14.28 14.22 14.27 14.25 14.06 13.60 13.82 13.92 14.08 14.25 14.08 14.17 14.22 13.94 14.06 14.11 14.06 14.01 13.86 13.72 13.72 13.70 13.48 13.81 13.59 13.63 13.63 13.48 12.92 12.62 12.89 12.45 12.97 12.74 12.51 12.93 13.44 13.45 13.72 13.52 13.40 13.53 13.67 14.08 13.77 13.92 13.74 13.69 13.89 13.65 13.98 14.16 14.25 14.31 14.16 14.30 14.09 14.18 14.30 14.24
14.25 14.27 14.26 14.26 14.27 14.26 14.27 14.24 14.29 14.31 14.25 14.32 14.26 14.27 14.26 14.06 14.08 13.68 13.79 13.94 14.15 14.13 14.25 14.06 14.05 13.93 14.01 13.63 13.67 13.82 13.87 13.64 13.60 13.71 13.80 13.78 13.74 13.43 13.53 13.63 13.66 13.80 13.83 13.69 13.24 13.36 13.04 12.49 12.45 13.21 13.12 12.78 12.73 13.30 13.75 13.99 13.93 13.27 13.50 13.63 13.68 13.50 13.29 13.28 13.80 13.69 13.98 13.89 14.02 14.07 14.14 14.20 14.16 14.20 14.02 13.90 13.99
14.30 14.25 14.24 14.25 14.22 14.26 14.26 14.29 14.27 14.28 14.30 14.22 14.23 14.11 13.82 14.05 14.02 14.20 13.85 13.71 13.82 14.08 13.95 13.88 13.87 13.79 14.00 14.14 13.95 13.98 13.70 13.83 13.58 13.68 13.69 13.42 13.69 13.67 13.44 13.53 13.25 13.42 13.43 13.29 12.80 12.70 13.12 13.34 13.17 13.26 13.36 13.36 12.95 13.66 13.75 13.83 13.87 13.39 13.13 13.50 13.22 13.26 13.60 13.83 14.07 14.02 13.92 13.99 14.21 14.10 14.10 13.93 13.95 13.82 13.99 14.15 14.25
14.25 14.24 14.23 14.23 14.27 14.26 14.27 14.27 14.27 14.26 14.16 14.11 14.18 14.17 14.19 13.88 13.92 13.66 13.67 14.05 14.07 14.08 14.20 14.18 14.25 14.12 13.94 13.88 13.75 13.75 13.72 13.70 13.67 13.62 13.55 13.64 13.80 13.54 13.37 13.65 13.29 12.82 13.02 13.00 13.21 12.98 13.66 13.75 14.08 13.54 13.70 13.84 13.78 13.59 13.51 13.37 13.63 13.77 13.86 13.85 13.92 13.82 14.04 13.85 13.91 13.99 14.23 13.97 13.69 13.93 13.85 14.07 13.91 13.94 14.04 14.20 14.22
14.24 14.26 14.29 14.27 14.26 14.26 14.26 14.27 14.25 14.25 14.24 14.07 14.00 13.93 13.99 14.03 14.03 13.80 13.67 13.85 13.99 13.90 13.90 13.81 14.00 13.95 14.10 14.04 14.03 13.82 14.04 13.78 13.71 14.13 13.78 13.83 13.40 13.52 13.66 13.50 13.47 13.59 13.35 13.39 13.69 13.82 13.83 13.82 13.83 13.41 13.27 13.76 13.42 13.36 13.71 13.96 13.63 13.49 13.93 13.92 13.98 13.93 13.90 14.03 14.00 13.94 13.92 13.90 13.88 14.18 14.12 14.10 14.09 14.16 14.20 14.14 14.13
14.14 14.15 14.20 14.21 14.21 14.21 14.23 14.18 14.16 14.14 14.11 14.16 14.22 14.08 14.09 13.91 13.75 13.96 13.91 13.96 14.07 14.06 14.05 13.84 13.83 13.80 13.76 14.02 13.98 13.95 13.96 13.70 13.79 13.75 13.59 14.01 13.67 13.76 13.72 13.61 13.73 13.80 13.93 13.83 13.78 13.67 13.71 13.97 13.56 13.64 13.61 13.53 13.32 13.36 13.79 13.79 13.81 13.88 13.84 13.77 13.85 13.88 14.06 14.07 14.00 13.97 13.85 13.89 13.99 13.97 13.93 14.08 14.18 14.17 14.13 14.17 14.18
14.06 14.07 14.09 14.13 14.16 14.08 14.10 14.10 14.10 14.03 14.15 14.17 14.07 14.06 14.05 14.05 13.97 14.00 13.77 13.97 14.00 13.90 13.92 13.50 13.59 13.65 13.93 13.86 13.95 13.69 13.79 13.76 13.69 13.39 13.72 13.71 13.67 13.60 13.88 13.90 13.73 13.75 13.81 13.40 13.66 13.43 13.65 13.21 13.08 13.15 13.15 13.19 13.32 13.70 13.90 13.71 13.46 13.56 13.77 13.29 13.73 13.61 13.50 13.77 13.71 14.10 14.19 14.11 14.09 14.20 14.24 14.21 14.21 14.21 14.15 14.13 14.19
14.06 14.08 14.07 14.09 14.16 14.06 14.00 13.98 13.98 13.84 14.05 14.09 14.13 14.10 14.14 14.09 14.04 13.99 14.02 13.82 13.89 13.89 13.88 13.95 13.41 13.43 13.87 13.85 13.51 13.89 13.99 14.04 13.81 13.67 13.53 13.42 13.68 13.87 13.86 13.80 13.92 13.67 13.51 13.39 13.68 13.29 13.20 12.80 12.82 12.90 13.36 13.55 13.47 13.93 13.80 13.94 13.85 13.90 14.02 14.00 14.06 13.66 13.98 13.88 13.92 14.00 14.14 14.07 14.11 14.19 14.22 14.19 14.18 14.16 14.10 14.17 14.17
14.13 14.13 14.12 14.12 14.10 14.12 14.14 14.12 14.11 14.11 14.13 14.13 13.95 14.08 14.14 14.09 14.07 14.08 14.09 14.06 13.96 13.72 13.66 13.71 13.86 13.84 13.99 13.89 13.76 13.76 13.86 14.03 14.04 13.96 14.01 13.96 13.84 13.88 13.46 13.75 13.70 13.60 13.68 13.54 13.61 13.35 13.49 13.34 13.28 13.31 13.58 13.67 13.62 13.99 14.16 14.04 13.88 14.09 14.00 14.09 14.15 14.19 14.18 14.20 14.18 14.16 14.18 14.15 14.16 14.18 14.12 14.15 14.08 13.99 14.09 14.14 14.14
14.10 14.11 14.11 14.11 14.11 14.12 14.09 14.10 14.10 14.12 14.11 14.10 14.09 14.11 14.07 14.04 14.11 14.07 14.06 13.99 14.08 14.06 13.91 13.96 14.08 14.00 13.76 13.76 13.97 13.79 13.82 13.92 13.83 13.61 13.71 13.54 13.62 13.57 13.65 13.53 13.67 13.67 13.87 13.82 13.38 13.43 13.39 13.76 13.96 13.84 13.85 13.99 14.08 14.09 14.09 13.97 14.06 14.16 14.11 14.15 14.18 14.16 14.17 14.16 14.15 14.14 14.16 14.17 14.15 14.09 13.87 14.10 14.09 13.98 14.12 14.11 14.12
14.07 14.09 14.09 14.09 14.08 14.09 14.09 14.08 14.07 14.08 14.10 14.07 14.07 14.09 14.05 14.02 14.06 14.07 14.03 13.99 13.88 13.95 14.00 13.98 14.04 14.07 14.05 14.02 13.92 14.06 14.02 13.84 13.67 13.76 13.78 13.75 13.73 13.73 13.58 13.80 13.87 13.88 13.77 13.57 13.21 13.84 13.67 13.90 14.01 13.87 14.00 14.01 14.05 14.03 14.04 14.10 14.09 14.10 14.09 14.09 14.11 14.06 14.16 14.15 14.12 14.10 14.11 14.11 14.13 14.13 14.12 14.12 14.01 14.09 14.09 14.11 14.11
